Date,County,State,Vehicle Primary Use,Battery Electric Vehicles (BEVs),Plug-In Hybrid Electric Vehicles (PHEVs),Electric Vehicle (EV) Total,Non-Electric Vehicle Total,Total Vehicles,Percent Electric Vehicles
October 31 2019,Flathead,MT,Passenger,1,0,1,70,71,1.41
October 31 2019,New London,CT,Passenger,0,2,2,244,246,0.81
June 30 2019,Pend Oreille,WA,Truck,0,0,0,5730,5730,0.00
November 30 2019,Virginia Beach,VA,Passenger,1,0,1,706,707,0.14
February 28 2018,Sacramento,CA,Passenger,1,0,1,307,308,0.32
April 30 2021,Pierce,WA,Truck,0,0,0,145913,145913,0.00
June 30 2023,Jefferson,NY,Passenger,2,1,3,175,178,1.69
November 30 2019,Charles,MD,Passenger,0,1,1,88,89,1.12
March 31 2020,Erie,NY,Passenger,1,0,1,47,48,2.08
June 30 2020,Arlington,VA,Passenger,0,2,2,155,157,1.27
July 31 2023,Newport News,VA,Passenger,1,0,1,93,94,1.06
February 28 2023,Kauai,HI,Passenger,1,1,2,15,17,11.76
June 30 2021,Hampshire,MA,Passenger,1,0,1,6,7,14.29
October 31 2021,Cumberland,NC,Passenger,0,4,4,414,418,0.96
March 31 2022,Deschutes,OR,Passenger,2,0,2,96,98,2.04
May 31 2023,Spokane,WA,Truck,38,0,38,101791,101829,0.04
December 31 2019,Richland,SC,Passenger,0,1,1,157,158,0.63
April 30 2021,Prince George's,MD,Passenger,2,1,3,150,153,1.96
April 30 2018,Okaloosa,FL,Passenger,1,0,1,175,176,0.57
June 30 2020,Penobscot,ME,Passenger,0,1,1,14,15,6.67
November 30 2020,Grant,WA,Passenger,78,79,157,65753,65910,0.24
May 31 2017,Santa Clara,CA,Passenger,5,2,7,408,415,1.69
February 28 2017,Pierce,WA,Passenger,862,778,1640,526721,528361,0.31
August 31 2021,,,Passenger,3,2,5,327,332,1.51
July 31 2020,Whitman,WA,Passenger,45,49,94,22114,22208,0.42
November 30 2017,Palm Beach,FL,Passenger,0,1,1,91,92,1.09
March 31 2021,Rockingham,NH,Passenger,1,0,1,24,25,4.00
December 31 2021,Fairbanks North Star,AK,Passenger,0,1,1,79,80,1.25
May 31 2023,Sarpy,NE,Passenger,1,0,1,53,54,1.85
November 30 2019,Pierce,WA,Passenger,2083,1634,3717,547389,551106,0.67
October 31 2023,Pacific,WA,Passenger,89,99,188,15307,15495,1.21
November 30 2021,Stevens,WA,Passenger,54,43,97,30298,30395,0.32
August 31 2018,Pend Oreille,WA,Truck,0,0,0,5716,5716,0.00
September 30 2019,Whitman,WA,Passenger,36,45,81,22702,22783,0.36
January 31 2020,Wahkiakum,WA,Passenger,4,5,9,3034,3043,0.30
March 31 2017,Douglas,WA,Truck,0,0,0,11440,11440,0.00
February 28 2018,Okanogan,WA,Passenger,7,19,26,25659,25685,0.10
July 31 2021,Lake,IN,Passenger,0,1,1,11,12,8.33
February 29 2020,Santa Cruz,CA,Passenger,1,0,1,38,39,2.56
October 31 2023,Clark,WA,Passenger,6724,2509,9233,308061,317294,2.91
September 30 2018,,,Passenger,3,2,5,423,428,1.17
February 28 2022,Coryell,TX,Passenger,1,0,1,104,105,0.95
July 31 2021,Fairfax,VA,Passenger,5,4,9,691,700,1.29
August 31 2019,Cook,IL,Passenger,1,0,1,250,251,0.40
January 31 2021,Whatcom,WA,Truck,3,0,3,43599,43602,0.01
October 31 2020,Hawaii,HI,Passenger,1,0,1,56,57,1.75
January 31 2021,Nassau,FL,Passenger,1,0,1,35,36,2.78
February 28 2017,Walla Walla,WA,Passenger,17,21,38,34781,34819,0.11
August 31 2021,Maricopa,AZ,Passenger,6,4,10,1190,1200,0.83
January 31 2023,Kitsap,WA,Truck,41,0,41,52899,52940,0.08
May 31 2023,Maricopa,AZ,Passenger,8,4,12,669,681,1.76
August 31 2019,Moore,NC,Passenger,0,1,1,184,185,0.54
July 31 2021,Portsmouth,VA,Passenger,0,1,1,85,86,1.16
November 30 2021,San Mateo,CA,Passenger,2,0,2,88,90,2.22
June 30 2020,Utah,UT,Passenger,0,1,1,135,136,0.74
April 30 2023,Orange,FL,Passenger,1,0,1,61,62,1.61
March 31 2021,Manassas,VA,Passenger,0,1,1,7,8,12.50
September 30 2022,Parker,TX,Passenger,0,1,1,19,20,5.00
February 28 2023,Placer,CA,Passenger,1,0,1,61,62,1.61
January 31 2020,Suffolk,VA,Passenger,1,0,1,124,125,0.80
September 30 2018,El Paso,CO,Passenger,3,1,4,767,771,0.52
October 31 2021,El Paso,TX,Passenger,3,0,3,371,374,0.80
November 30 2020,Twin Falls,ID,Passenger,0,1,1,26,27,3.70
April 30 2017,Nassau,NY,Passenger,0,1,1,40,41,2.44
April 30 2019,Honolulu,HI,Passenger,2,3,5,513,518,0.97
February 28 2019,Ada,ID,Passenger,0,2,2,316,318,0.63
November 30 2020,Houston,GA,Passenger,1,0,1,51,52,1.92
November 30 2023,,,Passenger,4,0,4,216,220,1.82
May 31 2019,Richmond,GA,Passenger,0,1,1,95,96,1.04
October 31 2018,Ventura,CA,Passenger,0,2,2,321,323,0.62
May 31 2023,Clallam,WA,Passenger,535,282,817,48968,49785,1.64
February 28 2021,Lincoln,WA,Truck,0,0,0,4688,4688,0.00
November 30 2021,Ferry,WA,Passenger,13,3,16,4456,4472,0.36
September 30 2022,Salt Lake,UT,Passenger,1,1,2,126,128,1.56
July 31 2017,Wayne,MI,Passenger,0,1,1,71,72,1.39
April 30 2017,Norfolk,MA,Passenger,1,0,1,39,40,2.50
May 31 2017,Nassau,NY,Passenger,0,1,1,39,40,2.50
August 31 2023,Randolph,NC,Passenger,1,0,1,3,4,25.00
February 28 2018,Anne Arundel,MD,Passenger,0,1,1,475,476,0.21
February 29 2020,Douglas,NE,Passenger,0,1,1,59,60,1.67
February 29 2020,Denver,CO,Passenger,1,0,1,124,125,0.80
November 30 2019,El Paso,CO,Passenger,2,2,4,747,751,0.53
May 31 2019,Jefferson,NY,Passenger,0,2,2,218,220,0.91
December 31 2018,Jefferson,WA,Passenger,168,106,274,24836,25110,1.09
March 31 2017,Multnomah,OR,Passenger,0,3,3,1110,1113,0.27
March 31 2023,Okanogan,WA,Passenger,116,58,174,26105,26279,0.66
October 31 2023,Bexar,TX,Passenger,1,3,4,324,328,1.22
April 30 2021,Middlesex,MA,Passenger,1,1,2,94,96,2.08
March 31 2022,Yellowstone,MT,Passenger,0,1,1,29,30,3.33
October 31 2020,San Juan,WA,Passenger,340,103,443,13964,14407,3.07
February 28 2022,Chesapeake,VA,Passenger,2,2,4,367,371,1.08
March 31 2017,Santa Clara,CA,Passenger,6,2,8,421,429,1.86
January 31 2020,Rogers,OK,Passenger,1,0,1,6,7,14.29
June 30 2021,Boulder,CO,Passenger,1,1,2,50,52,3.85
December 31 2019,Los Angeles,CA,Passenger,6,10,16,1087,1103,1.45
April 30 2019,Pierce,WA,Truck,0,0,0,139337,139337,0.00
March 31 2017,Grant,WA,Truck,0,0,0,25044,25044,0.00
March 31 2020,Klamath,OR,Passenger,1,0,1,37,38,2.63
October 31 2018,New Haven,CT,Passenger,0,1,1,45,46,2.17
June 30 2019,Harnett,NC,Passenger,1,1,2,223,225,0.89
September 30 2017,Howard,MD,Passenger,0,2,2,89,91,2.20
February 28 2021,Platte,MO,Passenger,1,0,1,21,22,4.55
August 31 2021,St. Clair,IL,Passenger,2,0,2,131,133,1.50
March 31 2021,Utah,UT,Passenger,0,1,1,125,126,0.79
November 30 2022,Thurston,WA,Truck,34,0,34,54739,54773,0.06
September 30 2020,Santa Clara,CA,Passenger,6,2,8,291,299,2.68
December 31 2020,Okanogan,WA,Truck,0,0,0,16602,16602,0.00
February 28 2017,Pend Oreille,WA,Truck,0,0,0,5571,5571,0.00
March 31 2022,Skamania,WA,Truck,0,0,0,3970,3970,0.00
August 31 2020,San Diego,CA,Passenger,16,5,21,2757,2778,0.76
March 31 2022,Anchorage,AK,Passenger,2,0,2,134,136,1.47
September 30 2017,Thurston,WA,Passenger,435,363,798,188222,189020,0.42
March 31 2020,San Joaquin,CA,Passenger,1,0,1,135,136,0.74
February 29 2020,Pend Oreille,WA,Truck,0,0,0,5760,5760,0.00
July 31 2021,Richmond,GA,Passenger,0,1,1,78,79,1.27
November 30 2021,Wahkiakum,WA,Passenger,17,10,27,3090,3117,0.87
February 28 2019,Richland,SC,Passenger,0,1,1,164,165,0.61
March 31 2019,Washoe,NV,Passenger,2,0,2,112,114,1.75
November 30 2019,Harrison,MS,Passenger,1,0,1,60,61,1.64
November 30 2017,Howard,MD,Passenger,0,2,2,92,94,2.13
October 31 2023,District of Columbia,DC,Passenger,3,0,3,133,136,2.21
February 28 2022,Rogers,OK,Passenger,1,0,1,3,4,25.00
January 31 2021,Kauai,HI,Passenger,1,0,1,16,17,5.88
December 31 2022,Louisa,VA,Passenger,0,1,1,1,2,50.00
January 31 2023,Bartow,GA,Passenger,0,1,1,3,4,25.00
May 31 2023,King,WA,Passenger,55656,14206,69862,1323049,1392911,5.02
May 31 2019,St. Clair,IL,Passenger,0,1,1,158,159,0.63
February 28 2017,Columbia,WA,Truck,0,0,0,1528,1528,0.00
May 31 2018,Polk,FL,Passenger,1,0,1,65,66,1.52
January 31 2017,Riverside,CA,Passenger,1,1,2,885,887,0.23
July 31 2018,El Paso,CO,Passenger,2,1,3,759,762,0.39
February 28 2023,Hawaii,HI,Passenger,1,0,1,30,31,3.23
September 30 2018,New London,CT,Passenger,0,1,1,252,253,0.40
January 31 2023,Lewis,WA,Truck,2,0,2,26279,26281,0.01
May 31 2019,Bexar,TX,Passenger,3,5,8,678,686,1.17
April 30 2017,Snohomish,WA,Passenger,1709,860,2569,512726,515295,0.50
August 31 2022,Maricopa,AZ,Passenger,8,3,11,914,925,1.19
May 31 2023,Benton,WA,Truck,23,0,23,43162,43185,0.05
September 30 2020,Hawaii,HI,Passenger,1,0,1,54,55,1.82
June 30 2019,Nueces,TX,Passenger,1,1,2,98,100,2.00
January 31 2020,Wayne,MI,Passenger,0,1,1,60,61,1.64
August 31 2023,Alexandria,VA,Passenger,3,1,4,82,86,4.65
May 31 2022,Sumter,SC,Passenger,0,1,1,29,30,3.33
February 28 2022,Washtenaw,MI,Passenger,0,1,1,30,31,3.23
August 31 2020,Gwinnett,GA,Passenger,1,0,1,74,75,1.33
September 30 2020,Shelby,OH,Passenger,0,1,1,1,2,50.00
January 31 2021,Suffolk,VA,Passenger,1,0,1,123,124,0.81
April 30 2022,San Juan,WA,Truck,1,0,1,5983,5984,0.02
February 28 2022,Franklin,WA,Passenger,175,102,277,62055,62332,0.44
May 31 2023,Wahkiakum,WA,Truck,2,0,2,1775,1777,0.11
January 31 2022,Jefferson,NY,Passenger,1,1,2,207,209,0.96
July 31 2023,Hillsborough,FL,Passenger,1,2,3,92,95,3.16
April 30 2023,Platte,MO,Passenger,1,0,1,21,22,4.55
August 31 2018,Nueces,TX,Passenger,1,1,2,87,89,2.25
December 31 2018,DuPage,IL,Passenger,1,0,1,62,63,1.59
October 31 2021,Lewis,WA,Truck,0,0,0,26731,26731,0.00
August 31 2021,Pierce,WA,Passenger,3773,2027,5800,558797,564597,1.03
March 31 2018,Asotin,WA,Truck,0,0,0,6591,6591,0.00
June 30 2023,Chelan,WA,Truck,31,0,31,23124,23155,0.13
June 30 2017,Ventura,CA,Passenger,0,1,1,363,364,0.27
May 31 2021,Saginaw,MI,Passenger,1,0,1,10,11,9.09
April 30 2019,Norfolk,MA,Passenger,1,0,1,37,38,2.63
July 31 2020,Spokane,WA,Passenger,752,490,1242,316367,317609,0.39
August 31 2021,Suffolk,VA,Passenger,1,0,1,124,125,0.80
August 31 2021,Jefferson,WA,Truck,0,0,0,9610,9610,0.00
May 31 2023,Douglas,WA,Passenger,199,60,259,28718,28977,0.89
February 28 2022,Douglas,NE,Passenger,1,2,3,50,53,5.66
November 30 2023,Chelan,WA,Passenger,709,205,914,52540,53454,1.71
January 31 2018,Pacific,WA,Passenger,15,13,28,15449,15477,0.18
July 31 2023,Kitsap,WA,Truck,81,0,81,52075,52156,0.16
January 31 2023,Jefferson,NY,Passenger,2,1,3,192,195,1.54
November 30 2019,Lake,IL,Passenger,1,0,1,173,174,0.57
January 31 2023,Fairbanks North Star,AK,Passenger,0,1,1,61,62,1.61
October 31 2023,Miami-Dade,FL,Passenger,1,0,1,46,47,2.13
February 28 2022,Lee,FL,Passenger,1,0,1,34,35,2.86
January 31 2018,Twin Falls,ID,Passenger,0,1,1,24,25,4.00
April 30 2017,Skagit,WA,Passenger,123,97,220,87594,87814,0.25
May 31 2022,Chelan,WA,Truck,2,0,2,23063,23065,0.01
February 28 2017,,,Passenger,2,0,2,464,466,0.43
February 28 2022,Richmond,GA,Passenger,0,1,1,73,74,1.35
May 31 2023,Lee,AL,Passenger,1,0,1,15,16,6.25
February 28 2019,Caddo,LA,Passenger,0,1,1,23,24,4.17
March 31 2020,Boulder,CO,Passenger,1,1,2,50,52,3.85
February 28 2019,Rogers,OK,Passenger,1,0,1,4,5,20.00
September 30 2017,St. Lucie,FL,Passenger,1,0,1,27,28,3.57
September 30 2020,Adams,WA,Passenger,8,7,15,12914,12929,0.12
July 31 2017,Pierce,WA,Truck,0,0,0,137361,137361,0.00
August 31 2018,Walla Walla,WA,Passenger,34,48,82,35871,35953,0.23
March 31 2021,Pima,AZ,Passenger,2,1,3,322,325,0.92
October 31 2018,Moore,NC,Passenger,0,1,1,196,197,0.51
July 31 2021,Monterey,CA,Passenger,0,2,2,145,147,1.36
March 31 2019,Larimer,CO,Passenger,1,0,1,58,59,1.69
March 31 2022,Las Animas,CO,Passenger,1,0,1,1,2,50.00
April 30 2020,Skamania,WA,Truck,0,0,0,4053,4053,0.00
June 30 2018,Skamania,WA,Passenger,11,9,20,8660,8680,0.23
October 31 2022,Pierce,WA,Truck,62,0,62,140131,140193,0.04
February 28 2017,Franklin,OH,Passenger,0,1,1,116,117,0.85
September 30 2017,Morris,NJ,Passenger,1,0,1,22,23,4.35
September 30 2021,Richmond,NY,Passenger,1,0,1,6,7,14.29
March 31 2023,Hoke,NC,Passenger,1,0,1,65,66,1.52
February 28 2022,Okaloosa,FL,Passenger,0,1,1,111,112,0.89
November 30 2021,Portsmouth,VA,Passenger,0,1,1,85,86,1.16
June 30 2018,Polk,FL,Passenger,1,0,1,67,68,1.47
August 31 2019,Whitman,WA,Passenger,34,44,78,22704,22782,0.34
January 31 2020,Loudoun,VA,Passenger,1,0,1,90,91,1.10
October 31 2020,Rogers,OK,Passenger,1,0,1,5,6,16.67
July 31 2023,Orange,NC,Passenger,0,1,1,3,4,25.00
November 30 2022,Lewis,WA,Passenger,258,178,436,59971,60407,0.72
July 31 2018,Snohomish,WA,Passenger,2404,1294,3698,522618,526316,0.70
March 31 2023,Chesapeake,VA,Passenger,3,2,5,295,300,1.67
July 31 2023,Richmond,NY,Passenger,1,0,1,4,5,20.00
November 30 2020,Howard,IN,Passenger,0,1,1,3,4,25.00
May 31 2022,Arlington,VA,Passenger,1,0,1,131,132,0.76
June 30 2018,Benton,WA,Truck,0,0,0,41026,41026,0.00
July 31 2023,Klickitat,WA,Truck,11,0,11,8203,8214,0.13
November 30 2018,Fresno,CA,Passenger,1,0,1,196,197,0.51
October 31 2018,Garfield,WA,Truck,0,0,0,959,959,0.00
August 31 2020,Houston,GA,Passenger,1,0,1,52,53,1.89
June 30 2023,Arlington,VA,Passenger,1,0,1,109,110,0.91
April 30 2022,Ulster,NY,Passenger,1,0,1,12,13,7.69
June 30 2022,Wichita,TX,Passenger,1,0,1,40,41,2.44
March 31 2020,Lake,CA,Passenger,0,1,1,9,10,10.00
May 31 2020,El Paso,TX,Passenger,3,0,3,438,441,0.68
May 31 2019,Whatcom,WA,Truck,2,0,2,42822,42824,0.00
August 31 2019,El Paso,CO,Passenger,2,2,4,743,747,0.54
January 31 2020,Pinal,AZ,Passenger,1,0,1,196,197,0.51
July 31 2022,Pacific,WA,Passenger,64,71,135,15822,15957,0.85
October 31 2021,Burlington,NJ,Passenger,0,1,1,118,119,0.84
November 30 2020,Lake,IL,Passenger,2,0,2,167,169,1.18
August 31 2022,Howard,MD,Passenger,0,2,2,56,58,3.45
February 28 2022,Montgomery,TX,Passenger,1,0,1,39,40,2.50
November 30 2023,Collin,TX,Passenger,2,0,2,25,27,7.41
August 31 2020,Howard,IN,Passenger,0,1,1,3,4,25.00
November 30 2018,Washtenaw,MI,Passenger,1,0,1,39,40,2.50
July 31 2019,Grays Harbor,WA,Passenger,82,85,167,47994,48161,0.35
September 30 2017,Maricopa,AZ,Passenger,2,1,3,1674,1677,0.18
August 31 2019,Deschutes,OR,Passenger,3,0,3,158,161,1.86
August 31 2017,Clark,WA,Truck,0,0,0,77897,77897,0.00
June 30 2019,Norfolk,VA,Passenger,2,1,3,352,355,0.85
November 30 2018,Mecklenburg,NC,Passenger,1,0,1,80,81,1.23
April 30 2020,Clay,FL,Passenger,0,1,1,79,80,1.25
August 31 2017,Nassau,NY,Passenger,1,1,2,40,42,4.76
February 28 2022,Hudson,NJ,Passenger,2,0,2,38,40,5.00
May 31 2019,Valencia,NM,Passenger,1,0,1,9,10,10.00
August 31 2018,Kitsap,WA,Passenger,828,488,1316,179311,180627,0.73
December 31 2022,Clallam,WA,Passenger,483,262,745,49412,50157,1.49
February 28 2022,Denton,TX,Passenger,1,0,1,74,75,1.33
December 31 2019,Chelan,WA,Truck,0,0,0,22551,22551,0.00
December 31 2022,Chesapeake,VA,Passenger,3,2,5,306,311,1.61
January 31 2021,Miami-Dade,FL,Passenger,1,0,1,98,99,1.01
May 31 2019,Mason,WA,Truck,0,0,0,20361,20361,0.00
January 31 2021,Nueces,TX,Passenger,1,0,1,83,84,1.19
October 31 2021,Yavapai,AZ,Passenger,0,1,1,38,39,2.56
August 31 2020,Guadalupe,TX,Passenger,1,0,1,63,64,1.56
June 30 2017,Skamania,WA,Passenger,9,7,16,8565,8581,0.19
May 31 2021,Columbia,WA,Truck,0,0,0,1551,1551,0.00
September 30 2020,Honolulu,HI,Passenger,5,2,7,449,456,1.54
February 28 2021,Clark,WA,Truck,0,0,0,83518,83518,0.00
January 31 2018,Spokane,WA,Truck,1,0,1,91730,91731,0.00
October 31 2017,Duval,FL,Passenger,1,1,2,368,370,0.54
September 30 2019,Lincoln,WA,Truck,0,0,0,4689,4689,0.00
July 31 2021,Santa Clara,CA,Passenger,8,2,10,264,274,3.65
February 28 2023,Williamson,TX,Passenger,0,2,2,59,61,3.28
April 30 2018,Manassas,VA,Passenger,0,1,1,9,10,10.00
August 31 2020,San Juan,WA,Truck,0,0,0,5835,5835,0.00
October 31 2023,Klickitat,WA,Truck,13,0,13,8133,8146,0.16
December 31 2017,Morris,NJ,Passenger,1,0,1,21,22,4.55
January 31 2022,Plaquemines,LA,Passenger,0,1,1,18,19,5.26
August 31 2023,Albemarle,VA,Passenger,1,0,1,13,14,7.14
June 30 2022,Owyhee,ID,Passenger,1,0,1,2,3,33.33
September 30 2022,Las Animas,CO,Passenger,1,0,1,1,2,50.00
September 30 2018,Saratoga,NY,Passenger,1,0,1,60,61,1.64
June 30 2018,Thurston,WA,Truck,0,0,0,54327,54327,0.00
January 31 2017,Grays Harbor,WA,Passenger,27,24,51,44312,44363,0.11
June 30 2019,Broward,FL,Passenger,2,1,3,128,131,2.29
February 28 2023,Miami-Dade,FL,Passenger,1,0,1,64,65,1.54
October 31 2023,Santa Barbara,CA,Passenger,1,0,1,59,60,1.67
August 31 2022,Saratoga,NY,Passenger,1,0,1,42,43,2.33
August 31 2020,Asotin,WA,Passenger,17,14,31,12352,12383,0.25
August 31 2021,Goochland,VA,Passenger,4,2,6,220,226,2.65
January 31 2023,Kittitas,WA,Passenger,311,94,405,29538,29943,1.35
March 31 2020,Douglas,WA,Passenger,71,40,111,28170,28281,0.39
July 31 2022,Richland,SC,Passenger,0,1,1,126,127,0.79
May 31 2020,Riverside,CA,Passenger,3,1,4,624,628,0.64
June 30 2019,Bucks,PA,Passenger,1,0,1,21,22,4.55
January 31 2023,Stafford,VA,Passenger,3,1,4,84,88,4.55
October 31 2021,Suffolk,MA,Passenger,0,2,2,29,31,6.45
September 30 2022,Boulder,CO,Passenger,2,0,2,42,44,4.55
February 28 2018,Okanogan,WA,Truck,0,0,0,16305,16305,0.00
September 30 2022,Okanogan,WA,Passenger,93,49,142,26295,26437,0.54
February 29 2020,Kitsap,WA,Truck,1,0,1,54387,54388,0.00
May 31 2022,Ferry,WA,Truck,0,0,0,3568,3568,0.00
January 31 2017,Volusia,FL,Passenger,0,1,1,51,52,1.92
April 30 2019,St. Mary's,MD,Passenger,1,0,1,212,213,0.47
May 31 2021,,,Passenger,3,2,5,332,337,1.48
June 30 2021,Harrison,MS,Passenger,2,0,2,53,55,3.64
September 30 2021,Stafford,VA,Passenger,2,1,3,99,102,2.94
March 31 2018,Dallas,TX,Passenger,0,1,1,193,194,0.52
August 31 2019,Middlesex,MA,Passenger,1,1,2,113,115,1.74
July 31 2022,Sarpy,NE,Passenger,1,0,1,59,60,1.67
September 30 2017,Essex,NJ,Passenger,1,0,1,15,16,6.25
April 30 2020,Denver,CO,Passenger,1,0,1,118,119,0.84
October 31 2020,Pierce,WA,Passenger,2660,1739,4399,554615,559014,0.79
May 31 2017,Bexar,TX,Passenger,1,0,1,978,979,0.10
March 31 2023,Honolulu,HI,Passenger,2,3,5,277,282,1.77
February 28 2019,Maui,HI,Passenger,2,0,2,50,52,3.85
November 30 2018,Montgomery,MD,Passenger,1,0,1,279,280,0.36
April 30 2021,Orange,FL,Passenger,1,0,1,114,115,0.87
July 31 2018,Kent,MI,Passenger,0,1,1,28,29,3.45
February 28 2022,Albemarle,VA,Passenger,2,0,2,20,22,9.09
March 31 2020,Kent,MI,Passenger,0,1,1,25,26,3.85
July 31 2022,Carroll,MD,Passenger,0,1,1,18,19,5.26
January 31 2021,Thurston,WA,Passenger,1350,796,2146,197322,199468,1.08
February 28 2021,Garfield,WA,Truck,0,0,0,1005,1005,0.00
December 31 2018,Skamania,WA,Truck,0,0,0,4008,4008,0.00
May 31 2017,San Juan,WA,Passenger,104,38,142,13498,13640,1.04
November 30 2022,Santa Clara,CA,Passenger,10,4,14,211,225,6.22
September 30 2020,Island,WA,Passenger,444,281,725,62835,63560,1.14
August 31 2020,Stevens,WA,Truck,0,0,0,18650,18650,0.00
June 30 2021,Lake,IL,Passenger,2,0,2,167,169,1.18
December 31 2022,Williamson,TX,Passenger,0,2,2,64,66,3.03
June 30 2023,Broward,FL,Passenger,1,0,1,64,65,1.54
April 30 2021,Frederick,MD,Passenger,1,1,2,72,74,2.70
April 30 2023,Champaign,IL,Passenger,1,0,1,12,13,7.69
July 31 2022,Pierce,WA,Passenger,5244,2334,7578,543475,551053,1.38
November 30 2017,Mason,WA,Passenger,63,72,135,44602,44737,0.30
May 31 2023,Klickitat,WA,Passenger,145,64,209,15180,15389,1.36
September 30 2019,Whitman,WA,Truck,0,0,0,8606,8606,0.00
February 28 2021,Honolulu,HI,Passenger,5,2,7,433,440,1.59
June 30 2019,San Joaquin,CA,Passenger,1,0,1,129,130,0.77
February 28 2019,Chelan,WA,Truck,0,0,0,22098,22098,0.00
April 30 2023,Skagit,WA,Passenger,1053,389,1442,89000,90442,1.59
June 30 2017,Carroll,NH,Passenger,0,1,1,1,2,50.00
April 30 2020,Guadalupe,TX,Passenger,1,0,1,68,69,1.45
August 31 2023,Madison,IL,Passenger,1,0,1,14,15,6.67
August 31 2018,Collier,FL,Passenger,1,0,1,20,21,4.76
August 31 2018,Lake,CA,Passenger,0,1,1,10,11,9.09
December 31 2020,Pierce,WA,Passenger,2825,1770,4595,555427,560022,0.82
February 28 2023,Stevens,WA,Passenger,98,58,156,29956,30112,0.52
November 30 2022,Duval,FL,Passenger,0,1,1,266,267,0.37
August 31 2018,Santa Clara,CA,Passenger,8,0,8,384,392,2.04
July 31 2019,Williamson,TX,Passenger,0,2,2,150,152,1.32
September 30 2021,Allegheny,PA,Passenger,1,1,2,71,73,2.74
March 31 2021,Suffolk,VA,Passenger,1,0,1,123,124,0.81
March 31 2020,King,WA,Truck,5,1,6,182402,182408,0.00
June 30 2019,Orange,CA,Passenger,6,1,7,551,558,1.25
December 31 2021,Portsmouth,VA,Passenger,0,1,1,84,85,1.18
February 28 2022,Richland,SC,Passenger,0,2,2,132,134,1.49
December 31 2022,Jefferson,NY,Passenger,2,1,3,195,198,1.52
February 29 2020,Charleston,SC,Passenger,1,0,1,110,111,0.90
October 31 2020,Bucks,PA,Passenger,1,0,1,21,22,4.55
October 31 2023,Atlantic,NJ,Passenger,1,0,1,7,8,12.50
September 30 2018,Clallam,WA,Passenger,129,122,251,50166,50417,0.50
January 31 2020,Richmond,GA,Passenger,0,1,1,91,92,1.09
January 31 2021,Sacramento,CA,Passenger,2,0,2,248,250,0.80
February 28 2019,New London,CT,Passenger,0,2,2,246,248,0.81
July 31 2018,Okanogan,WA,Passenger,9,20,29,26024,26053,0.11
November 30 2019,Owyhee,ID,Passenger,1,0,1,3,4,25.00
November 30 2019,Santa Cruz,CA,Passenger,1,0,1,38,39,2.56
March 31 2019,Mason,WA,Passenger,114,117,231,46704,46935,0.49
October 31 2021,Maricopa,AZ,Passenger,8,4,12,1171,1183,1.01
June 30 2023,Salt Lake,UT,Passenger,0,1,1,95,96,1.04
October 31 2018,Monterey,CA,Passenger,0,1,1,190,191,0.52
November 30 2022,Harford,MD,Passenger,1,1,2,42,44,4.55
December 31 2021,Lincoln,OR,Passenger,0,1,1,32,33,3.03
October 31 2020,Williams,ND,Passenger,0,1,1,11,12,8.33
August 31 2021,Williams,ND,Passenger,0,1,1,7,8,12.50
January 31 2018,Yakima,WA,Passenger,60,76,136,162506,162642,0.08
December 31 2022,Calvert,MD,Passenger,0,2,2,78,80,2.50
July 31 2021,Walla Walla,WA,Passenger,115,76,191,36561,36752,0.52
April 30 2018,Bexar,TX,Passenger,2,2,4,782,786,0.51
April 30 2019,Klickitat,WA,Truck,0,0,0,8221,8221,0.00
December 31 2021,Clark,NV,Passenger,7,2,9,581,590,1.53
March 31 2018,Northampton,PA,Passenger,0,1,1,63,64,1.56
November 30 2017,Franklin,MA,Passenger,0,1,1,4,5,20.00
September 30 2018,Kittitas,WA,Passenger,55,36,91,29200,29291,0.31
November 30 2019,Kittitas,WA,Passenger,89,46,135,30011,30146,0.45
August 31 2019,Lincoln,WA,Passenger,2,10,12,7786,7798,0.15
August 31 2022,Duval,FL,Passenger,0,2,2,277,279,0.72
December 31 2020,Morris,NJ,Passenger,1,0,1,16,17,5.88
March 31 2019,Cochise,AZ,Passenger,0,1,1,114,115,0.87
March 31 2018,Portsmouth,VA,Passenger,0,1,1,71,72,1.39
July 31 2018,Cook,IL,Passenger,1,0,1,261,262,0.38
January 31 2021,Lane,OR,Passenger,0,1,1,143,144,0.69
January 31 2019,San Francisco,CA,Passenger,2,1,3,117,120,2.50
September 30 2020,Queens,NY,Passenger,1,0,1,55,56,1.79
November 30 2019,Oldham,KY,Passenger,0,1,1,5,6,16.67
April 30 2020,Multnomah,OR,Passenger,4,7,11,735,746,1.47
December 31 2021,Chelan,WA,Truck,0,0,0,23107,23107,0.00
July 31 2020,Honolulu,HI,Passenger,4,2,6,457,463,1.30
November 30 2022,,,Passenger,2,1,3,274,277,1.08
June 30 2021,Alameda,CA,Passenger,4,0,4,246,250,1.60
June 30 2019,Klickitat,WA,Passenger,35,32,67,15555,15622,0.43
May 31 2020,Fairbanks North Star,AK,Passenger,0,1,1,98,99,1.01
August 31 2018,Garfield,OK,Passenger,1,0,1,17,18,5.56
April 30 2021,Harnett,NC,Passenger,1,1,2,183,185,1.08
February 28 2021,Lane,OR,Passenger,0,1,1,137,138,0.72
June 30 2022,Rockingham,NH,Passenger,1,0,1,16,17,5.88
July 31 2020,Dakota,MN,Passenger,0,1,1,34,35,2.86
May 31 2021,Arlington,VA,Passenger,0,1,1,145,146,0.68
May 31 2018,Frederick,MD,Passenger,0,1,1,88,89,1.12
June 30 2021,Wichita,TX,Passenger,1,0,1,41,42,2.38
September 30 2022,Sarasota,FL,Passenger,1,0,1,24,25,4.00
April 30 2018,Queens,NY,Passenger,1,0,1,62,63,1.59
January 31 2018,Alameda,CA,Passenger,0,1,1,362,363,0.28
July 31 2019,Benton,WA,Passenger,269,289,558,134147,134705,0.41
July 31 2023,Onslow,NC,Passenger,0,1,1,140,141,0.71
August 31 2018,Skagit,WA,Passenger,220,169,389,90832,91221,0.43
June 30 2021,Morris,NJ,Passenger,1,0,1,15,16,6.25
December 31 2022,Deschutes,OR,Passenger,1,0,1,71,72,1.39
February 29 2020,Carroll,NH,Passenger,0,1,1,4,5,20.00
May 31 2020,Carroll,NH,Passenger,0,1,1,4,5,20.00
November 30 2019,Washtenaw,MI,Passenger,1,0,1,41,42,2.38
May 31 2023,Sarasota,FL,Passenger,1,0,1,17,18,5.56
April 30 2018,Eagle,CO,Passenger,1,0,1,6,7,14.29
September 30 2022,Geary,KS,Passenger,1,0,1,81,82,1.22
September 30 2019,Goochland,VA,Passenger,2,1,3,265,268,1.12
June 30 2020,Bucks,PA,Passenger,1,0,1,21,22,4.55
April 30 2019,Montgomery,AL,Passenger,0,1,1,44,45,2.22
January 31 2017,Snohomish,WA,Passenger,1549,803,2352,514921,517273,0.45
November 30 2018,Skagit,WA,Truck,1,0,1,32339,32340,0.00
December 31 2020,Ramsey,MN,Passenger,1,0,1,37,38,2.63
May 31 2018,Cowlitz,WA,Passenger,58,75,133,71517,71650,0.19
November 30 2021,Richmond,NY,Passenger,1,0,1,4,5,20.00
June 30 2021,Nassau,NY,Passenger,2,0,2,31,33,6.06
June 30 2023,Essex,NJ,Passenger,2,0,2,6,8,25.00
July 31 2023,Larimer,CO,Passenger,1,0,1,30,31,3.23
March 31 2017,DeKalb,IN,Passenger,1,0,1,1,2,50.00
April 30 2023,Maricopa,AZ,Passenger,8,4,12,694,706,1.70
January 31 2023,Jefferson,WA,Passenger,495,236,731,24294,25025,2.92
April 30 2018,Grant,WA,Truck,0,0,0,25855,25855,0.00
November 30 2020,Multnomah,OR,Passenger,3,6,9,708,717,1.26
June 30 2023,Sacramento,CA,Passenger,4,0,4,153,157,2.55
October 31 2019,DuPage,IL,Passenger,3,0,3,62,65,4.62
October 31 2017,Montgomery,TX,Passenger,1,0,1,62,63,1.59
November 30 2021,Nueces,TX,Passenger,1,0,1,65,66,1.52
November 30 2017,Manatee,FL,Passenger,1,0,1,40,41,2.44
April 30 2021,Clallam,WA,Truck,1,0,1,21986,21987,0.00
January 31 2017,Alameda,CA,Passenger,6,1,7,404,411,1.70
October 31 2019,Contra Costa,CA,Passenger,2,2,4,353,357,1.12
December 31 2020,Bexar,TX,Passenger,3,5,8,589,597,1.34
December 31 2019,Asotin,WA,Truck,0,0,0,6709,6709,0.00
July 31 2023,Essex,NJ,Passenger,2,0,2,6,8,25.00
September 30 2019,Carson City,NV,Passenger,1,0,1,10,11,9.09
October 31 2023,Kootenai,ID,Truck,1,0,1,20,21,4.76
September 30 2017,Collier,FL,Passenger,1,0,1,23,24,4.17
December 31 2022,Randolph,NC,Passenger,1,0,1,5,6,16.67
December 31 2017,DeKalb,IN,Passenger,1,0,1,1,2,50.00
April 30 2022,Pacific,WA,Passenger,60,68,128,15929,16057,0.80
July 31 2020,District of Columbia,DC,Passenger,2,1,3,202,205,1.46
April 30 2018,Stevens,WA,Passenger,10,24,34,31582,31616,0.11
October 31 2022,Clackamas,OR,Passenger,1,0,1,127,128,0.78
December 31 2020,Arapahoe,CO,Passenger,1,0,1,128,129,0.78
August 31 2020,Brevard,FL,Passenger,0,1,1,86,87,1.15
February 28 2019,Washoe,NV,Passenger,2,0,2,111,113,1.77
March 31 2023,Randolph,NC,Passenger,1,0,1,3,4,25.00
February 28 2021,Montgomery,MD,Passenger,1,0,1,235,236,0.42
June 30 2020,Pacific,WA,Truck,0,0,0,7698,7698,0.00
April 30 2020,Clallam,WA,Passenger,219,166,385,50337,50722,0.76
March 31 2022,Clallam,WA,Truck,1,0,1,22047,22048,0.00
August 31 2023,Chesapeake,VA,Passenger,2,2,4,266,270,1.48
June 30 2022,Whatcom,WA,Passenger,1814,737,2551,148940,151491,1.68
January 31 2021,Carson City,NV,Passenger,1,0,1,12,13,7.69
August 31 2018,Eagle,CO,Passenger,1,0,1,5,6,16.67
June 30 2021,Adams,WA,Passenger,16,11,27,13031,13058,0.21
July 31 2022,Clark,NV,Passenger,8,2,10,513,523,1.91
November 30 2017,Lee,AL,Passenger,1,0,1,35,36,2.78
January 31 2022,Travis,TX,Passenger,3,0,3,132,135,2.22
September 30 2021,Harford,MD,Passenger,0,1,1,55,56,1.79
March 31 2022,Howard,MD,Passenger,0,2,2,61,63,3.17
March 31 2019,San Francisco,CA,Passenger,2,1,3,114,117,2.56
June 30 2022,Richmond,GA,Passenger,0,1,1,68,69,1.45
August 31 2021,Powhatan,VA,Passenger,1,0,1,1,2,50.00
May 31 2023,Grant,WA,Truck,10,0,10,28021,28031,0.04
February 28 2018,Prince William,VA,Passenger,0,4,4,268,272,1.47
July 31 2022,El Paso,CO,Passenger,2,1,3,595,598,0.50
August 31 2020,Wahkiakum,WA,Truck,0,0,0,1745,1745,0.00
March 31 2017,Lee,AL,Passenger,1,0,1,35,36,2.78
December 31 2017,Maui,HI,Passenger,1,0,1,67,68,1.47
February 28 2019,Ferry,WA,Truck,0,0,0,3593,3593,0.00
December 31 2022,Escambia,FL,Passenger,0,1,1,130,131,0.76
December 31 2020,Carroll,MD,Passenger,0,1,1,21,22,4.55
October 31 2021,Houston,GA,Passenger,1,0,1,42,43,2.33
January 31 2022,Nassau,NY,Passenger,3,0,3,31,34,8.82
June 30 2022,Saratoga,NY,Passenger,1,0,1,42,43,2.33
November 30 2021,Howard,MD,Passenger,0,2,2,58,60,3.33
September 30 2019,Tulsa,OK,Passenger,1,1,2,51,53,3.77
December 31 2017,Queens,NY,Passenger,1,0,1,61,62,1.61
June 30 2022,Las Animas,CO,Passenger,1,0,1,1,2,50.00
March 31 2023,King,WA,Passenger,52131,13163,65294,1323280,1388574,4.70
June 30 2023,Riverside,CA,Passenger,6,0,6,357,363,1.65
January 31 2023,Saratoga,NY,Passenger,1,1,2,40,42,4.76
September 30 2019,Jefferson,WA,Truck,0,0,0,9681,9681,0.00
May 31 2019,Virginia Beach,VA,Passenger,1,1,2,710,712,0.28
June 30 2020,Montgomery,TX,Passenger,1,0,1,55,56,1.79
September 30 2020,San Mateo,CA,Passenger,0,1,1,114,115,0.87
April 30 2018,Jefferson,NY,Passenger,1,0,1,222,223,0.45
October 31 2022,Dallas,TX,Passenger,1,0,1,102,103,0.97
January 31 2022,Currituck,NC,Passenger,1,0,1,22,23,4.35
December 31 2020,Marion,IA,Passenger,1,0,1,1,2,50.00
November 30 2022,Kauai,HI,Passenger,1,1,2,15,17,11.76
September 30 2021,Norfolk,VA,Passenger,3,3,6,317,323,1.86
February 28 2019,Skagit,WA,Passenger,278,187,465,91206,91671,0.51
September 30 2019,Ferry,WA,Truck,0,0,0,3584,3584,0.00
July 31 2021,Erie,NY,Passenger,1,0,1,39,40,2.50
April 30 2021,Henrico,VA,Passenger,0,1,1,17,18,5.56
July 31 2020,Jefferson,CO,Passenger,0,1,1,59,60,1.67
January 31 2018,,,Passenger,3,1,4,437,441,0.91
May 31 2020,San Joaquin,CA,Passenger,1,0,1,130,131,0.76
July 31 2021,Los Angeles,CA,Passenger,9,11,20,903,923,2.17
December 31 2021,Tarrant,TX,Passenger,1,0,1,140,141,0.71
February 29 2020,Allegheny,PA,Passenger,1,0,1,79,80,1.25
July 31 2019,Arlington,VA,Passenger,0,2,2,163,165,1.21
February 28 2021,Harrison,MS,Passenger,2,0,2,56,58,3.45
September 30 2019,Carroll,NH,Passenger,0,1,1,3,4,25.00
February 28 2017,Monroe,NY,Passenger,1,0,1,29,30,3.33
October 31 2017,Thurston,WA,Passenger,442,371,813,188842,189655,0.43
August 31 2022,San Juan,WA,Truck,5,0,5,5949,5954,0.08
January 31 2017,Wahkiakum,WA,Truck,0,0,0,1624,1624,0.00
May 31 2017,Flathead,MT,Passenger,1,0,1,63,64,1.56
January 31 2018,Moore,NC,Passenger,0,1,1,198,199,0.50
February 28 2018,Dale,AL,Passenger,0,1,1,64,65,1.54
November 30 2017,Nueces,TX,Passenger,1,1,2,92,94,2.13
May 31 2019,Montgomery,PA,Passenger,2,0,2,37,39,5.13
November 30 2022,Lake,IL,Passenger,1,0,1,127,128,0.78
August 31 2021,Penobscot,ME,Passenger,0,1,1,9,10,10.00
May 31 2019,Contra Costa,CA,Passenger,2,2,4,378,382,1.05
February 28 2023,Orange,CA,Passenger,9,3,12,336,348,3.45
August 31 2023,Onslow,NC,Passenger,0,1,1,134,135,0.74
April 30 2018,Virginia Beach,VA,Passenger,2,1,3,683,686,0.44
October 31 2021,San Mateo,CA,Passenger,2,0,2,92,94,2.13
July 31 2019,Harrison,MS,Passenger,1,0,1,64,65,1.54
July 31 2023,Garfield,WA,Truck,0,0,0,976,976,0.00
February 29 2020,Thurston,WA,Truck,0,0,0,55717,55717,0.00
February 28 2022,Vigo,IN,Passenger,1,0,1,5,6,16.67
February 28 2021,Chesapeake,VA,Passenger,0,2,2,403,405,0.49
August 31 2020,Denton,TX,Passenger,1,0,1,92,93,1.08
February 28 2018,Jefferson,CO,Passenger,0,1,1,75,76,1.32
January 31 2017,Deschutes,OR,Passenger,1,1,2,240,242,0.83
September 30 2021,Maui,HI,Passenger,1,0,1,26,27,3.70
April 30 2023,Orange,NC,Passenger,0,1,1,4,5,20.00
July 31 2019,Kitsap,WA,Truck,1,0,1,54125,54126,0.00
September 30 2019,Asotin,WA,Passenger,12,8,20,12629,12649,0.16
July 31 2022,Washington,MD,Passenger,2,0,2,15,17,11.76
July 31 2022,Rogers,OK,Passenger,1,0,1,2,3,33.33
May 31 2018,Jefferson,WA,Truck,0,0,0,9536,9536,0.00
September 30 2021,Kings,CA,Passenger,1,0,1,330,331,0.30
December 31 2018,Orange,CA,Passenger,6,2,8,559,567,1.41
June 30 2022,Bexar,TX,Passenger,4,3,7,458,465,1.51
August 31 2020,St. Clair,IL,Passenger,1,0,1,140,141,0.71
January 31 2021,Clark,NV,Passenger,5,2,7,656,663,1.06
April 30 2021,Morris,NJ,Passenger,1,0,1,16,17,5.88
June 30 2023,Ulster,NY,Passenger,1,0,1,7,8,12.50
December 31 2022,Owyhee,ID,Passenger,1,0,1,3,4,25.00
June 30 2019,Eagle,CO,Passenger,1,0,1,6,7,14.29
November 30 2023,Klickitat,WA,Passenger,173,71,244,14712,14956,1.63
April 30 2022,Kings,CA,Passenger,2,1,3,317,320,0.94
May 31 2017,Deschutes,OR,Passenger,1,0,1,196,197,0.51
June 30 2020,El Paso,CO,Passenger,2,1,3,721,724,0.41
April 30 2018,Pima,AZ,Passenger,1,1,2,430,432,0.46
November 30 2017,Stevens,WA,Truck,0,0,0,18332,18332,0.00
April 30 2020,Kern,CA,Passenger,0,1,1,225,226,0.44
March 31 2022,Travis,TX,Passenger,3,0,3,122,125,2.40
October 31 2023,Wichita,TX,Passenger,2,0,2,29,31,6.45
May 31 2017,Nueces,TX,Passenger,0,1,1,98,99,1.01
May 31 2018,Chelan,WA,Truck,0,0,0,21824,21824,0.00
March 31 2022,Clark,WA,Truck,2,0,2,83464,83466,0.00
July 31 2017,Douglas,WA,Truck,0,0,0,11514,11514,0.00
December 31 2017,Island,WA,Passenger,155,166,321,61556,61877,0.52
February 28 2022,Garfield,WA,Truck,0,0,0,997,997,0.00
April 30 2021,Grant,WA,Passenger,102,86,188,66788,66976,0.28
February 29 2020,Klickitat,WA,Passenger,49,41,90,15682,15772,0.57
March 31 2022,San Joaquin,CA,Passenger,1,1,2,95,97,2.06
August 31 2017,Utah,UT,Passenger,0,1,1,151,152,0.66
October 31 2019,San Juan,WA,Passenger,236,76,312,14405,14717,2.12
October 31 2021,Clallam,WA,Passenger,365,235,600,50516,51116,1.17
January 31 2017,Pinal,AZ,Passenger,2,0,2,282,284,0.70
December 31 2019,Skamania,WA,Truck,0,0,0,4098,4098,0.00
May 31 2019,Montgomery,MD,Passenger,1,0,1,281,282,0.35
March 31 2017,Snohomish,WA,Truck,1,0,1,122196,122197,0.00
January 31 2021,District of Columbia,DC,Passenger,3,1,4,198,202,1.98
April 30 2021,Fulton,GA,Passenger,0,1,1,79,80,1.25
September 30 2018,Hardin,KY,Passenger,0,1,1,118,119,0.84
September 30 2021,Powhatan,VA,Passenger,1,0,1,1,2,50.00
August 31 2019,Franklin,MA,Passenger,0,1,1,1,2,50.00
August 31 2021,Howard,MD,Passenger,0,1,1,62,63,1.59
October 31 2019,Pacific,WA,Truck,0,0,0,7723,7723,0.00
April 30 2021,Broward,FL,Passenger,1,0,1,111,112,0.89
June 30 2020,Deschutes,OR,Passenger,4,0,4,138,142,2.82
March 31 2023,Orange,FL,Passenger,1,0,1,62,63,1.59
March 31 2022,Houston,GA,Passenger,1,0,1,37,38,2.63
September 30 2021,Lake,IN,Passenger,0,1,1,10,11,9.09
August 31 2018,Caddo,LA,Passenger,0,1,1,23,24,4.17
April 30 2017,Pend Oreille,WA,Passenger,1,4,5,9320,9325,0.05
October 31 2023,Clallam,WA,Truck,24,0,24,21264,21288,0.11
November 30 2021,Grays Harbor,WA,Truck,0,0,0,21426,21426,0.00
April 30 2020,Chesapeake,VA,Passenger,0,1,1,422,423,0.24
June 30 2017,Allegheny,PA,Passenger,1,0,1,94,95,1.05
March 31 2023,Collin,TX,Passenger,3,0,3,49,52,5.77
July 31 2018,District of Columbia,DC,Passenger,0,3,3,190,193,1.55
June 30 2023,Geary,KS,Passenger,1,0,1,67,68,1.47
September 30 2023,Charlottesville,VA,Passenger,0,1,1,3,4,25.00
July 31 2023,DeKalb,GA,Passenger,1,0,1,39,40,2.50
February 29 2020,Pinellas,FL,Passenger,1,1,2,116,118,1.69
July 31 2018,Mason,WA,Truck,0,0,0,20050,20050,0.00
December 31 2017,Douglas,WA,Passenger,38,33,71,27171,27242,0.26
February 28 2023,Adams,WA,Truck,2,0,2,5377,5379,0.04
May 31 2022,Plaquemines,LA,Passenger,1,1,2,17,19,10.53
June 30 2019,Flathead,MT,Passenger,1,0,1,66,67,1.49
February 28 2021,Dallas,IA,Passenger,0,1,1,10,11,9.09
December 31 2021,Cowlitz,WA,Truck,0,1,1,28989,28990,0.00
May 31 2023,Sonoma,CA,Passenger,1,1,2,62,64,3.12
September 30 2020,Stevens,WA,Passenger,35,38,73,30405,30478,0.24
August 31 2017,San Diego,CA,Passenger,6,1,7,2667,2674,0.26
December 31 2021,Charles,MD,Passenger,1,1,2,71,73,2.74
March 31 2022,Benton,WA,Truck,1,0,1,43601,43602,0.00
April 30 2022,Salt Lake,UT,Passenger,1,1,2,141,143,1.40
February 28 2022,Grays Harbor,WA,Passenger,202,157,359,49305,49664,0.72
November 30 2021,Monterey,CA,Passenger,0,2,2,140,142,1.41
December 31 2022,Norfolk,VA,Passenger,3,3,6,291,297,2.02
December 31 2022,Williamsburg,VA,Passenger,0,1,1,7,8,12.50
April 30 2019,Tulsa,OK,Passenger,1,1,2,49,51,3.92
September 30 2022,Williams,ND,Passenger,0,1,1,5,6,16.67
December 31 2021,Las Animas,CO,Passenger,1,0,1,0,1,100.00
January 31 2021,Thurston,WA,Truck,0,0,0,56437,56437,0.00
June 30 2019,Ferry,WA,Truck,0,0,0,3571,3571,0.00
March 31 2020,Kittitas,WA,Truck,0,0,0,14622,14622,0.00
May 31 2020,Arapahoe,CO,Passenger,1,0,1,136,137,0.73
June 30 2023,King,WA,Truck,726,2,728,175303,176031,0.41
July 31 2019,Duval,FL,Passenger,1,2,3,380,383,0.78
June 30 2023,Orange,CA,Passenger,8,3,11,302,313,3.51
August 31 2017,Richmond,GA,Passenger,0,1,1,88,89,1.12
August 31 2023,Essex,NJ,Passenger,2,0,2,6,8,25.00
July 31 2019,Lake,FL,Passenger,1,0,1,20,21,4.76
December 31 2018,Sumter,FL,Passenger,0,1,1,10,11,9.09
August 31 2017,Nantucket,MA,Passenger,1,0,1,3,4,25.00
September 30 2019,Kittitas,WA,Passenger,81,44,125,29832,29957,0.42
January 31 2017,Lewis,WA,Passenger,43,30,73,54961,55034,0.13
March 31 2017,Pend Oreille,WA,Passenger,1,4,5,9306,9311,0.05
January 31 2017,Orange,FL,Passenger,0,1,1,158,159,0.63
August 31 2019,Kern,CA,Passenger,0,1,1,222,223,0.45
October 31 2018,Skamania,WA,Truck,0,0,0,3983,3983,0.00
February 28 2022,Maricopa,AZ,Passenger,7,4,11,1088,1099,1.00
August 31 2022,Pulaski,AR,Passenger,1,0,1,28,29,3.45
May 31 2022,Howard,IN,Passenger,0,1,1,4,5,20.00
June 30 2023,Jackson,OK,Passenger,0,1,1,30,31,3.23
February 28 2019,Manassas,VA,Passenger,0,1,1,9,10,10.00
January 31 2017,Nantucket,MA,Passenger,1,0,1,3,4,25.00
February 28 2021,King,WA,Passenger,28224,8447,36671,1364529,1401200,2.62
December 31 2020,Pinellas,FL,Passenger,1,1,2,103,105,1.90
March 31 2017,Mason,WA,Passenger,50,65,115,42925,43040,0.27
October 31 2018,Douglas,WA,Truck,0,0,0,12075,12075,0.00
January 31 2018,Wahkiakum,WA,Passenger,0,2,2,2844,2846,0.07
November 30 2022,Skagit,WA,Truck,8,0,8,32182,32190,0.02
December 31 2020,Benton,WA,Passenger,439,355,794,134958,135752,0.58
May 31 2023,Fairfax,VA,Passenger,6,3,9,556,565,1.59
July 31 2021,Spokane,WA,Passenger,1118,653,1771,325937,327708,0.54
March 31 2022,Richmond,NY,Passenger,1,0,1,4,5,20.00
August 31 2020,Charles,MD,Passenger,1,1,2,78,80,2.50
January 31 2018,Prince George,VA,Passenger,0,1,1,75,76,1.32
December 31 2021,Middlesex,MA,Passenger,0,1,1,89,90,1.11
April 30 2021,Kauai,HI,Passenger,1,0,1,18,19,5.26
January 31 2022,Hamilton,OH,Passenger,1,0,1,36,37,2.70
October 31 2020,DeKalb,IN,Passenger,1,0,1,1,2,50.00
July 31 2023,New London,CT,Passenger,1,4,5,165,170,2.94
March 31 2017,Whitman,WA,Truck,0,0,0,8391,8391,0.00
November 30 2021,Adams,WA,Truck,0,0,0,5420,5420,0.00
October 31 2017,Latah,ID,Passenger,0,1,1,86,87,1.15
December 31 2019,Douglas,WA,Truck,0,0,0,12304,12304,0.00
April 30 2022,Kern,CA,Passenger,0,1,1,194,195,0.51
February 28 2018,Utah,UT,Passenger,0,1,1,138,139,0.72
June 30 2020,Washoe,NV,Passenger,1,0,1,111,112,0.89
November 30 2022,Williamsburg,VA,Passenger,0,1,1,7,8,12.50
August 31 2021,Flathead,MT,Passenger,1,0,1,51,52,1.92
February 28 2019,San Juan,WA,Passenger,193,69,262,14270,14532,1.80
January 31 2020,Clark,WA,Truck,0,0,0,81758,81758,0.00
July 31 2023,Klickitat,WA,Passenger,156,65,221,15112,15333,1.44
March 31 2017,Northampton,PA,Passenger,2,0,2,209,211,0.95
September 30 2023,Bexar,TX,Passenger,1,3,4,329,333,1.20
November 30 2022,Queens,NY,Passenger,1,0,1,37,38,2.63
April 30 2019,Carroll,NH,Passenger,0,1,1,2,3,33.33
May 31 2017,Stevens,WA,Passenger,8,23,31,31325,31356,0.10
December 31 2018,Klamath,OR,Passenger,1,0,1,38,39,2.56
October 31 2018,Maui,HI,Passenger,2,0,2,54,56,3.57
June 30 2017,Polk,FL,Passenger,1,0,1,65,66,1.52
March 31 2020,Greene,MO,Passenger,0,1,1,34,35,2.86
May 31 2019,Frederick,MD,Passenger,1,1,2,82,84,2.38
December 31 2019,Duval,FL,Passenger,1,2,3,371,374,0.80
September 30 2019,Clallam,WA,Passenger,185,151,336,50853,51189,0.66
December 31 2019,Ventura,CA,Passenger,0,2,2,311,313,0.64
February 28 2019,Alexandria,VA,Passenger,1,0,1,156,157,0.64
April 30 2020,Rogers,OK,Passenger,1,0,1,6,7,14.29
June 30 2022,Marion,IA,Passenger,1,0,1,0,1,100.00
August 31 2018,Klamath,OR,Passenger,1,0,1,36,37,2.70
April 30 2020,St. Louis,MO,Passenger,1,0,1,102,103,0.97
April 30 2018,Pierce,WA,Truck,0,0,0,137353,137353,0.00
October 31 2023,Wahkiakum,WA,Passenger,28,20,48,3015,3063,1.57
April 30 2022,Contra Costa,CA,Passenger,0,3,3,255,258,1.16
June 30 2017,Hamilton,TN,Passenger,1,0,1,19,20,5.00
April 30 2017,Franklin,MA,Passenger,0,1,1,4,5,20.00
April 30 2019,Benton,WA,Truck,0,0,0,41654,41654,0.00
May 31 2017,El Paso,CO,Passenger,2,1,3,810,813,0.37
July 31 2021,Island,WA,Passenger,625,316,941,63160,64101,1.47
January 31 2020,Clark,NV,Passenger,4,2,6,699,705,0.85
February 28 2019,Prince George's,MD,Passenger,1,1,2,184,186,1.08
June 30 2023,York,VA,Passenger,1,0,1,76,77,1.30
April 30 2023,Travis,TX,Passenger,3,0,3,85,88,3.41
June 30 2022,Hennepin,MN,Passenger,1,0,1,50,51,1.96
April 30 2021,Penobscot,ME,Passenger,0,1,1,10,11,9.09
January 31 2022,Champaign,IL,Passenger,1,0,1,12,13,7.69
January 31 2020,Skamania,WA,Passenger,29,18,47,8765,8812,0.53
July 31 2021,Columbia,WA,Passenger,6,2,8,2471,2479,0.32
January 31 2017,Franklin,WA,Truck,0,0,0,17909,17909,0.00
March 31 2017,Benton,WA,Truck,0,0,0,39851,39851,0.00
April 30 2019,DuPage,IL,Passenger,1,0,1,63,64,1.56
March 31 2022,Queens,NY,Passenger,1,0,1,51,52,1.92
September 30 2021,Sevier,AR,Passenger,0,1,1,0,1,100.00
June 30 2019,Island,WA,Passenger,317,241,558,63361,63919,0.87
March 31 2023,San Juan,WA,Passenger,596,174,770,13861,14631,5.26
June 30 2022,Orange,CA,Passenger,5,3,8,374,382,2.09
May 31 2019,Island,WA,Passenger,315,235,550,63324,63874,0.86
March 31 2018,San Diego,CA,Passenger,6,1,7,2562,2569,0.27
August 31 2021,Kitsap,WA,Passenger,1951,887,2838,180578,183416,1.55
July 31 2022,Snohomish,WA,Truck,27,0,27,123483,123510,0.02
August 31 2021,Wake,NC,Passenger,1,0,1,128,129,0.78
September 30 2018,Clark,WA,Passenger,1089,784,1873,309698,311571,0.60
March 31 2021,Okanogan,WA,Passenger,57,35,92,26219,26311,0.35
October 31 2023,Douglas,WA,Passenger,235,76,311,28326,28637,1.09
October 31 2019,Asotin,WA,Truck,0,0,0,6694,6694,0.00
September 30 2020,Sedgwick,KS,Passenger,1,1,2,96,98,2.04
July 31 2019,Kootenai,ID,Passenger,1,1,2,221,223,0.90
May 31 2020,Denver,CO,Passenger,1,0,1,117,118,0.85
April 30 2018,San Francisco,CA,Passenger,0,1,1,136,137,0.73
March 31 2023,Palm Beach,FL,Passenger,1,0,1,46,47,2.13
June 30 2017,Manatee,FL,Passenger,1,0,1,46,47,2.13
July 31 2018,Montgomery,PA,Passenger,2,0,2,33,35,5.71
January 31 2020,Dallas,IA,Passenger,0,1,1,10,11,9.09
January 31 2022,Wilson,TX,Passenger,0,1,1,3,4,25.00
July 31 2022,Duval,FL,Passenger,0,2,2,282,284,0.70
September 30 2020,Lincoln,WA,Passenger,5,10,15,7595,7610,0.20
December 31 2020,St. Louis,MO,Passenger,1,0,1,100,101,0.99
January 31 2018,Columbia,WA,Truck,0,0,0,1545,1545,0.00
November 30 2023,Arapahoe,CO,Passenger,1,1,2,60,62,3.23
May 31 2020,Cowlitz,WA,Truck,0,0,0,28755,28755,0.00
June 30 2023,Kern,CA,Passenger,1,1,2,170,172,1.16
November 30 2023,Prince George's,MD,Passenger,3,1,4,95,99,4.04
May 31 2020,Rockingham,NH,Passenger,1,0,1,26,27,3.70
October 31 2022,Kauai,HI,Passenger,1,0,1,16,17,5.88
January 31 2017,King,WA,Truck,8,1,9,191074,191083,0.00
January 31 2018,Snohomish,WA,Truck,1,0,1,121550,121551,0.00
June 30 2022,Multnomah,OR,Passenger,0,3,3,546,549,0.55
January 31 2021,Clallam,WA,Passenger,281,190,471,49963,50434,0.93
August 31 2017,Riverside,CA,Passenger,1,2,3,766,769,0.39
March 31 2019,Klickitat,WA,Passenger,32,31,63,15422,15485,0.41
February 28 2021,RÃ­o Grande,PR,Passenger,1,0,1,1,2,50.00
May 31 2018,Dallas,TX,Passenger,0,1,1,196,197,0.51
September 30 2022,Orange,FL,Passenger,1,0,1,81,82,1.22
August 31 2017,Hamilton,IN,Passenger,1,0,1,58,59,1.69
February 28 2023,Elmore,ID,Passenger,1,0,1,13,14,7.14
June 30 2019,Wahkiakum,WA,Truck,0,0,0,1755,1755,0.00
February 28 2017,Whitman,WA,Truck,0,0,0,8401,8401,0.00
March 31 2018,Marion,IN,Passenger,1,0,1,118,119,0.84
July 31 2019,Hillsborough,FL,Passenger,0,1,1,201,202,0.50
June 30 2017,Nueces,TX,Passenger,0,1,1,96,97,1.03
November 30 2018,Kalamazoo,MI,Passenger,1,0,1,16,17,5.88
January 31 2018,Ferry,WA,Passenger,1,3,4,4408,4412,0.09
September 30 2021,Harrison,MS,Passenger,2,0,2,53,55,3.64
January 31 2020,Franklin,WA,Passenger,57,76,133,61082,61215,0.22
May 31 2023,Salt Lake,UT,Passenger,0,1,1,101,102,0.98
September 30 2023,Philadelphia,PA,Passenger,1,0,1,31,32,3.12
December 31 2022,Kent,DE,Passenger,1,0,1,50,51,1.96
December 31 2022,Washington,MD,Passenger,2,0,2,14,16,12.50
April 30 2022,Arlington,VA,Passenger,1,0,1,136,137,0.73
March 31 2023,Carroll,MD,Passenger,0,1,1,20,21,4.76
July 31 2020,Wahkiakum,WA,Passenger,6,6,12,3000,3012,0.40
March 31 2021,Ramsey,MN,Passenger,1,0,1,34,35,2.86
May 31 2023,Galveston,TX,Passenger,0,1,1,17,18,5.56
September 30 2020,Kern,CA,Passenger,0,1,1,223,224,0.45
July 31 2020,Hillsborough,FL,Passenger,0,1,1,175,176,0.57
August 31 2021,Spartanburg,SC,Passenger,0,1,1,52,53,1.89
August 31 2022,Fairbanks North Star,AK,Passenger,0,1,1,70,71,1.41
May 31 2023,Nueces,TX,Passenger,0,1,1,50,51,1.96
May 31 2022,Pennington,SD,Passenger,2,0,2,29,31,6.45
October 31 2019,Kittitas,WA,Passenger,87,45,132,29963,30095,0.44
September 30 2023,Whatcom,WA,Passenger,2718,952,3670,146243,149913,2.45
April 30 2022,Jefferson,WA,Passenger,415,210,625,24719,25344,2.47
February 28 2023,Clark,NV,Passenger,8,2,10,431,441,2.27
August 31 2019,Denver,CO,Passenger,1,0,1,124,125,0.80
April 30 2017,Pend Oreille,WA,Truck,0,0,0,5584,5584,0.00
January 31 2019,Montgomery,MD,Passenger,1,0,1,280,281,0.36
August 31 2022,San Joaquin,CA,Passenger,1,1,2,89,91,2.20
February 28 2019,Saratoga,NY,Passenger,1,0,1,60,61,1.64
September 30 2021,Carroll,NH,Passenger,0,1,1,5,6,16.67
April 30 2023,Virginia Beach,VA,Truck,1,0,1,104,105,0.95
April 30 2019,Frederick,MD,Passenger,1,1,2,80,82,2.44
April 30 2019,Flathead,MT,Passenger,1,0,1,64,65,1.54
April 30 2017,Arlington,VA,Passenger,1,1,2,169,171,1.17
February 28 2018,Richland,SC,Passenger,0,1,1,173,174,0.57
September 30 2023,Ferry,WA,Truck,0,0,0,3500,3500,0.00
April 30 2022,Lincoln,WA,Passenger,7,18,25,7667,7692,0.33
May 31 2017,Island,WA,Truck,0,0,0,20525,20525,0.00
October 31 2018,Bexar,TX,Passenger,3,4,7,735,742,0.94
January 31 2018,Virginia Beach,VA,Passenger,2,1,3,674,677,0.44
December 31 2021,San Bernardino,CA,Passenger,0,1,1,360,361,0.28
September 30 2022,Stevens,WA,Truck,1,0,1,18897,18898,0.01
March 31 2022,Placer,CA,Passenger,2,0,2,74,76,2.63
June 30 2020,Vigo,IN,Passenger,1,0,1,5,6,16.67
March 31 2022,Fort Bend,TX,Passenger,1,0,1,32,33,3.03
October 31 2022,Charleston,SC,Passenger,2,2,4,60,64,6.25
July 31 2017,Kent,MI,Passenger,0,1,1,37,38,2.63
June 30 2019,Mecklenburg,NC,Passenger,1,0,1,88,89,1.12
January 31 2019,Kern,CA,Passenger,0,1,1,231,232,0.43
April 30 2022,Clark,WA,Passenger,3863,1692,5555,317720,323275,1.72
February 28 2021,Stevens,WA,Passenger,38,42,80,30217,30297,0.26
May 31 2022,San Juan,WA,Truck,1,0,1,5976,5977,0.02
August 31 2017,Maui,HI,Passenger,1,0,1,69,70,1.43
December 31 2018,Broward,FL,Passenger,2,1,3,130,133,2.26
February 29 2020,Shelby,TN,Passenger,0,1,1,96,97,1.03
April 30 2020,Charles,MD,Passenger,0,1,1,78,79,1.27
March 31 2019,Arlington,VA,Passenger,1,2,3,166,169,1.78
January 31 2021,Gwinnett,GA,Passenger,1,0,1,68,69,1.45
June 30 2022,Kings,CA,Passenger,2,1,3,311,314,0.96
January 31 2019,Norfolk,VA,Passenger,2,2,4,344,348,1.15
March 31 2019,Thurston,WA,Truck,0,0,0,54946,54946,0.00
February 28 2021,New London,CT,Passenger,1,2,3,226,229,1.31
June 30 2017,Dale,AL,Passenger,0,1,1,64,65,1.54
October 31 2023,El Paso,TX,Passenger,3,0,3,247,250,1.20
October 31 2020,Hudson,NJ,Passenger,1,0,1,41,42,2.38
April 30 2022,Fort Bend,TX,Passenger,1,0,1,31,32,3.12
September 30 2020,Boulder,CO,Passenger,1,1,2,47,49,4.08
September 30 2020,Collier,FL,Passenger,1,0,1,19,20,5.00
July 31 2023,Maui,HI,Passenger,1,0,1,21,22,4.55
October 31 2022,DeKalb,GA,Passenger,1,0,1,50,51,1.96
October 31 2021,Okanogan,WA,Passenger,66,44,110,26565,26675,0.41
November 30 2022,Skamania,WA,Truck,0,0,0,3894,3894,0.00
December 31 2021,Pima,AZ,Passenger,1,1,2,268,270,0.74
November 30 2019,Ferry,WA,Truck,0,0,0,3582,3582,0.00
March 31 2022,Charles,MD,Passenger,0,1,1,63,64,1.56
March 31 2022,Monterey,CA,Passenger,1,2,3,132,135,2.22
December 31 2022,Collier,FL,Passenger,1,0,1,14,15,6.67
August 31 2020,Jefferson,WA,Passenger,249,144,393,24645,25038,1.57
May 31 2021,Pima,AZ,Passenger,2,1,3,301,304,0.99
December 31 2018,Clark,NV,Passenger,3,2,5,726,731,0.68
April 30 2022,Skagit,WA,Passenger,751,328,1079,90272,91351,1.18
November 30 2023,Shelby,AL,Passenger,1,0,1,5,6,16.67
April 30 2019,Vigo,IN,Passenger,1,0,1,5,6,16.67
May 31 2023,Virginia Beach,VA,Truck,1,0,1,101,102,0.98
January 31 2022,Hudson,NJ,Passenger,2,0,2,39,41,4.88
February 28 2019,Randolph,NC,Passenger,1,0,1,6,7,14.29
November 30 2020,Snohomish,WA,Passenger,4955,1821,6776,537975,544751,1.24
February 29 2020,Island,WA,Passenger,401,264,665,63435,64100,1.04
May 31 2017,Fairfax,VA,Passenger,3,2,5,863,868,0.58
March 31 2021,Garfield,WA,Passenger,0,2,2,1363,1365,0.15
April 30 2018,Clallam,WA,Truck,0,0,0,21359,21359,0.00
September 30 2023,Harnett,NC,Passenger,4,0,4,126,130,3.08
May 31 2021,Camden,NJ,Passenger,0,1,1,15,16,6.25
June 30 2021,Penobscot,ME,Passenger,0,1,1,9,10,10.00
November 30 2023,Charleston,SC,Passenger,1,2,3,44,47,6.38
February 28 2017,Mercer,NJ,Passenger,0,1,1,22,23,4.35
December 31 2018,Douglas,WA,Passenger,50,34,84,28008,28092,0.30
March 31 2023,Pend Oreille,WA,Passenger,28,13,41,8923,8964,0.46
July 31 2017,Pima,AZ,Passenger,1,2,3,437,440,0.68
October 31 2023,Benton,WA,Truck,31,0,31,42271,42302,0.07
July 31 2023,Benton,WA,Passenger,1172,575,1747,134991,136738,1.28
October 31 2021,Richland,SC,Passenger,0,2,2,134,136,1.47
May 31 2019,Oklahoma,OK,Passenger,0,1,1,124,125,0.80
May 31 2023,Placer,CA,Passenger,1,0,1,58,59,1.69
June 30 2021,Wilson,TX,Passenger,0,1,1,4,5,20.00
April 30 2019,Kitsap,WA,Passenger,1007,575,1582,180171,181753,0.87
March 31 2020,Richmond,GA,Passenger,0,1,1,90,91,1.10
July 31 2022,Howard,IN,Passenger,0,1,1,4,5,20.00
January 31 2019,Middlesex,MA,Passenger,1,1,2,122,124,1.61
July 31 2023,Currituck,NC,Passenger,1,0,1,17,18,5.56
October 31 2019,Randolph,NC,Passenger,1,0,1,6,7,14.29
April 30 2019,Prince George's,MD,Passenger,1,1,2,185,187,1.07
February 29 2020,Harris,TX,Passenger,1,0,1,247,248,0.40
September 30 2019,Harnett,NC,Passenger,1,1,2,219,221,0.90
May 31 2018,Fairfax,VA,Passenger,3,2,5,838,843,0.59
October 31 2017,Stevens,WA,Truck,0,0,0,18303,18303,0.00
March 31 2021,Mason,WA,Passenger,185,137,322,47887,48209,0.67
February 28 2019,Nassau,NY,Passenger,3,0,3,39,42,7.14
August 31 2017,Wayne,MI,Passenger,0,1,1,69,70,1.43
November 30 2020,Dakota,MN,Passenger,0,1,1,31,32,3.12
December 31 2021,Frederick,MD,Passenger,1,1,2,72,74,2.70
October 31 2023,Maui,HI,Passenger,1,0,1,18,19,5.26
December 31 2018,Randolph,NC,Passenger,1,0,1,6,7,14.29
June 30 2017,Skagit,WA,Truck,1,0,1,31458,31459,0.00
March 31 2019,Clackamas,OR,Passenger,1,1,2,205,207,0.97
October 31 2019,Cumberland,NC,Passenger,0,2,2,499,501,0.40
November 30 2023,King,WA,Truck,956,2,958,167455,168413,0.57
October 31 2018,Duval,FL,Passenger,1,2,3,386,389,0.77
February 28 2017,Fairfax,VA,Passenger,3,2,5,878,883,0.57
September 30 2018,Lee,AL,Passenger,1,0,1,37,38,2.63
May 31 2020,Shasta,CA,Passenger,1,0,1,38,39,2.56
March 31 2023,Madison,IL,Passenger,1,0,1,16,17,5.88
April 30 2022,Wichita,TX,Passenger,1,0,1,41,42,2.38
April 30 2019,Oldham,KY,Passenger,0,1,1,5,6,16.67
May 31 2020,Richmond,GA,Passenger,0,1,1,87,88,1.14
March 31 2021,Maricopa,AZ,Passenger,5,6,11,1315,1326,0.83
May 31 2018,Franklin,WA,Passenger,38,63,101,57688,57789,0.17
January 31 2019,Contra Costa,CA,Passenger,1,2,3,400,403,0.74
July 31 2017,Sedgwick,KS,Passenger,0,1,1,111,112,0.89
May 31 2020,Harrison,MS,Passenger,1,0,1,56,57,1.75
September 30 2022,Sarpy,NE,Passenger,1,0,1,56,57,1.75
September 30 2021,Houston,GA,Passenger,1,0,1,42,43,2.33
June 30 2017,Nantucket,MA,Passenger,1,0,1,3,4,25.00
July 31 2021,Grant,WA,Truck,0,0,0,27928,27928,0.00
June 30 2020,Asotin,WA,Truck,0,0,0,6639,6639,0.00
August 31 2021,Baltimore,MD,Passenger,1,0,1,97,98,1.02
January 31 2017,Lewis,WA,Truck,0,0,0,24794,24794,0.00
August 31 2017,Alameda,CA,Passenger,0,1,1,362,363,0.28
August 31 2019,Bexar,TX,Passenger,2,5,7,659,666,1.05
June 30 2021,Pima,AZ,Passenger,2,1,3,293,296,1.01
October 31 2019,San Juan,WA,Truck,0,0,0,5921,5921,0.00
May 31 2018,Yakima,WA,Truck,0,0,0,58336,58336,0.00
May 31 2017,Ferry,WA,Truck,0,0,0,3546,3546,0.00
March 31 2018,Adams,WA,Truck,0,0,0,5151,5151,0.00
March 31 2020,Charleston,SC,Passenger,1,0,1,111,112,0.89
August 31 2017,Whatcom,WA,Passenger,481,182,663,143543,144206,0.46
November 30 2018,Pacific,WA,Passenger,20,23,43,15803,15846,0.27
July 31 2018,Richmond,GA,Passenger,0,1,1,93,94,1.06
August 31 2021,Cowlitz,WA,Truck,0,1,1,29079,29080,0.00
September 30 2022,San Mateo,CA,Passenger,1,0,1,79,80,1.25
January 31 2022,San Joaquin,CA,Passenger,1,1,2,97,99,2.02
September 30 2019,Clay,FL,Passenger,0,1,1,84,85,1.18
May 31 2022,Okaloosa,FL,Passenger,0,1,1,103,104,0.96
March 31 2023,Montgomery,PA,Passenger,1,0,1,17,18,5.56
May 31 2022,Ulster,NY,Passenger,1,0,1,13,14,7.14
December 31 2020,Collier,FL,Passenger,1,0,1,18,19,5.26
August 31 2021,Las Animas,CO,Passenger,1,0,1,0,1,100.00
February 28 2021,Skagit,WA,Passenger,535,247,782,91330,92112,0.85
April 30 2020,St. Mary's,MD,Passenger,1,0,1,218,219,0.46
December 31 2020,Adams,WA,Truck,0,0,0,5337,5337,0.00
November 30 2018,Franklin,WA,Passenger,38,64,102,58939,59041,0.17
May 31 2022,Lincoln,WA,Truck,0,0,0,4840,4840,0.00
July 31 2020,Pima,AZ,Passenger,3,1,4,354,358,1.12
February 28 2017,Tulare,CA,Passenger,1,0,1,200,201,0.50
June 30 2017,Sumter,FL,Passenger,0,1,1,10,11,9.09
June 30 2022,Boone,MO,Passenger,0,1,1,8,9,11.11
January 31 2018,Saratoga,NY,Passenger,1,1,2,67,69,2.90
March 31 2021,Yakima,WA,Passenger,189,135,324,168206,168530,0.19
November 30 2021,DeKalb,GA,Passenger,1,0,1,64,65,1.54
July 31 2020,Clark,NV,Passenger,3,2,5,683,688,0.73
May 31 2020,Jefferson,NY,Passenger,0,1,1,207,208,0.48
October 31 2017,Tulare,CA,Passenger,1,0,1,193,194,0.52
April 30 2021,Spokane,WA,Passenger,999,610,1609,324763,326372,0.49
September 30 2021,Garfield,WA,Truck,0,0,0,997,997,0.00
August 31 2023,Harnett,NC,Passenger,4,0,4,126,130,3.08
December 31 2019,Placer,CA,Passenger,1,0,1,102,103,0.97
August 31 2020,Norfolk,VA,Passenger,2,2,4,346,350,1.14
December 31 2019,Garfield,WA,Passenger,0,1,1,1305,1306,0.08
September 30 2018,Nueces,TX,Passenger,1,1,2,87,89,2.25
January 31 2020,Carson City,NV,Passenger,1,0,1,9,10,10.00
January 31 2020,Klickitat,WA,Truck,0,0,0,8298,8298,0.00
September 30 2020,Chelan,WA,Passenger,260,80,340,54299,54639,0.62
February 28 2018,Benton,WA,Passenger,175,179,354,130449,130803,0.27
September 30 2022,Escambia,FL,Passenger,0,1,1,134,135,0.74
February 29 2020,Jones,GA,Passenger,1,0,1,1,2,50.00
June 30 2022,Fairbanks North Star,AK,Passenger,0,1,1,74,75,1.33
December 31 2018,Polk,FL,Passenger,1,0,1,65,66,1.52
March 31 2020,Eagle,CO,Passenger,1,0,1,10,11,9.09
June 30 2017,Cowlitz,WA,Passenger,50,60,110,69649,69759,0.16
October 31 2020,Chelan,WA,Passenger,265,82,347,54365,54712,0.63
November 30 2019,Ferry,WA,Passenger,5,2,7,4415,4422,0.16
August 31 2019,Orange,CA,Passenger,6,3,9,548,557,1.62
September 30 2019,Franklin,WA,Passenger,51,73,124,60354,60478,0.21
March 31 2021,Pierce,WA,Passenger,3125,1844,4969,556505,561474,0.88
November 30 2021,Harford,MD,Passenger,1,1,2,56,58,3.45
December 31 2022,Fairbanks North Star,AK,Passenger,0,1,1,62,63,1.59
November 30 2019,Oklahoma,OK,Passenger,0,1,1,130,131,0.76
April 30 2020,Oldham,KY,Passenger,0,1,1,4,5,20.00
November 30 2020,Clark,WA,Passenger,2284,1140,3424,318764,322188,1.06
September 30 2018,Douglas,WA,Truck,0,0,0,12010,12010,0.00
February 28 2018,Douglas,WA,Truck,0,0,0,11811,11811,0.00
July 31 2022,Grays Harbor,WA,Truck,2,0,2,21227,21229,0.01
August 31 2020,Prince William,VA,Passenger,2,2,4,225,229,1.75
February 28 2023,Walla Walla,WA,Passenger,206,107,313,35689,36002,0.87
February 29 2020,St. Mary's,MD,Passenger,1,0,1,217,218,0.46
January 31 2017,Montgomery,MD,Passenger,1,0,1,316,317,0.32
August 31 2019,Travis,TX,Passenger,3,1,4,206,210,1.90
July 31 2019,Penobscot,ME,Passenger,0,1,1,14,15,6.67
October 31 2018,Charles,MD,Passenger,0,1,1,83,84,1.19
June 30 2017,Hawaii,HI,Passenger,1,0,1,82,83,1.20
June 30 2023,Stafford,VA,Passenger,3,1,4,75,79,5.06
December 31 2019,Fulton,GA,Passenger,0,2,2,103,105,1.90
April 30 2019,Collin,TX,Passenger,2,1,3,140,143,2.10
February 28 2022,Harnett,NC,Passenger,1,0,1,155,156,0.64
September 30 2022,Stevens,WA,Passenger,81,56,137,30048,30185,0.45
November 30 2019,Cascade,MT,Passenger,0,1,1,59,60,1.67
February 28 2017,Middlesex,MA,Passenger,1,0,1,160,161,0.62
November 30 2017,Sedgwick,KS,Passenger,0,1,1,107,108,0.93
March 31 2021,Nassau,NY,Passenger,4,0,4,31,35,11.43
September 30 2022,Rockdale,GA,Passenger,1,0,1,6,7,14.29
August 31 2019,Shasta,CA,Passenger,1,0,1,43,44,2.27
July 31 2017,Gwinnett,GA,Passenger,0,1,1,86,87,1.15
May 31 2022,Skagit,WA,Truck,2,0,2,32390,32392,0.01
May 31 2021,Okanogan,WA,Passenger,61,37,98,26406,26504,0.37
March 31 2017,Muscogee,GA,Passenger,0,1,1,253,254,0.39
June 30 2017,Asotin,WA,Passenger,6,3,9,12425,12434,0.07
December 31 2019,Stevens,WA,Truck,0,0,0,18758,18758,0.00
April 30 2022,Lake,IL,Passenger,3,0,3,149,152,1.97
April 30 2022,Allegheny,PA,Passenger,1,1,2,61,63,3.17
December 31 2017,Richland,SC,Passenger,0,1,1,172,173,0.58
June 30 2020,Denton,TX,Passenger,1,0,1,90,91,1.10
October 31 2017,Sumter,FL,Passenger,0,1,1,10,11,9.09
June 30 2018,Grays Harbor,WA,Passenger,52,58,110,46573,46683,0.24
September 30 2019,King,WA,Passenger,20419,7282,27701,1394663,1422364,1.95
May 31 2022,Pend Oreille,WA,Truck,0,0,0,5627,5627,0.00
March 31 2022,Douglas,CO,Passenger,0,1,1,83,84,1.19
March 31 2021,Garfield,WA,Truck,0,0,0,1011,1011,0.00
November 30 2022,Benton,WA,Truck,7,0,7,43396,43403,0.02
April 30 2021,Clark,WA,Truck,0,0,0,84180,84180,0.00
June 30 2017,New Haven,CT,Passenger,0,1,1,56,57,1.75
November 30 2019,Nueces,TX,Passenger,1,1,2,87,89,2.25
October 31 2023,Burlington,NJ,Passenger,2,2,4,78,82,4.88
May 31 2023,Dorchester,SC,Passenger,1,0,1,39,40,2.50
January 31 2022,Boulder,CO,Passenger,2,1,3,45,48,6.25
July 31 2020,Stevens,WA,Passenger,37,35,72,30615,30687,0.23
July 31 2018,Lincoln,WA,Passenger,3,6,9,7748,7757,0.12
October 31 2019,Spartanburg,SC,Passenger,0,1,1,43,44,2.27
September 30 2023,Charleston,SC,Passenger,1,2,3,49,52,5.77
April 30 2020,Ventura,CA,Passenger,0,2,2,302,304,0.66
December 31 2020,Whitman,WA,Truck,0,0,0,8512,8512,0.00
April 30 2020,Duval,FL,Passenger,0,2,2,366,368,0.54
October 31 2017,Richmond,GA,Passenger,0,1,1,90,91,1.10
August 31 2023,Dallas,TX,Passenger,1,0,1,69,70,1.43
November 30 2021,Clinton,PA,Passenger,1,0,1,0,1,100.00
April 30 2023,Thurston,WA,Passenger,2918,1195,4113,190667,194780,2.11
June 30 2020,Benton,WA,Passenger,358,321,679,134208,134887,0.50
February 28 2022,Calvert,MD,Passenger,0,2,2,78,80,2.50
October 31 2020,Prince George's,MD,Passenger,2,1,3,156,159,1.89
August 31 2022,Denton,TX,Passenger,1,0,1,60,61,1.64
January 31 2017,Anne Arundel,MD,Passenger,0,1,1,516,517,0.19
January 31 2021,San Francisco,CA,Passenger,1,1,2,98,100,2.00
January 31 2019,Jefferson,NY,Passenger,0,1,1,231,232,0.43
August 31 2023,Wahkiakum,WA,Passenger,27,18,45,3024,3069,1.47
July 31 2019,Garfield,WA,Passenger,1,1,2,1297,1299,0.15
December 31 2017,Lincoln,WA,Passenger,2,5,7,7569,7576,0.09
May 31 2022,Virginia Beach,VA,Passenger,3,0,3,525,528,0.57
March 31 2019,Adams,WA,Passenger,4,6,10,12630,12640,0.08
October 31 2021,Klickitat,WA,Truck,0,0,0,8310,8310,0.00
November 30 2023,Greene,OH,Passenger,1,0,1,24,25,4.00
July 31 2017,Tulare,CA,Passenger,1,0,1,195,196,0.51
April 30 2021,San Francisco,CA,Passenger,1,1,2,98,100,2.00
April 30 2023,Miami-Dade,FL,Passenger,1,0,1,58,59,1.69
November 30 2023,Plaquemines,LA,Passenger,1,1,2,14,16,12.50
December 31 2022,Beaufort,SC,Passenger,1,0,1,26,27,3.70
July 31 2018,Kittitas,WA,Passenger,48,32,80,28990,29070,0.28
June 30 2019,,,Passenger,4,2,6,407,413,1.45
October 31 2019,Asotin,WA,Passenger,12,8,20,12641,12661,0.16
September 30 2018,Thurston,WA,Truck,0,0,0,54641,54641,0.00
August 31 2018,Shelby,TN,Passenger,0,1,1,104,105,0.95
October 31 2017,Franklin,OH,Passenger,0,1,1,112,113,0.88
April 30 2022,Loudoun,VA,Passenger,2,1,3,64,67,4.48
August 31 2019,Jefferson,CO,Passenger,0,2,2,61,63,3.17
July 31 2020,Camden,NJ,Passenger,0,1,1,22,23,4.35
November 30 2021,Meade,KY,Passenger,1,0,1,22,23,4.35
December 31 2019,Pacific,WA,Passenger,30,30,60,16116,16176,0.37
March 31 2020,Jefferson,WA,Passenger,234,141,375,25067,25442,1.47
December 31 2018,Alameda,CA,Passenger,0,2,2,328,330,0.61
April 30 2019,San Diego,CA,Passenger,11,3,14,2666,2680,0.52
March 31 2021,St. Mary's,MD,Passenger,1,0,1,217,218,0.46
August 31 2017,Lewis,WA,Truck,0,0,0,25016,25016,0.00
June 30 2020,Norfolk,VA,Passenger,2,2,4,348,352,1.14
September 30 2021,San Mateo,CA,Passenger,1,0,1,97,98,1.02
November 30 2020,Hudson,NJ,Passenger,1,0,1,40,41,2.44
May 31 2020,Palm Beach,FL,Passenger,0,1,1,79,80,1.25
February 28 2017,Norfolk,MA,Passenger,1,0,1,38,39,2.56
November 30 2018,Dallas,TX,Passenger,0,1,1,204,205,0.49
September 30 2023,Rockingham,NH,Passenger,1,0,1,10,11,9.09
May 31 2019,Lumpkin,GA,Passenger,1,0,1,4,5,20.00
June 30 2019,Island,WA,Truck,0,0,0,21252,21252,0.00
January 31 2023,Lewis,WA,Passenger,280,186,466,59768,60234,0.77
November 30 2022,Honolulu,HI,Passenger,3,3,6,314,320,1.88
July 31 2019,Bergen,NJ,Passenger,1,0,1,26,27,3.70
March 31 2017,Clallam,WA,Truck,0,0,0,21039,21039,0.00
July 31 2020,RÃ­o Grande,PR,Passenger,1,0,1,1,2,50.00
April 30 2023,San Bernardino,CA,Passenger,2,1,3,267,270,1.11
July 31 2020,Harford,MD,Passenger,0,1,1,60,61,1.64
August 31 2021,Missoula,MT,Passenger,1,0,1,55,56,1.79
April 30 2021,Fort Bend,TX,Passenger,1,0,1,40,41,2.44
April 30 2023,Sedgwick,KS,Passenger,1,0,1,57,58,1.72
October 31 2023,New Haven,CT,Passenger,0,2,2,23,25,8.00
October 31 2019,Franklin,MA,Passenger,0,1,1,1,2,50.00
May 31 2023,Yakima,WA,Passenger,484,248,732,165910,166642,0.44
November 30 2023,Chelan,WA,Truck,37,0,37,22357,22394,0.17
April 30 2018,Ferry,WA,Truck,0,0,0,3500,3500,0.00
August 31 2019,Clallam,WA,Truck,1,0,1,21818,21819,0.00
April 30 2020,Collin,TX,Passenger,2,1,3,129,132,2.27
October 31 2020,Stafford,VA,Passenger,1,1,2,97,99,2.02
October 31 2023,Sedgwick,KS,Passenger,1,0,1,48,49,2.04
June 30 2018,Hardin,KY,Passenger,0,1,1,117,118,0.85
February 28 2019,Juneau,AK,Passenger,0,1,1,37,38,2.63
January 31 2023,Las Animas,CO,Passenger,1,0,1,0,1,100.00
September 30 2022,Orange,CA,Passenger,5,3,8,354,362,2.21
February 28 2021,Los Angeles,CA,Passenger,9,10,19,951,970,1.96
July 31 2023,Kittitas,WA,Truck,10,0,10,14540,14550,0.07
September 30 2023,Sacramento,CA,Passenger,4,0,4,132,136,2.94
February 28 2022,Washington,MD,Passenger,2,0,2,14,16,12.50
February 28 2022,Louisa,VA,Passenger,0,1,1,1,2,50.00
February 28 2017,Collier,FL,Passenger,1,0,1,21,22,4.55
March 31 2018,Montgomery,TX,Passenger,1,0,1,64,65,1.54
November 30 2022,Lincoln,WA,Truck,0,0,0,4855,4855,0.00
March 31 2019,King,WA,Truck,6,1,7,181742,181749,0.00
March 31 2018,District of Columbia,DC,Passenger,0,3,3,193,196,1.53
February 29 2020,Kootenai,ID,Passenger,1,1,2,228,230,0.87
August 31 2020,Pend Oreille,WA,Truck,0,0,0,5744,5744,0.00
July 31 2021,Vigo,IN,Passenger,1,0,1,5,6,16.67
May 31 2018,Santa Clara,CA,Passenger,7,0,7,387,394,1.78
July 31 2022,Howard,MD,Passenger,0,2,2,57,59,3.39
July 31 2019,Montgomery,AL,Passenger,0,1,1,42,43,2.33
September 30 2019,Greene,MO,Passenger,0,1,1,35,36,2.78
August 31 2021,RÃ­o Grande,PR,Passenger,1,0,1,0,1,100.00
June 30 2021,Washington,OR,Passenger,1,0,1,391,392,0.26
June 30 2022,Maricopa,AZ,Passenger,7,4,11,974,985,1.12
March 31 2022,King,WA,Truck,25,1,26,181990,182016,0.01
April 30 2022,Whatcom,WA,Truck,4,0,4,43443,43447,0.01
July 31 2021,Kings,CA,Passenger,1,0,1,327,328,0.30
March 31 2022,Columbia,WA,Passenger,6,0,6,2446,2452,0.24
November 30 2022,Arapahoe,CO,Passenger,0,1,1,82,83,1.20
May 31 2019,Kitsap,WA,Truck,1,0,1,54015,54016,0.00
October 31 2017,Clallam,WA,Truck,0,0,0,21148,21148,0.00
October 31 2023,Cook,IL,Passenger,3,1,4,128,132,3.03
November 30 2018,Clackamas,OR,Passenger,1,1,2,216,218,0.92
March 31 2017,Montgomery,PA,Passenger,1,0,1,41,42,2.38
February 29 2020,Sarasota,FL,Passenger,2,0,2,29,31,6.45
July 31 2023,Williamson,TX,Passenger,0,1,1,44,45,2.22
February 28 2018,Lincoln,WA,Passenger,2,5,7,7594,7601,0.09
April 30 2022,Honolulu,HI,Passenger,5,4,9,360,369,2.44
December 31 2019,Montgomery,OH,Passenger,0,1,1,48,49,2.04
May 31 2017,Walla Walla,WA,Truck,0,0,0,13190,13190,0.00
August 31 2023,Jefferson,WA,Truck,12,0,12,9289,9301,0.13
December 31 2020,Ada,ID,Passenger,0,1,1,257,258,0.39
December 31 2022,Onslow,NC,Passenger,0,1,1,158,159,0.63
July 31 2019,Bucks,PA,Passenger,1,0,1,23,24,4.17
December 31 2021,Clackamas,OR,Passenger,2,0,2,164,166,1.20
July 31 2017,Franklin,OH,Passenger,0,1,1,119,120,0.83
September 30 2023,Kent,DE,Passenger,1,0,1,39,40,2.50
January 31 2021,Spokane,WA,Passenger,909,550,1459,320899,322358,0.45
December 31 2017,Gwinnett,GA,Passenger,0,1,1,87,88,1.14
February 29 2020,Anne Arundel,MD,Passenger,1,1,2,428,430,0.47
April 30 2017,Thurston,WA,Truck,0,0,0,53248,53248,0.00
February 28 2022,El Paso,TX,Passenger,2,0,2,365,367,0.54
April 30 2019,Dale,AL,Passenger,0,1,1,55,56,1.79
July 31 2021,Polk,FL,Passenger,1,0,1,62,63,1.59
November 30 2019,Randolph,NC,Passenger,1,0,1,7,8,12.50
February 28 2022,Kitsap,WA,Passenger,2227,981,3208,179496,182704,1.76
February 28 2017,Clark,WA,Truck,0,0,0,77518,77518,0.00
August 31 2021,Leavenworth,KS,Passenger,0,1,1,120,121,0.83
November 30 2017,Lewis,WA,Truck,0,0,0,25237,25237,0.00
July 31 2023,Pierce,WA,Truck,168,0,168,136207,136375,0.12
November 30 2019,Whitman,WA,Passenger,41,46,87,22695,22782,0.38
October 31 2017,Fairfax,VA,Passenger,3,2,5,842,847,0.59
May 31 2018,Richmond,GA,Passenger,0,1,1,92,93,1.08
February 29 2020,San Mateo,CA,Passenger,0,1,1,124,125,0.80
November 30 2021,Loudoun,VA,Passenger,1,0,1,66,67,1.49
February 28 2018,Missoula,MT,Passenger,1,0,1,67,68,1.47
March 31 2017,Nassau,NY,Passenger,0,1,1,40,41,2.44
March 31 2022,Howard,IN,Passenger,0,1,1,6,7,14.29
November 30 2017,King,WA,Passenger,11127,4614,15741,1371362,1387103,1.13
May 31 2019,Asotin,WA,Passenger,12,8,20,12673,12693,0.16
May 31 2023,Stevens,WA,Passenger,110,64,174,29744,29918,0.58
May 31 2017,Kittitas,WA,Passenger,22,17,39,27357,27396,0.14
November 30 2021,Pinellas,FL,Passenger,0,1,1,95,96,1.04
July 31 2019,Los Angeles,CA,Passenger,7,5,12,1132,1144,1.05
August 31 2022,Skagit,WA,Truck,5,0,5,32216,32221,0.02
September 30 2023,Richmond,NY,Passenger,1,0,1,4,5,20.00
July 31 2022,Houston,GA,Passenger,1,0,1,29,30,3.33
December 31 2022,Pulaski,AR,Passenger,3,0,3,25,28,10.71
November 30 2018,Polk,FL,Passenger,1,0,1,64,65,1.54
December 31 2020,Santa Cruz,CA,Passenger,1,0,1,30,31,3.23
May 31 2017,Marin,CA,Passenger,1,0,1,59,60,1.67
January 31 2017,Lake,IL,Passenger,1,0,1,190,191,0.52
September 30 2022,Adams,WA,Truck,1,0,1,5425,5426,0.02
November 30 2020,New London,CT,Passenger,1,2,3,237,240,1.25
April 30 2020,Prince William,VA,Passenger,2,3,5,224,229,2.18
November 30 2017,Duval,FL,Passenger,1,1,2,365,367,0.54
August 31 2018,Pacific,WA,Passenger,19,22,41,15670,15711,0.26
April 30 2021,Alameda,CA,Passenger,4,0,4,253,257,1.56
December 31 2022,Harrison,MS,Passenger,1,0,1,37,38,2.63
July 31 2023,Collin,TX,Passenger,2,0,2,35,37,5.41
March 31 2022,Leavenworth,KS,Passenger,0,1,1,106,107,0.93
November 30 2020,Skamania,WA,Passenger,33,21,54,8301,8355,0.65
July 31 2017,Thurston,WA,Truck,0,0,0,53295,53295,0.00
December 31 2020,Maricopa,AZ,Passenger,6,8,14,1381,1395,1.00
November 30 2022,Bexar,TX,Passenger,4,3,7,413,420,1.67
April 30 2017,Okanogan,WA,Passenger,3,16,19,25591,25610,0.07
April 30 2022,Pend Oreille,WA,Truck,0,0,0,5653,5653,0.00
July 31 2021,Camden,NJ,Passenger,0,1,1,14,15,6.67
December 31 2019,Greene,MO,Passenger,0,1,1,34,35,2.86
May 31 2019,Berkshire,MA,Passenger,0,1,1,4,5,20.00
November 30 2018,Bergen,NJ,Passenger,1,0,1,27,28,3.57
January 31 2023,Island,WA,Passenger,955,401,1356,61439,62795,2.16
September 30 2022,Whatcom,WA,Truck,14,0,14,43094,43108,0.03
October 31 2018,District of Columbia,DC,Passenger,0,3,3,189,192,1.56
May 31 2021,Rockingham,NH,Passenger,1,0,1,24,25,4.00
January 31 2017,Grays Harbor,WA,Truck,0,0,0,19862,19862,0.00
March 31 2017,Kitsap,WA,Passenger,572,289,861,172475,173336,0.50
October 31 2019,El Paso,CO,Passenger,2,2,4,740,744,0.54
March 31 2018,Okanogan,WA,Truck,0,0,0,16333,16333,0.00
December 31 2017,Anne Arundel,MD,Passenger,0,1,1,476,477,0.21
September 30 2017,Manatee,FL,Passenger,1,0,1,42,43,2.33
September 30 2021,Missoula,MT,Passenger,1,0,1,55,56,1.79
January 31 2019,Rogers,OK,Passenger,1,0,1,5,6,16.67
September 30 2020,King,WA,Passenger,25386,7894,33280,1371241,1404521,2.37
September 30 2021,Baltimore,MD,Passenger,1,0,1,94,95,1.05
July 31 2022,Harris,TX,Passenger,1,0,1,143,144,0.69
May 31 2019,Pima,AZ,Passenger,0,1,1,413,414,0.24
May 31 2017,Kent,MI,Passenger,0,1,1,35,36,2.78
December 31 2021,Manassas,VA,Passenger,0,1,1,8,9,11.11
May 31 2018,Sedgwick,KS,Passenger,0,1,1,99,100,1.00
May 31 2021,Carroll,MD,Passenger,0,1,1,19,20,5.00
March 31 2017,Skagit,WA,Truck,1,0,1,31426,31427,0.00
March 31 2023,Virginia Beach,VA,Passenger,4,1,5,455,460,1.09
September 30 2021,Lewis,WA,Truck,0,0,0,26699,26699,0.00
June 30 2020,District of Columbia,DC,Passenger,2,1,3,203,206,1.46
May 31 2021,San Diego,CA,Passenger,18,6,24,2631,2655,0.90
November 30 2019,Santa Rosa,FL,Passenger,1,0,1,91,92,1.09
September 30 2017,Pinal,AZ,Passenger,2,0,2,229,231,0.87
January 31 2022,San Francisco,CA,Passenger,0,1,1,92,93,1.08
January 31 2021,Hamilton,IN,Passenger,2,0,2,37,39,5.13
March 31 2023,Cumberland,PA,Passenger,1,0,1,37,38,2.63
January 31 2020,Washington,OR,Passenger,1,0,1,462,463,0.22
April 30 2022,Walla Walla,WA,Passenger,163,91,254,36034,36288,0.70
February 28 2018,Montgomery,TN,Passenger,1,0,1,270,271,0.37
November 30 2022,Columbia,WA,Truck,0,0,0,1586,1586,0.00
October 31 2023,Whatcom,WA,Truck,75,0,75,41661,41736,0.18
June 30 2018,Mason,WA,Passenger,82,92,174,45708,45882,0.38
August 31 2021,Grant,WA,Truck,0,0,0,27991,27991,0.00
October 31 2019,Whatcom,WA,Passenger,949,470,1419,151445,152864,0.93
March 31 2021,Clark,NV,Passenger,5,2,7,654,661,1.06
May 31 2023,Washington,OR,Passenger,1,0,1,234,235,0.43
July 31 2023,Douglas,NE,Passenger,1,1,2,25,27,7.41
February 28 2023,Geary,KS,Passenger,1,0,1,72,73,1.37
March 31 2023,Geary,KS,Passenger,1,0,1,71,72,1.39
July 31 2021,Gwinnett,GA,Passenger,1,0,1,63,64,1.56
March 31 2023,Hamilton,OH,Passenger,1,0,1,30,31,3.23
January 31 2022,Sedgwick,KS,Passenger,1,1,2,87,89,2.25
December 31 2017,Mason,WA,Truck,0,0,0,19593,19593,0.00
June 30 2020,Franklin,WA,Truck,0,0,0,19968,19968,0.00
July 31 2022,Chelan,WA,Truck,4,0,4,23051,23055,0.02
March 31 2022,Jefferson,WA,Passenger,408,207,615,24682,25297,2.43
October 31 2017,Volusia,FL,Passenger,0,1,1,43,44,2.27
April 30 2019,Arlington,VA,Passenger,1,2,3,165,168,1.79
December 31 2022,Anchorage,AK,Passenger,1,0,1,115,116,0.86
September 30 2017,Richmond,GA,Passenger,0,1,1,90,91,1.10
May 31 2022,Nassau,NY,Passenger,3,0,3,31,34,8.82
November 30 2020,Orange,NC,Passenger,0,1,1,11,12,8.33
July 31 2020,Flathead,MT,Passenger,1,0,1,62,63,1.59
December 31 2022,Bryan,GA,Passenger,0,1,1,34,35,2.86
June 30 2020,Riverside,CA,Passenger,3,1,4,619,623,0.64
March 31 2019,Stevens,WA,Passenger,18,27,45,31621,31666,0.14
June 30 2020,Prince William,VA,Passenger,2,3,5,221,226,2.21
June 30 2021,Spokane,WA,Truck,0,0,0,102321,102321,0.00
July 31 2018,Walla Walla,WA,Truck,0,0,0,13468,13468,0.00
December 31 2020,Sedgwick,KS,Passenger,1,1,2,93,95,2.11
June 30 2020,San Juan,WA,Passenger,302,93,395,13963,14358,2.75
February 28 2019,Whatcom,WA,Passenger,785,380,1165,149616,150781,0.77
December 31 2020,Ferry,WA,Truck,0,0,0,3608,3608,0.00
August 31 2019,Klickitat,WA,Passenger,37,35,72,15621,15693,0.46
July 31 2020,Montgomery,TX,Passenger,1,0,1,55,56,1.79
April 30 2017,Wayne,MI,Passenger,0,1,1,72,73,1.37
September 30 2021,Essex,NJ,Passenger,2,0,2,12,14,14.29
October 31 2020,Skagit,WA,Passenger,466,231,697,91512,92209,0.76
January 31 2023,Stevens,WA,Passenger,95,57,152,29956,30108,0.50
April 30 2018,District of Columbia,DC,Passenger,0,3,3,190,193,1.55
November 30 2018,Montgomery,TX,Passenger,2,0,2,66,68,2.94
August 31 2019,San Juan,WA,Truck,0,0,0,5888,5888,0.00
April 30 2021,Jefferson,NY,Passenger,0,1,1,212,213,0.47
November 30 2022,Sarpy,NE,Passenger,1,0,1,56,57,1.75
March 31 2019,Wahkiakum,WA,Truck,0,0,0,1725,1725,0.00
February 28 2019,Lewis,WA,Truck,0,0,0,25696,25696,0.00
February 29 2020,Pacific,WA,Truck,0,0,0,7743,7743,0.00
November 30 2021,Island,WA,Passenger,700,342,1042,62883,63925,1.63
October 31 2021,Howard,IN,Passenger,0,1,1,6,7,14.29
February 28 2022,Ulster,NY,Passenger,1,0,1,13,14,7.14
September 30 2020,Mercer,NJ,Passenger,0,1,1,15,16,6.25
January 31 2020,Columbia,WA,Passenger,3,3,6,2448,2454,0.24
April 30 2021,Wilson,TX,Passenger,0,1,1,4,5,20.00
June 30 2021,Benton,WA,Passenger,517,394,911,136370,137281,0.66
September 30 2017,Riverside,CA,Passenger,1,2,3,748,751,0.40
December 31 2017,Klickitat,WA,Truck,0,0,0,7998,7998,0.00
December 31 2019,Clark,NV,Passenger,4,2,6,692,698,0.86
June 30 2023,DeKalb,GA,Passenger,1,0,1,43,44,2.27
October 31 2017,Orange,FL,Passenger,1,1,2,145,147,1.36
November 30 2018,Marion,OR,Passenger,1,0,1,122,123,0.81
August 31 2023,Ventura,CA,Passenger,2,2,4,194,198,2.02
October 31 2022,Hudson,NJ,Passenger,2,0,2,33,35,5.71
February 28 2021,Nassau,FL,Passenger,1,0,1,34,35,2.86
December 31 2021,Okaloosa,FL,Passenger,0,1,1,116,117,0.85
April 30 2023,Maui,HI,Passenger,1,0,1,20,21,4.76
February 28 2019,Jefferson,WA,Passenger,179,113,292,24859,25151,1.16
May 31 2018,Beaufort,SC,Passenger,1,0,1,39,40,2.50
May 31 2018,Mason,WA,Passenger,77,93,170,45589,45759,0.37
December 31 2019,Clallam,WA,Passenger,196,157,353,50867,51220,0.69
April 30 2023,Columbia,WA,Passenger,8,1,9,2409,2418,0.37
September 30 2021,Goochland,VA,Passenger,3,2,5,212,217,2.30
May 31 2022,El Paso,TX,Passenger,3,0,3,354,357,0.84
February 28 2022,Sonoma,CA,Passenger,0,1,1,81,82,1.22
February 28 2023,Pacific,WA,Truck,2,0,2,7829,7831,0.03
April 30 2023,Philadelphia,PA,Passenger,1,0,1,39,40,2.50
July 31 2023,Escambia,FL,Passenger,0,1,1,119,120,0.83
February 28 2018,Mason,WA,Truck,0,0,0,19726,19726,0.00
July 31 2021,Benton,WA,Truck,0,0,0,43647,43647,0.00
May 31 2018,Island,WA,Truck,0,0,0,20873,20873,0.00
May 31 2023,Calvert,MD,Passenger,1,1,2,70,72,2.78
September 30 2020,Stafford,VA,Passenger,1,1,2,96,98,2.04
March 31 2021,Montgomery,OH,Passenger,0,1,1,56,57,1.75
September 30 2017,Benton,WA,Passenger,163,150,313,129254,129567,0.24
July 31 2019,Grays Harbor,WA,Truck,0,0,0,20536,20536,0.00
January 31 2023,St. Louis,MO,Passenger,2,0,2,55,57,3.51
May 31 2020,St. Louis,MO,Passenger,1,0,1,102,103,0.97
September 30 2019,Santa Rosa,FL,Passenger,1,0,1,89,90,1.11
December 31 2022,Cumberland,PA,Passenger,1,0,1,36,37,2.70
October 31 2018,Manassas,VA,Passenger,0,1,1,9,10,10.00
January 31 2020,Thurston,WA,Passenger,1093,718,1811,199208,201019,0.90
October 31 2022,Pierce,WA,Passenger,5744,2445,8189,540386,548575,1.49
August 31 2020,Wahkiakum,WA,Passenger,6,6,12,3027,3039,0.39
October 31 2017,Yakima,WA,Truck,0,0,0,57811,57811,0.00
November 30 2017,Contra Costa,CA,Passenger,0,1,1,465,466,0.21
November 30 2022,Grays Harbor,WA,Truck,3,0,3,21100,21103,0.01
June 30 2018,Ferry,WA,Truck,0,0,0,3513,3513,0.00
April 30 2019,Okanogan,WA,Passenger,20,22,42,26018,26060,0.16
May 31 2018,Ventura,CA,Passenger,0,1,1,321,322,0.31
July 31 2023,San Bernardino,CA,Passenger,2,1,3,249,252,1.19
July 31 2018,Twin Falls,ID,Passenger,0,1,1,24,25,4.00
May 31 2020,Arlington,VA,Passenger,0,2,2,154,156,1.28
January 31 2022,Henrico,VA,Passenger,0,1,1,13,14,7.14
August 31 2018,Williamson,TX,Passenger,0,1,1,164,165,0.61
March 31 2022,Oldham,KY,Passenger,0,1,1,4,5,20.00
June 30 2022,Oldham,KY,Passenger,0,1,1,4,5,20.00
November 30 2019,Putnam,TN,Passenger,0,1,1,3,4,25.00
September 30 2018,Jefferson,NY,Passenger,0,1,1,229,230,0.43
August 31 2020,St. Louis,MO,Passenger,1,0,1,100,101,0.99
March 31 2022,Hudson,NJ,Passenger,2,0,2,37,39,5.13
October 31 2018,San Diego,CA,Passenger,9,2,11,2570,2581,0.43
August 31 2018,Klickitat,WA,Truck,0,0,0,8156,8156,0.00
May 31 2018,District of Columbia,DC,Passenger,0,3,3,188,191,1.57
October 31 2019,Fresno,CA,Passenger,1,0,1,201,202,0.50
October 31 2020,Clallam,WA,Passenger,252,173,425,49885,50310,0.84
June 30 2023,Wahkiakum,WA,Truck,2,0,2,1774,1776,0.11
November 30 2019,Clallam,WA,Passenger,195,153,348,50906,51254,0.68
November 30 2021,Franklin,WA,Passenger,154,103,257,62260,62517,0.41
April 30 2018,Anne Arundel,MD,Passenger,0,1,1,452,453,0.22
February 28 2018,Howard,MD,Passenger,0,1,1,88,89,1.12
January 31 2022,York,VA,Passenger,1,0,1,96,97,1.03
July 31 2021,Henrico,VA,Passenger,0,1,1,14,15,6.67
February 28 2022,Arlington,VA,Passenger,1,0,1,135,136,0.74
July 31 2022,Albemarle,VA,Passenger,2,0,2,18,20,10.00
May 31 2020,Cumberland,NC,Passenger,0,3,3,481,484,0.62
August 31 2019,Saratoga,NY,Passenger,1,0,1,51,52,1.92
December 31 2017,Grant,WA,Truck,0,0,0,25585,25585,0.00
March 31 2017,Canyon,ID,Passenger,0,1,1,105,106,0.94
January 31 2021,Clackamas,OR,Passenger,3,0,3,178,181,1.66
March 31 2023,Nassau,NY,Passenger,2,0,2,24,26,7.69
October 31 2023,Cumberland,PA,Passenger,1,1,2,27,29,6.90
November 30 2023,Jefferson,WA,Passenger,638,272,910,23605,24515,3.71
June 30 2019,Contra Costa,CA,Passenger,2,2,4,381,385,1.04
September 30 2022,Harris,TX,Passenger,1,0,1,142,143,0.70
July 31 2018,Island,WA,Passenger,206,195,401,62558,62959,0.64
January 31 2023,Williamsburg,VA,Passenger,0,1,1,8,9,11.11
March 31 2019,Camden,NJ,Passenger,0,1,1,26,27,3.70
May 31 2021,Howard,IN,Passenger,0,1,1,3,4,25.00
December 31 2021,Hamilton,OH,Passenger,1,0,1,38,39,2.56
November 30 2022,Clackamas,OR,Passenger,1,0,1,123,124,0.81
April 30 2020,Pierce,WA,Passenger,2347,1680,4027,548705,552732,0.73
May 31 2018,Okanogan,WA,Passenger,8,19,27,25881,25908,0.10
February 29 2020,Douglas,WA,Passenger,69,40,109,28267,28376,0.38
May 31 2020,District of Columbia,DC,Passenger,2,1,3,199,202,1.49
April 30 2023,Wahkiakum,WA,Passenger,27,16,43,3046,3089,1.39
October 31 2021,Mason,WA,Passenger,246,156,402,47888,48290,0.83
July 31 2023,Kings,CA,Passenger,2,2,4,268,272,1.47
October 31 2018,Whitman,WA,Truck,0,0,0,8534,8534,0.00
October 31 2023,Coryell,TX,Passenger,1,0,1,63,64,1.56
November 30 2021,Suffolk,MA,Passenger,0,2,2,29,31,6.45
January 31 2022,Pennington,SD,Passenger,2,0,2,31,33,6.06
December 31 2022,Sheridan,WY,Passenger,1,0,1,6,7,14.29
January 31 2022,New London,CT,Passenger,1,4,5,212,217,2.30
November 30 2022,Prince George's,MD,Passenger,3,1,4,120,124,3.23
September 30 2020,Douglas,CO,Passenger,0,1,1,80,81,1.23
December 31 2020,Wilson,TX,Passenger,0,1,1,6,7,14.29
March 31 2021,Portsmouth,VA,Passenger,0,1,1,81,82,1.22
March 31 2017,Lincoln,WA,Truck,0,0,0,4467,4467,0.00
August 31 2022,Okanogan,WA,Truck,1,0,1,16536,16537,0.01
July 31 2017,Grays Harbor,WA,Truck,0,0,0,19893,19893,0.00
December 31 2021,Kittitas,WA,Truck,0,0,0,14795,14795,0.00
March 31 2020,San Juan,WA,Truck,0,0,0,5929,5929,0.00
January 31 2021,Cowlitz,WA,Truck,0,0,0,28969,28969,0.00
January 31 2020,Nassau,NY,Passenger,4,0,4,43,47,8.51
March 31 2019,Washtenaw,MI,Passenger,1,0,1,37,38,2.63
May 31 2018,Skagit,WA,Passenger,198,163,361,90252,90613,0.40
February 28 2022,Alameda,CA,Passenger,5,0,5,215,220,2.27
July 31 2021,Suffolk,VA,Passenger,1,0,1,124,125,0.80
August 31 2019,Portsmouth,VA,Passenger,0,1,1,79,80,1.25
October 31 2023,Escambia,FL,Passenger,0,1,1,107,108,0.93
February 28 2023,Coryell,TX,Passenger,1,0,1,82,83,1.20
December 31 2020,Bucks,PA,Passenger,1,0,1,21,22,4.55
January 31 2019,Kitsap,WA,Truck,1,0,1,53726,53727,0.00
July 31 2020,Jefferson,WA,Truck,0,0,0,9541,9541,0.00
May 31 2022,Ferry,WA,Passenger,20,4,24,4433,4457,0.54
January 31 2023,Mason,WA,Truck,8,0,8,20882,20890,0.04
May 31 2023,Okanogan,WA,Truck,7,0,7,16478,16485,0.04
January 31 2017,Marion,OR,Passenger,1,0,1,242,243,0.41
October 31 2019,Tarrant,TX,Passenger,2,0,2,205,207,0.97
January 31 2023,Yavapai,AZ,Passenger,0,1,1,22,23,4.35
November 30 2020,RÃ­o Grande,PR,Passenger,1,0,1,1,2,50.00
March 31 2018,Montgomery,PA,Passenger,1,0,1,34,35,2.86
April 30 2019,Clay,FL,Passenger,0,1,1,84,85,1.18
July 31 2023,York,VA,Passenger,1,0,1,74,75,1.33
November 30 2019,Alexandria,VA,Passenger,1,0,1,145,146,0.68
January 31 2021,Williams,ND,Passenger,0,1,1,10,11,9.09
April 30 2022,Dorchester,SC,Passenger,1,0,1,62,63,1.59
February 28 2022,Grant,WA,Truck,0,0,0,28000,28000,0.00
December 31 2017,Ventura,CA,Passenger,0,1,1,335,336,0.30
September 30 2022,Travis,TX,Passenger,3,0,3,104,107,2.80
February 28 2022,Erie,NY,Passenger,1,0,1,31,32,3.12
June 30 2021,Shelby,OH,Passenger,0,1,1,1,2,50.00
November 30 2022,Sevier,AR,Passenger,0,1,1,0,1,100.00
September 30 2017,Ferry,WA,Truck,0,0,0,3540,3540,0.00
August 31 2021,Honolulu,HI,Passenger,5,3,8,392,400,2.00
July 31 2018,Jefferson,WA,Passenger,147,99,246,24579,24825,0.99
July 31 2022,Harford,MD,Passenger,1,1,2,49,51,3.92
May 31 2021,El Dorado,CA,Passenger,1,0,1,32,33,3.03
July 31 2022,Camden,NJ,Passenger,0,1,1,13,14,7.14
November 30 2023,Williamson,TX,Passenger,0,1,1,36,37,2.70
August 31 2022,Arapahoe,CO,Passenger,0,1,1,83,84,1.19
March 31 2017,Montgomery,TN,Passenger,1,0,1,290,291,0.34
January 31 2023,Ventura,CA,Passenger,3,2,5,221,226,2.21
January 31 2023,Whatcom,WA,Truck,37,0,37,43001,43038,0.09
October 31 2018,Island,WA,Truck,0,0,0,21119,21119,0.00
February 28 2019,Whitman,WA,Passenger,25,40,65,22752,22817,0.28
May 31 2023,New London,CT,Passenger,1,4,5,170,175,2.86
April 30 2018,Beaufort,SC,Passenger,1,0,1,40,41,2.44
May 31 2019,Collier,FL,Passenger,1,0,1,18,19,5.26
October 31 2020,Whatcom,WA,Truck,3,0,3,43460,43463,0.01
August 31 2017,Skamania,WA,Passenger,10,7,17,8570,8587,0.20
July 31 2023,San Juan,WA,Passenger,629,174,803,13749,14552,5.52
September 30 2022,Fairfax,VA,Passenger,7,3,10,605,615,1.63
June 30 2018,Stevens,WA,Passenger,11,25,36,31634,31670,0.11
October 31 2022,Okanogan,WA,Truck,1,0,1,16467,16468,0.01
December 31 2022,Pierce,WA,Truck,82,0,82,139520,139602,0.06
March 31 2021,Clark,WA,Truck,0,0,0,83831,83831,0.00
October 31 2020,,,Passenger,4,1,5,358,363,1.38
February 29 2020,District of Columbia,DC,Passenger,1,1,2,203,205,0.98
January 31 2022,Shelby,OH,Passenger,0,1,1,2,3,33.33
February 28 2021,Boulder,CO,Passenger,1,1,2,49,51,3.92
February 29 2020,Norfolk,VA,Passenger,2,2,4,354,358,1.12
April 30 2022,Kittitas,WA,Truck,0,0,0,14714,14714,0.00
February 29 2020,Clark,WA,Passenger,1970,1058,3028,320500,323528,0.94
February 29 2020,Franklin,WA,Truck,0,0,0,19894,19894,0.00
February 28 2019,Chelan,WA,Passenger,145,66,211,54157,54368,0.39
March 31 2019,Cook,IL,Passenger,1,0,1,251,252,0.40
November 30 2023,Nueces,TX,Passenger,1,1,2,40,42,4.76
December 31 2020,San Joaquin,CA,Passenger,1,0,1,113,114,0.88
October 31 2017,Dakota,MN,Passenger,0,2,2,40,42,4.76
October 31 2019,Owyhee,ID,Passenger,1,0,1,3,4,25.00
December 31 2020,Bartow,GA,Passenger,0,1,1,4,5,20.00
April 30 2017,DeKalb,IN,Passenger,1,0,1,1,2,50.00
June 30 2018,Allegheny,PA,Passenger,1,0,1,80,81,1.23
April 30 2021,Goochland,VA,Passenger,4,2,6,239,245,2.45
August 31 2021,King,WA,Truck,5,1,6,184025,184031,0.00
September 30 2017,New London,CT,Passenger,1,1,2,249,251,0.80
October 31 2020,Mason,WA,Truck,0,0,0,20831,20831,0.00
November 30 2022,Bell,TX,Passenger,1,0,1,305,306,0.33
July 31 2023,Miami-Dade,FL,Passenger,1,0,1,51,52,1.92
May 31 2017,Sedgwick,KS,Passenger,0,1,1,110,111,0.90
August 31 2017,Hamilton,TN,Passenger,1,0,1,20,21,4.76
August 31 2023,DuPage,IL,Passenger,0,1,1,31,32,3.12
September 30 2018,Grays Harbor,WA,Truck,0,0,0,20307,20307,0.00
February 28 2018,Cook,IL,Passenger,1,0,1,290,291,0.34
September 30 2023,Alameda,CA,Passenger,4,0,4,150,154,2.60
January 31 2022,Collier,FL,Passenger,1,0,1,18,19,5.26
August 31 2020,Alexandria,VA,Passenger,2,0,2,132,134,1.49
May 31 2019,Clark,WA,Truck,0,0,0,80181,80181,0.00
November 30 2017,Skamania,WA,Passenger,10,7,17,8576,8593,0.20
November 30 2022,Geary,KS,Passenger,1,0,1,78,79,1.27
January 31 2022,Klamath,OR,Passenger,1,0,1,31,32,3.12
April 30 2020,Nueces,TX,Passenger,1,0,1,82,83,1.20
November 30 2021,Plaquemines,LA,Passenger,0,1,1,18,19,5.26
September 30 2019,Kent,MI,Passenger,0,1,1,25,26,3.85
May 31 2023,Wichita,TX,Passenger,2,0,2,32,34,5.88
August 31 2021,Sevier,AR,Passenger,0,1,1,0,1,100.00
December 31 2017,Bexar,TX,Passenger,1,2,3,827,830,0.36
March 31 2021,Chelan,WA,Passenger,304,94,398,54530,54928,0.72
January 31 2021,New London,CT,Passenger,1,2,3,229,232,1.29
February 29 2020,Harrison,MS,Passenger,1,0,1,61,62,1.61
December 31 2020,Williams,ND,Passenger,0,1,1,10,11,9.09
August 31 2017,Essex,NJ,Passenger,1,0,1,15,16,6.25
October 31 2019,Albemarle,VA,Passenger,1,0,1,26,27,3.70
October 31 2023,Snohomish,WA,Passenger,14960,3345,18305,518269,536574,3.41
January 31 2022,Klickitat,WA,Passenger,90,54,144,15306,15450,0.93
April 30 2017,Virginia Beach,VA,Passenger,2,1,3,644,647,0.46
July 31 2018,Snohomish,WA,Truck,1,0,1,121678,121679,0.00
July 31 2019,Cowlitz,WA,Passenger,106,107,213,73137,73350,0.29
June 30 2023,Hardin,KY,Passenger,1,0,1,55,56,1.79
October 31 2022,Yellowstone,MT,Passenger,0,1,1,19,20,5.00
July 31 2018,Beaufort,SC,Passenger,1,0,1,39,40,2.50
February 28 2022,Clark,WA,Passenger,3627,1599,5226,318999,324225,1.61
January 31 2021,Richmond,GA,Passenger,0,1,1,79,80,1.25
January 31 2022,Spokane,WA,Truck,0,0,0,102603,102603,0.00
November 30 2022,Escambia,FL,Passenger,0,1,1,134,135,0.74
April 30 2017,Cobb,GA,Passenger,0,1,1,80,81,1.23
June 30 2023,San Bernardino,CA,Passenger,2,1,3,255,258,1.16
January 31 2018,Norfolk,MA,Passenger,1,0,1,37,38,2.63
August 31 2020,Bucks,PA,Passenger,1,0,1,22,23,4.35
May 31 2020,Camden,NJ,Passenger,0,1,1,22,23,4.35
October 31 2019,Monroe,IL,Passenger,1,0,1,4,5,20.00
October 31 2020,Monroe,IL,Passenger,1,0,1,2,3,33.33
December 31 2022,Clallam,WA,Truck,8,0,8,21874,21882,0.04
March 31 2020,Fairfax,VA,Passenger,5,3,8,752,760,1.05
January 31 2022,Chelan,WA,Truck,0,0,0,23061,23061,0.00
June 30 2020,Kern,CA,Passenger,0,1,1,223,224,0.45
April 30 2019,Montgomery,TX,Passenger,2,0,2,63,65,3.08
March 31 2017,Franklin,WA,Passenger,26,47,73,55307,55380,0.13
April 30 2017,Lincoln,WA,Truck,0,0,0,4462,4462,0.00
September 30 2023,Brevard,FL,Passenger,1,0,1,51,52,1.92
August 31 2019,Fulton,GA,Passenger,0,2,2,101,103,1.94
July 31 2022,Gwinnett,GA,Passenger,1,0,1,51,52,1.92
October 31 2018,St. Lucie,FL,Passenger,1,0,1,29,30,3.33
June 30 2023,Orange,NC,Passenger,0,1,1,3,4,25.00
February 28 2022,Sevier,AR,Passenger,0,1,1,0,1,100.00
January 31 2017,Bergen,NJ,Passenger,0,2,2,33,35,5.71
October 31 2022,Whatcom,WA,Passenger,1993,784,2777,148650,151427,1.83
May 31 2019,Jefferson,WA,Truck,0,0,0,9666,9666,0.00
February 28 2019,DeKalb,GA,Passenger,1,0,1,80,81,1.23
February 28 2023,Solano,CA,Passenger,4,0,4,144,148,2.70
July 31 2019,Manassas,VA,Passenger,0,1,1,9,10,10.00
September 30 2023,Washington,MD,Passenger,1,0,1,13,14,7.14
October 31 2022,District of Columbia,DC,Passenger,3,0,3,162,165,1.82
July 31 2022,Rock Island,IL,Passenger,0,1,1,11,12,8.33
August 31 2020,Randolph,NC,Passenger,1,0,1,8,9,11.11
December 31 2017,Yakima,WA,Passenger,59,75,134,162067,162201,0.08
December 31 2022,Benton,WA,Passenger,932,500,1432,135744,137176,1.04
April 30 2022,Deschutes,OR,Passenger,2,0,2,93,95,2.11
February 28 2017,Pacific,WA,Passenger,5,6,11,14991,15002,0.07
April 30 2022,Snohomish,WA,Passenger,7963,2417,10380,533828,544208,1.91
September 30 2019,Santa Clara,CA,Passenger,4,2,6,369,375,1.60
October 31 2022,Arapahoe,CO,Passenger,0,1,1,83,84,1.19
September 30 2020,Klamath,OR,Passenger,1,0,1,34,35,2.86
November 30 2022,Essex,NJ,Passenger,2,0,2,11,13,15.38
September 30 2022,Clallam,WA,Passenger,442,249,691,49468,50159,1.38
November 30 2022,Grays Harbor,WA,Passenger,242,161,403,48644,49047,0.82
November 30 2019,Bexar,TX,Passenger,1,5,6,665,671,0.89
January 31 2018,Santa Rosa,FL,Passenger,1,0,1,104,105,0.95
April 30 2021,Asotin,WA,Truck,0,0,0,6764,6764,0.00
October 31 2019,Richland,SC,Passenger,0,1,1,160,161,0.62
January 31 2022,Spokane,WA,Passenger,1349,766,2115,326492,328607,0.64
October 31 2021,San Francisco,CA,Passenger,0,1,1,96,97,1.03
November 30 2020,Oldham,KY,Passenger,0,1,1,4,5,20.00
October 31 2023,San Juan,WA,Passenger,660,187,847,13511,14358,5.90
April 30 2023,Columbia,WA,Truck,0,0,0,1555,1555,0.00
October 31 2020,Pinellas,FL,Passenger,1,1,2,105,107,1.87
December 31 2020,St. Clair,IL,Passenger,1,0,1,134,135,0.74
September 30 2021,RÃ­o Grande,PR,Passenger,1,0,1,0,1,100.00
April 30 2022,Fairfax,VA,Passenger,6,3,9,635,644,1.40
June 30 2022,Island,WA,Passenger,817,378,1195,61824,63019,1.90
November 30 2018,Lee,AL,Passenger,1,0,1,36,37,2.70
January 31 2019,Hawaii,HI,Passenger,1,0,1,62,63,1.59
November 30 2020,Camden,NJ,Passenger,0,1,1,22,23,4.35
August 31 2023,Currituck,NC,Passenger,1,0,1,17,18,5.56
December 31 2017,Polk,FL,Passenger,1,0,1,62,63,1.59
August 31 2021,Meade,KY,Passenger,1,0,1,24,25,4.00
March 31 2023,Clark,WA,Passenger,5298,2162,7460,313969,321429,2.32
November 30 2023,Okanogan,WA,Passenger,150,74,224,25110,25334,0.88
September 30 2018,Cumberland,NC,Passenger,0,1,1,538,539,0.19
December 31 2018,Virginia Beach,VA,Passenger,2,1,3,696,699,0.43
July 31 2017,Franklin,WA,Truck,0,0,0,18172,18172,0.00
January 31 2022,Deschutes,OR,Passenger,2,0,2,103,105,1.90
August 31 2021,District of Columbia,DC,Passenger,5,1,6,195,201,2.99
June 30 2020,Jones,GA,Passenger,1,0,1,1,2,50.00
March 31 2020,Spartanburg,SC,Passenger,0,1,1,49,50,2.00
June 30 2021,Douglas,NE,Passenger,1,1,2,54,56,3.57
June 30 2023,Currituck,NC,Passenger,1,0,1,17,18,5.56
October 31 2022,Champaign,IL,Passenger,1,0,1,12,13,7.69
March 31 2019,Houston,GA,Passenger,1,0,1,54,55,1.82
August 31 2022,Island,WA,Truck,9,0,9,21297,21306,0.04
February 28 2019,Adams,WA,Passenger,4,6,10,12669,12679,0.08
February 28 2022,Douglas,CO,Passenger,0,1,1,85,86,1.16
December 31 2022,DeKalb,GA,Passenger,1,0,1,48,49,2.04
July 31 2020,Anne Arundel,MD,Passenger,0,1,1,416,417,0.24
July 31 2021,Jefferson,NY,Passenger,0,1,1,215,216,0.46
January 31 2023,Yellowstone,MT,Passenger,0,1,1,17,18,5.56
January 31 2017,Yavapai,AZ,Passenger,1,0,1,87,88,1.14
August 31 2019,Juneau,AK,Passenger,0,2,2,30,32,6.25
August 31 2023,Galveston,TX,Passenger,0,1,1,14,15,6.67
February 28 2021,Rogers,OK,Passenger,1,0,1,5,6,16.67
May 31 2020,Mercer,NJ,Passenger,0,1,1,16,17,5.88
December 31 2017,Wahkiakum,WA,Passenger,0,2,2,2860,2862,0.07
October 31 2018,Collin,TX,Passenger,1,1,2,160,162,1.23
March 31 2021,Platte,MO,Passenger,1,0,1,22,23,4.35
May 31 2019,Grant,WA,Truck,0,0,0,26530,26530,0.00
March 31 2019,Wahkiakum,WA,Passenger,1,1,2,3006,3008,0.07
September 30 2023,Whitman,WA,Truck,5,0,5,8619,8624,0.06
December 31 2019,Asotin,WA,Passenger,14,9,23,12677,12700,0.18
April 30 2017,Clark,WA,Truck,0,0,0,77559,77559,0.00
February 28 2023,Virginia Beach,VA,Passenger,4,1,5,462,467,1.07
July 31 2021,Cumberland,NC,Passenger,0,4,4,429,433,0.92
January 31 2021,Montgomery,MD,Passenger,1,0,1,233,234,0.43
November 30 2017,Prince George,VA,Passenger,0,1,1,72,73,1.37
February 29 2020,DeKalb,IN,Passenger,1,0,1,1,2,50.00
May 31 2021,Bradley,TN,Passenger,1,0,1,0,1,100.00
December 31 2017,Columbia,WA,Passenger,2,1,3,2404,2407,0.12
November 30 2017,Franklin,OH,Passenger,0,1,1,109,110,0.91
August 31 2021,Montgomery,PA,Passenger,2,0,2,22,24,8.33
July 31 2023,Meade,KY,Passenger,1,0,1,15,16,6.25
February 28 2021,Clinton,PA,Passenger,1,0,1,0,1,100.00
December 31 2017,Yakima,WA,Truck,0,0,0,58009,58009,0.00
August 31 2021,Whitman,WA,Truck,0,0,0,8576,8576,0.00
December 31 2017,Prince George's,MD,Passenger,0,1,1,178,179,0.56
July 31 2017,Garfield,WA,Passenger,0,0,0,1296,1296,0.00
December 31 2022,El Paso,TX,Passenger,3,0,3,320,323,0.93
January 31 2022,Salt Lake,UT,Passenger,1,1,2,158,160,1.25
June 30 2018,Howard,MD,Passenger,0,1,1,89,90,1.11
January 31 2017,Jackson,MO,Passenger,1,0,1,76,77,1.30
December 31 2017,Sangamon,IL,Passenger,1,0,1,10,11,9.09
September 30 2019,Flathead,MT,Passenger,1,0,1,70,71,1.41
September 30 2023,Larimer,CO,Passenger,1,0,1,23,24,4.17
November 30 2021,Pend Oreille,WA,Truck,0,0,0,5692,5692,0.00
January 31 2023,Wahkiakum,WA,Truck,1,0,1,1794,1795,0.06
October 31 2019,Benton,WA,Passenger,306,302,608,134926,135534,0.45
August 31 2022,Whitman,WA,Passenger,94,62,156,21966,22122,0.71
March 31 2018,Dale,AL,Passenger,0,1,1,62,63,1.59
November 30 2023,New London,CT,Passenger,1,4,5,145,150,3.33
May 31 2023,Frederick,MD,Passenger,1,1,2,54,56,3.57
March 31 2021,Jones,GA,Passenger,1,0,1,1,2,50.00
October 31 2022,Travis,TX,Passenger,3,0,3,97,100,3.00
February 28 2018,Montgomery,TX,Passenger,1,0,1,63,64,1.56
December 31 2020,Boulder,CO,Passenger,1,1,2,48,50,4.00
August 31 2020,Klickitat,WA,Truck,0,0,0,8104,8104,0.00
May 31 2020,King,WA,Truck,5,1,6,181394,181400,0.00
January 31 2020,Kootenai,ID,Passenger,1,1,2,232,234,0.85
February 29 2020,Maui,HI,Passenger,2,0,2,38,40,5.00
November 30 2017,Kent,MI,Passenger,0,1,1,34,35,2.86
February 28 2022,Pennington,SD,Passenger,2,0,2,31,33,6.06
August 31 2022,Lincoln,OR,Passenger,0,1,1,22,23,4.35
January 31 2020,Pierce,WA,Passenger,2229,1678,3907,550494,554401,0.70
March 31 2017,Whatcom,WA,Passenger,416,156,572,142215,142787,0.40
February 28 2022,Spokane,WA,Passenger,1391,784,2175,326045,328220,0.66
December 31 2019,Richmond,GA,Passenger,0,1,1,91,92,1.09
March 31 2023,Klickitat,WA,Truck,6,0,6,8293,8299,0.07
September 30 2018,Fairfax,VA,Passenger,3,2,5,812,817,0.61
October 31 2022,Virginia Beach,VA,Passenger,3,1,4,490,494,0.81
September 30 2018,Latah,ID,Passenger,0,1,1,75,76,1.32
March 31 2021,Chelan,WA,Truck,0,0,0,22985,22985,0.00
December 31 2020,Snohomish,WA,Truck,0,0,0,125681,125681,0.00
March 31 2018,Charles,MD,Passenger,0,1,1,82,83,1.20
September 30 2022,Hudson,NJ,Passenger,2,0,2,33,35,5.71
October 31 2019,Sarasota,FL,Passenger,2,0,2,28,30,6.67
September 30 2021,Las Animas,CO,Passenger,1,0,1,0,1,100.00
June 30 2018,Flathead,MT,Passenger,1,0,1,53,54,1.85
June 30 2021,Asotin,WA,Passenger,20,17,37,12720,12757,0.29
September 30 2021,Yakima,WA,Truck,0,0,0,61730,61730,0.00
December 31 2020,Clark,WA,Passenger,2356,1180,3536,319449,322985,1.09
April 30 2019,Ramsey,MN,Passenger,1,0,1,45,46,2.17
January 31 2022,Saratoga,NY,Passenger,1,0,1,41,42,2.38
April 30 2021,Pacific,WA,Passenger,41,41,82,16063,16145,0.51
April 30 2022,Orange,CA,Passenger,5,3,8,391,399,2.01
April 30 2019,Mason,WA,Truck,0,0,0,20324,20324,0.00
March 31 2023,Grays Harbor,WA,Passenger,279,179,458,48497,48955,0.94
August 31 2021,Williamson,TX,Passenger,0,2,2,107,109,1.83
March 31 2019,Skamania,WA,Truck,0,0,0,4017,4017,0.00
March 31 2022,Suffolk,VA,Passenger,1,0,1,120,121,0.83
February 29 2020,Rockingham,NH,Passenger,1,0,1,28,29,3.45
April 30 2023,Stafford,VA,Passenger,3,1,4,80,84,4.76
March 31 2021,Boone,MO,Passenger,0,1,1,10,11,9.09
February 29 2020,Shasta,CA,Passenger,1,0,1,39,40,2.50
May 31 2019,Spokane,WA,Truck,1,0,1,94594,94595,0.00
September 30 2018,Wahkiakum,WA,Passenger,1,1,2,2978,2980,0.07
June 30 2017,Mason,WA,Truck,0,0,0,19271,19271,0.00
February 29 2020,Hennepin,MN,Passenger,3,1,4,98,102,3.92
July 31 2018,Tarrant,TX,Passenger,1,0,1,223,224,0.45
May 31 2023,Howard,MD,Passenger,0,2,2,48,50,4.00
February 28 2019,Twin Falls,ID,Passenger,0,1,1,21,22,4.55
November 30 2023,Alexandria,VA,Passenger,3,0,3,74,77,3.90
January 31 2019,Ferry,WA,Truck,0,0,0,3591,3591,0.00
March 31 2021,El Paso,CO,Passenger,3,1,4,696,700,0.57
March 31 2023,Washington,MD,Passenger,2,0,2,13,15,13.33
November 30 2019,Lake,FL,Passenger,1,0,1,22,23,4.35
November 30 2017,San Juan,WA,Truck,0,0,0,5572,5572,0.00
June 30 2018,Duval,FL,Passenger,1,2,3,384,387,0.78
October 31 2019,Prince William,VA,Passenger,1,3,4,235,239,1.67
February 28 2023,Yakima,WA,Truck,9,0,9,61194,61203,0.01
February 28 2021,Moore,NC,Passenger,0,1,1,142,143,0.70
August 31 2021,Richmond,NY,Passenger,1,0,1,6,7,14.29
April 30 2022,Manassas,VA,Passenger,0,1,1,8,9,11.11
November 30 2021,Klickitat,WA,Passenger,88,52,140,15341,15481,0.90
June 30 2022,Harris,TX,Passenger,1,0,1,152,153,0.65
August 31 2018,Alameda,CA,Passenger,0,1,1,344,345,0.29
July 31 2018,Cowlitz,WA,Truck,0,0,0,28559,28559,0.00
February 28 2023,San Joaquin,CA,Passenger,1,1,2,82,84,2.38
January 31 2019,Duval,FL,Passenger,1,2,3,386,389,0.77
July 31 2019,Charleston,SC,Passenger,1,0,1,118,119,0.84
July 31 2019,Alexandria,VA,Passenger,1,0,1,144,145,0.69
February 28 2022,Lincoln,OR,Passenger,0,1,1,30,31,3.23
June 30 2022,Arlington,VA,Passenger,1,0,1,130,131,0.76
July 31 2023,Virginia Beach,VA,Truck,1,0,1,95,96,1.04
October 31 2021,Washington,MD,Passenger,2,0,2,13,15,13.33
January 31 2017,Polk,FL,Passenger,1,0,1,65,66,1.52
May 31 2022,Camden,NJ,Passenger,0,1,1,13,14,7.14
November 30 2022,Carroll,MD,Passenger,0,1,1,19,20,5.00
June 30 2023,Ray,MO,Passenger,0,1,1,0,1,100.00
January 31 2021,Chelan,WA,Passenger,294,87,381,54473,54854,0.69
February 29 2020,El Paso,TX,Passenger,3,0,3,450,453,0.66
March 31 2023,Lewis,WA,Passenger,294,193,487,58759,59246,0.82
October 31 2017,Garfield,WA,Passenger,1,0,1,1315,1316,0.08
March 31 2022,Santa Clara,CA,Passenger,10,1,11,250,261,4.21
September 30 2021,Pend Oreille,WA,Truck,0,0,0,5686,5686,0.00
February 28 2019,Norfolk,VA,Passenger,2,2,4,350,354,1.13
March 31 2022,Cook,IL,Passenger,3,0,3,205,208,1.44
November 30 2020,Fulton,GA,Passenger,1,2,3,87,90,3.33
May 31 2018,Orange,CA,Passenger,4,1,5,582,587,0.85
June 30 2017,Tulare,CA,Passenger,1,0,1,198,199,0.50
May 31 2017,Prince George's,MD,Passenger,0,1,1,185,186,0.54
March 31 2017,Pacific,WA,Passenger,6,8,14,15072,15086,0.09
October 31 2018,Garfield,WA,Passenger,1,1,2,1330,1332,0.15
September 30 2021,Williamson,TX,Passenger,1,2,3,105,108,2.78
January 31 2017,Dale,AL,Passenger,0,1,1,67,68,1.47
September 30 2020,Rockingham,NH,Passenger,1,0,1,23,24,4.17
December 31 2022,Queens,NY,Passenger,1,0,1,34,35,2.86
April 30 2020,Oklahoma,OK,Passenger,0,1,1,130,131,0.76
October 31 2019,Jefferson,CO,Passenger,0,2,2,61,63,3.17
December 31 2022,San Joaquin,CA,Passenger,1,0,1,84,85,1.18
October 31 2022,Snohomish,WA,Passenger,9428,2668,12096,530683,542779,2.23
March 31 2020,Cowlitz,WA,Truck,0,0,0,28849,28849,0.00
January 31 2019,Collin,TX,Passenger,1,1,2,151,153,1.31
September 30 2017,Marin,CA,Passenger,1,0,1,60,61,1.64
July 31 2020,Larimer,CO,Passenger,1,0,1,50,51,1.96
May 31 2020,Chelan,WA,Passenger,228,78,306,54103,54409,0.56
July 31 2017,Pierce,WA,Passenger,986,856,1842,524540,526382,0.35
May 31 2022,Richland,SC,Passenger,0,2,2,130,132,1.52
April 30 2019,Kittitas,WA,Passenger,71,35,106,29489,29595,0.36
December 31 2017,Clark,WA,Truck,0,0,0,78384,78384,0.00
September 30 2021,Fairfax,VA,Passenger,6,4,10,685,695,1.44
August 31 2020,Loudoun,VA,Passenger,1,0,1,81,82,1.22
March 31 2022,Wood,OH,Passenger,0,1,1,6,7,14.29
June 30 2023,Atlantic,NJ,Passenger,1,0,1,9,10,10.00
December 31 2022,Pierce,WA,Passenger,6160,2510,8670,538586,547256,1.58
June 30 2017,Prince George's,MD,Passenger,0,1,1,183,184,0.54
September 30 2021,Sonoma,CA,Passenger,0,1,1,89,90,1.11
March 31 2019,Garfield,WA,Passenger,1,1,2,1309,1311,0.15
September 30 2023,Jefferson,WA,Passenger,611,270,881,24006,24887,3.54
October 31 2022,Okanogan,WA,Passenger,96,49,145,26266,26411,0.55
June 30 2019,Klamath,OR,Passenger,1,0,1,39,40,2.50
May 31 2021,Nueces,TX,Passenger,1,0,1,79,80,1.25
April 30 2022,Currituck,NC,Passenger,1,0,1,21,22,4.55
October 31 2021,Sarpy,NE,Passenger,1,0,1,64,65,1.54
February 28 2018,Mercer,NJ,Passenger,0,1,1,21,22,4.55
August 31 2023,Goochland,VA,Passenger,1,2,3,29,32,9.38
May 31 2022,Danville,VA,Passenger,1,0,1,0,1,100.00
May 31 2021,Spokane,WA,Passenger,1029,623,1652,325461,327113,0.51
February 28 2018,Thurston,WA,Passenger,492,414,906,190730,191636,0.47
March 31 2021,Island,WA,Truck,0,0,0,21436,21436,0.00
October 31 2018,El Paso,CO,Passenger,3,1,4,764,768,0.52
October 31 2019,Grant,WA,Truck,0,0,0,26889,26889,0.00
October 31 2018,Skagit,WA,Truck,1,0,1,32335,32336,0.00
February 28 2021,Montgomery,OH,Passenger,0,1,1,55,56,1.79
August 31 2017,Lincoln,WA,Passenger,1,5,6,7571,7577,0.08
July 31 2023,Ventura,CA,Passenger,2,2,4,206,210,1.90
July 31 2023,Rockingham,NH,Passenger,1,0,1,12,13,7.69
November 30 2022,Galveston,TX,Passenger,0,1,1,18,19,5.26
August 31 2020,Kauai,HI,Passenger,1,0,1,15,16,6.25
September 30 2022,Kittitas,WA,Passenger,290,91,381,29603,29984,1.27
October 31 2017,Grays Harbor,WA,Passenger,38,41,79,45371,45450,0.17
January 31 2018,Maricopa,AZ,Passenger,2,1,3,1654,1657,0.18
May 31 2023,Richmond,NY,Passenger,1,0,1,4,5,20.00
September 30 2020,Kittitas,WA,Truck,0,0,0,14600,14600,0.00
September 30 2017,Whitman,WA,Truck,0,0,0,8430,8430,0.00
May 31 2017,Bergen,NJ,Passenger,0,2,2,31,33,6.06
August 31 2018,Manassas,VA,Passenger,0,1,1,9,10,10.00
August 31 2023,Sonoma,CA,Passenger,1,1,2,54,56,3.57
December 31 2017,Whitman,WA,Truck,0,0,0,8452,8452,0.00
January 31 2017,Kitsap,WA,Truck,1,0,1,52381,52382,0.00
April 30 2020,Mason,WA,Passenger,155,135,290,47202,47492,0.61
March 31 2022,Cowlitz,WA,Truck,0,1,1,28854,28855,0.00
November 30 2021,Clallam,WA,Truck,1,0,1,22105,22106,0.00
April 30 2020,Asotin,WA,Truck,0,0,0,6618,6618,0.00
June 30 2019,District of Columbia,DC,Passenger,1,1,2,203,205,0.98
October 31 2022,Alexandria,VA,Passenger,5,0,5,100,105,4.76
May 31 2019,San Francisco,CA,Passenger,2,1,3,110,113,2.65
March 31 2019,Frederick,MD,Passenger,1,1,2,83,85,2.35
December 31 2021,Sonoma,CA,Passenger,0,1,1,87,88,1.14
February 28 2017,Cumberland,NC,Passenger,1,0,1,630,631,0.16
June 30 2020,Los Angeles,CA,Passenger,6,12,18,1017,1035,1.74
August 31 2020,Multnomah,OR,Passenger,4,6,10,716,726,1.38
July 31 2023,Okanogan,WA,Truck,7,0,7,16365,16372,0.04
November 30 2019,Twin Falls,ID,Passenger,0,1,1,30,31,3.23
August 31 2021,Kern,CA,Passenger,0,1,1,205,206,0.49
October 31 2021,Philadelphia,PA,Passenger,1,0,1,44,45,2.22
April 30 2023,Montgomery,MD,Passenger,5,4,9,186,195,4.62
December 31 2020,Dakota,MN,Passenger,0,1,1,29,30,3.33
June 30 2022,Allen,IN,Passenger,1,0,1,18,19,5.26
September 30 2018,Cowlitz,WA,Passenger,63,85,148,72025,72173,0.21
May 31 2022,Baltimore,MD,Passenger,1,0,1,73,74,1.35
April 30 2019,Brevard,FL,Passenger,0,1,1,90,91,1.10
May 31 2018,Clark,NV,Passenger,2,2,4,751,755,0.53
April 30 2019,Island,WA,Passenger,310,242,552,63233,63785,0.87
June 30 2023,Berkeley,SC,Passenger,0,1,1,101,102,0.98
December 31 2022,Allen,IN,Passenger,1,0,1,17,18,5.56
July 31 2020,Moore,NC,Passenger,0,2,2,160,162,1.23
January 31 2023,Essex,NJ,Passenger,2,0,2,10,12,16.67
January 31 2018,Lake,CA,Passenger,0,1,1,8,9,11.11
March 31 2022,Randolph,NC,Passenger,1,0,1,5,6,16.67
March 31 2018,Ferry,WA,Passenger,1,3,4,4403,4407,0.09
December 31 2022,Skamania,WA,Truck,0,0,0,3887,3887,0.00
June 30 2019,Prince William,VA,Passenger,1,3,4,250,254,1.57
September 30 2019,Pacific,WA,Passenger,25,29,54,16074,16128,0.33
June 30 2021,Jefferson,WA,Passenger,330,184,514,24878,25392,2.02
August 31 2020,RÃ­o Grande,PR,Passenger,1,0,1,1,2,50.00
November 30 2018,New London,CT,Passenger,0,1,1,253,254,0.39
October 31 2018,Kootenai,ID,Passenger,1,1,2,217,219,0.91
February 28 2019,Harris,TX,Passenger,0,1,1,263,264,0.38
February 28 2018,King,WA,Truck,8,1,9,184060,184069,0.00
October 31 2023,Skagit,WA,Truck,31,0,31,31114,31145,0.10
July 31 2018,Contra Costa,CA,Passenger,0,1,1,444,445,0.22
July 31 2017,Latah,ID,Passenger,0,1,1,99,100,1.00
May 31 2023,Saratoga,NY,Passenger,1,1,2,33,35,5.71
September 30 2022,St. Clair,IL,Passenger,2,0,2,114,116,1.72
March 31 2021,Arlington,VA,Passenger,0,1,1,144,145,0.69
December 31 2017,Lumpkin,GA,Passenger,1,0,1,9,10,10.00
September 30 2017,Twin Falls,ID,Passenger,0,1,1,23,24,4.17
October 31 2022,Whatcom,WA,Truck,20,0,20,43094,43114,0.05
June 30 2019,Charles,MD,Passenger,0,1,1,89,90,1.11
August 31 2022,Cumberland,NC,Passenger,1,4,5,355,360,1.39
January 31 2019,Wahkiakum,WA,Passenger,1,1,2,3004,3006,0.07
August 31 2022,Clark,NV,Passenger,8,2,10,492,502,1.99
July 31 2017,Pinal,AZ,Passenger,2,0,2,238,240,0.83
May 31 2022,Fresno,CA,Passenger,1,0,1,150,151,0.66
July 31 2023,Chelan,WA,Passenger,644,168,812,54117,54929,1.48
September 30 2018,Jefferson,WA,Truck,0,0,0,9641,9641,0.00
January 31 2020,,,Passenger,5,2,7,407,414,1.69
April 30 2023,Saratoga,NY,Passenger,1,1,2,36,38,5.26
June 30 2023,Miami-Dade,FL,Passenger,1,0,1,55,56,1.79
May 31 2018,Hamilton,IN,Passenger,1,0,1,46,47,2.13
August 31 2019,Larimer,CO,Passenger,1,0,1,58,59,1.69
March 31 2019,Valencia,NM,Passenger,1,0,1,11,12,8.33
March 31 2018,Lake,CA,Passenger,0,1,1,8,9,11.11
April 30 2020,Pend Oreille,WA,Passenger,8,6,14,9257,9271,0.15
April 30 2017,Latah,ID,Passenger,0,1,1,122,123,0.81
August 31 2018,Dale,AL,Passenger,0,1,1,56,57,1.75
August 31 2018,Lincoln,WA,Truck,0,0,0,4570,4570,0.00
May 31 2017,Garfield,WA,Passenger,0,0,0,1287,1287,0.00
May 31 2017,Marion,OR,Passenger,1,0,1,177,178,0.56
November 30 2017,Gwinnett,GA,Passenger,0,1,1,87,88,1.14
February 28 2019,Montgomery,TX,Passenger,2,0,2,65,67,2.99
July 31 2017,Manatee,FL,Passenger,1,0,1,42,43,2.33
September 30 2018,Dakota,MN,Passenger,0,2,2,34,36,5.56
January 31 2020,Boulder,CO,Passenger,1,1,2,54,56,3.57
August 31 2021,Oldham,KY,Passenger,0,1,1,4,5,20.00
November 30 2021,Pacific,WA,Passenger,51,64,115,16064,16179,0.71
November 30 2018,Grant,WA,Truck,0,0,0,26159,26159,0.00
October 31 2021,Grays Harbor,WA,Truck,0,0,0,21394,21394,0.00
February 29 2020,Pinal,AZ,Passenger,1,0,1,197,198,0.51
January 31 2017,Columbia,WA,Passenger,0,1,1,2332,2333,0.04
April 30 2017,Ferry,WA,Passenger,2,1,3,4399,4402,0.07
June 30 2020,Fulton,GA,Passenger,1,2,3,98,101,2.97
May 31 2020,Manassas,VA,Passenger,0,1,1,6,7,14.29
August 31 2018,Carson City,NV,Passenger,1,0,1,14,15,6.67
February 28 2023,Eagle,CO,Passenger,1,0,1,8,9,11.11
December 31 2021,Deschutes,OR,Passenger,2,0,2,105,107,1.87
January 31 2023,Allegheny,PA,Passenger,1,0,1,56,57,1.75
April 30 2019,Middlesex,MA,Passenger,1,1,2,117,119,1.68
December 31 2020,Nassau,NY,Passenger,4,0,4,31,35,11.43
July 31 2022,Okaloosa,FL,Passenger,0,1,1,103,104,0.96
August 31 2022,Owyhee,ID,Passenger,1,0,1,2,3,33.33
April 30 2018,Spokane,WA,Passenger,318,288,606,301893,302499,0.20
August 31 2017,Chelan,WA,Passenger,72,36,108,52309,52417,0.21
September 30 2019,Duval,FL,Passenger,1,2,3,377,380,0.79
October 31 2019,Clackamas,OR,Passenger,2,1,3,212,215,1.40
January 31 2019,Mecklenburg,NC,Passenger,1,0,1,82,83,1.20
November 30 2021,Polk,FL,Passenger,1,0,1,61,62,1.61
June 30 2020,Okaloosa,FL,Passenger,0,1,1,144,145,0.69
September 30 2018,Williamson,TX,Passenger,0,1,1,163,164,0.61
September 30 2022,Nassau,NY,Passenger,2,0,2,26,28,7.14
May 31 2019,Kent,MI,Passenger,0,1,1,23,24,4.17
October 31 2020,Arlington,VA,Passenger,0,2,2,149,151,1.32
December 31 2021,Shelby,OH,Passenger,0,1,1,2,3,33.33
October 31 2023,Caddo,LA,Passenger,2,0,2,8,10,20.00
June 30 2020,King,WA,Passenger,24107,7711,31818,1370717,1402535,2.27
February 28 2022,DeKalb,GA,Passenger,1,0,1,59,60,1.67
May 31 2017,Northampton,PA,Passenger,1,0,1,168,169,0.59
April 30 2020,Goochland,VA,Passenger,2,1,3,264,267,1.12
October 31 2020,St. Louis,MO,Passenger,1,0,1,101,102,0.98
September 30 2021,Sacramento,CA,Passenger,2,0,2,238,240,0.83
October 31 2017,Richland,SC,Passenger,0,1,1,184,185,0.54
September 30 2021,Marion,IA,Passenger,1,0,1,1,2,50.00
May 31 2023,Champaign,IL,Passenger,1,0,1,11,12,8.33
October 31 2019,Shasta,CA,Passenger,1,0,1,43,44,2.27
February 28 2021,Riverside,CA,Passenger,4,1,5,585,590,0.85
October 31 2021,Alameda,CA,Passenger,5,0,5,225,230,2.17
April 30 2023,Orange,CA,Passenger,9,3,12,320,332,3.61
March 31 2019,Snohomish,WA,Passenger,3194,1518,4712,527930,532642,0.88
April 30 2018,Lee,FL,Passenger,1,0,1,59,60,1.67
April 30 2023,Geary,KS,Passenger,1,0,1,70,71,1.41
January 31 2021,Lee,FL,Passenger,1,0,1,46,47,2.13
September 30 2022,Pacific,WA,Truck,0,0,0,7862,7862,0.00
July 31 2021,Duval,FL,Passenger,0,2,2,346,348,0.57
August 31 2021,Douglas,WA,Passenger,103,51,154,28571,28725,0.54
February 28 2019,Skamania,WA,Passenger,20,15,35,8712,8747,0.40
May 31 2017,Jefferson,WA,Truck,0,0,0,9440,9440,0.00
November 30 2021,Columbia,WA,Passenger,6,2,8,2458,2466,0.32
September 30 2019,Washtenaw,MI,Passenger,1,0,1,41,42,2.38
June 30 2021,Albemarle,VA,Passenger,1,0,1,21,22,4.55
November 30 2022,Hamilton,OH,Passenger,1,0,1,33,34,2.94
October 31 2020,Alameda,CA,Passenger,2,0,2,264,266,0.75
June 30 2017,District of Columbia,DC,Passenger,0,3,3,216,219,1.37
September 30 2022,Clark,WA,Truck,19,0,19,82268,82287,0.02
January 31 2021,San Diego,CA,Passenger,14,5,19,2711,2730,0.70
March 31 2022,St. Clair,IL,Passenger,2,0,2,121,123,1.63
May 31 2017,Jefferson,NY,Passenger,1,1,2,254,256,0.78
December 31 2020,Hennepin,MN,Passenger,2,0,2,83,85,2.35
April 30 2023,Rockingham,NH,Passenger,1,0,1,13,14,7.14
November 30 2017,Nassau,NY,Passenger,1,1,2,40,42,4.76
August 31 2022,Marion,IA,Passenger,1,0,1,0,1,100.00
July 31 2023,Kern,CA,Passenger,1,1,2,169,171,1.17
March 31 2020,Franklin,WA,Passenger,58,77,135,61008,61143,0.22
December 31 2017,Sacramento,CA,Passenger,1,0,1,320,321,0.31
April 30 2023,King,WA,Truck,635,2,637,176238,176875,0.36
September 30 2019,Sedgwick,KS,Passenger,1,1,2,102,104,1.92
December 31 2022,Douglas,CO,Passenger,0,1,1,69,70,1.43
July 31 2022,Asotin,WA,Truck,0,0,0,6681,6681,0.00
May 31 2020,Lincoln,WA,Truck,0,0,0,4615,4615,0.00
September 30 2022,Sacramento,CA,Passenger,3,0,3,205,208,1.44
February 28 2017,Utah,UT,Passenger,0,1,1,173,174,0.57
February 28 2023,Virginia Beach,VA,Truck,1,0,1,105,106,0.94
December 31 2018,Williamson,TX,Passenger,0,1,1,151,152,0.66
July 31 2023,Kent,DE,Passenger,1,0,1,42,43,2.33
July 31 2019,Sumter,FL,Passenger,0,1,1,10,11,9.09
January 31 2020,Lewis,WA,Truck,0,0,0,26094,26094,0.00
May 31 2019,San Diego,CA,Passenger,11,3,14,2681,2695,0.52
January 31 2018,Asotin,WA,Truck,0,0,0,6558,6558,0.00
January 31 2021,Harris,TX,Passenger,1,1,2,223,225,0.89
February 28 2021,Douglas,WA,Passenger,86,46,132,28249,28381,0.47
March 31 2020,Skagit,WA,Truck,1,0,1,32551,32552,0.00
October 31 2021,Bernalillo,NM,Passenger,1,0,1,115,116,0.86
June 30 2017,Howard,MD,Passenger,0,2,2,95,97,2.06
January 31 2019,Carson City,NV,Passenger,1,0,1,14,15,6.67
October 31 2019,Carroll,NH,Passenger,0,1,1,3,4,25.00
January 31 2021,Wilson,TX,Passenger,0,1,1,6,7,14.29
September 30 2018,Washington,OR,Passenger,0,1,1,469,470,0.21
May 31 2019,Pend Oreille,WA,Truck,0,0,0,5741,5741,0.00
December 31 2017,King,WA,Truck,8,1,9,185033,185042,0.00
August 31 2019,Pierce,WA,Truck,0,0,0,140317,140317,0.00
July 31 2019,Prince William,VA,Passenger,1,3,4,248,252,1.59
November 30 2023,Pulaski,AR,Passenger,2,0,2,16,18,11.11
April 30 2021,DuPage,IL,Passenger,2,1,3,58,61,4.92
January 31 2019,Frederick,MD,Passenger,0,1,1,82,83,1.20
May 31 2020,Multnomah,OR,Passenger,4,7,11,730,741,1.48
September 30 2019,Williamson,TX,Passenger,0,2,2,150,152,1.32
May 31 2022,Calvert,MD,Passenger,0,2,2,75,77,2.60
September 30 2018,Ventura,CA,Passenger,0,2,2,318,320,0.62
July 31 2022,Prince William,VA,Passenger,0,1,1,194,195,0.51
March 31 2020,Clark,WA,Truck,0,0,0,82034,82034,0.00
February 28 2019,Island,WA,Truck,0,0,0,21159,21159,0.00
May 31 2018,Moore,NC,Passenger,0,1,1,195,196,0.51
August 31 2023,Bexar,TX,Passenger,1,3,4,339,343,1.17
June 30 2020,Clallam,WA,Passenger,228,168,396,50087,50483,0.78
May 31 2021,Loudoun,VA,Passenger,1,0,1,72,73,1.37
June 30 2023,Portsmouth,VA,Passenger,0,1,1,66,67,1.49
December 31 2019,Boone,MO,Passenger,0,1,1,11,12,8.33
January 31 2021,Cascade,MT,Passenger,0,1,1,58,59,1.69
September 30 2020,Ulster,NY,Passenger,1,0,1,12,13,7.69
January 31 2021,Pierce,WA,Passenger,2963,1789,4752,555487,560239,0.85
April 30 2019,Norfolk,VA,Passenger,2,2,4,356,360,1.11
March 31 2020,Kitsap,WA,Passenger,1296,674,1970,181756,183726,1.07
August 31 2021,Lewis,WA,Passenger,181,151,332,59633,59965,0.55
December 31 2017,Riverside,CA,Passenger,1,2,3,733,736,0.41
April 30 2018,Adams,WA,Truck,0,0,0,5149,5149,0.00
September 30 2020,Lewis,WA,Passenger,111,117,228,58306,58534,0.39
February 28 2017,Richmond,GA,Passenger,0,1,1,99,100,1.00
November 30 2021,Salt Lake,UT,Passenger,0,1,1,163,164,0.61
April 30 2020,Camden,NJ,Passenger,0,2,2,21,23,8.70
July 31 2021,Washtenaw,MI,Passenger,0,1,1,29,30,3.33
August 31 2022,Sumter,SC,Passenger,0,1,1,33,34,2.94
August 31 2023,Ulster,NY,Passenger,1,0,1,6,7,14.29
June 30 2020,Kittitas,WA,Passenger,99,47,146,29804,29950,0.49
February 28 2018,Cowlitz,WA,Truck,0,0,0,28182,28182,0.00
December 31 2021,Coryell,TX,Passenger,1,0,1,108,109,0.92
March 31 2020,Stevens,WA,Truck,0,0,0,18697,18697,0.00
July 31 2018,Clark,WA,Passenger,1042,744,1786,308631,310417,0.58
February 28 2023,El Paso,TX,Passenger,3,0,3,306,309,0.97
September 30 2023,Lake,IL,Passenger,4,0,4,108,112,3.57
April 30 2023,Newport News,VA,Passenger,1,0,1,100,101,0.99
January 31 2021,Nassau,NY,Passenger,4,0,4,31,35,11.43
November 30 2022,Owyhee,ID,Passenger,1,0,1,3,4,25.00
September 30 2019,Bexar,TX,Passenger,1,5,6,664,670,0.90
January 31 2022,Stevens,WA,Passenger,58,47,105,30170,30275,0.35
June 30 2017,El Paso,CO,Passenger,2,1,3,807,810,0.37
April 30 2020,Jefferson,NY,Passenger,0,1,1,209,210,0.48
November 30 2023,Polk,OR,Passenger,1,1,2,9,11,18.18
October 31 2022,Williamson,TX,Passenger,0,2,2,71,73,2.74
July 31 2022,Douglas,WA,Passenger,138,60,198,28395,28593,0.69
September 30 2017,Lincoln,WA,Truck,0,0,0,4470,4470,0.00
August 31 2023,Garfield,WA,Truck,0,0,0,961,961,0.00
September 30 2018,Moore,NC,Passenger,0,1,1,197,198,0.51
February 28 2022,Stafford,VA,Passenger,2,1,3,95,98,3.06
July 31 2023,Fairfax,VA,Truck,1,0,1,81,82,1.22
January 31 2021,Putnam,TN,Passenger,0,1,1,3,4,25.00
January 31 2022,Eagle,CO,Passenger,1,0,1,8,9,11.11
March 31 2021,Benton,WA,Truck,0,0,0,43534,43534,0.00
December 31 2018,King,WA,Passenger,16277,6530,22807,1377972,1400779,1.63
September 30 2020,Kitsap,WA,Truck,0,0,0,54175,54175,0.00
April 30 2022,Asotin,WA,Passenger,24,19,43,12696,12739,0.34
September 30 2018,Charleston,SC,Passenger,1,0,1,132,133,0.75
September 30 2020,Los Angeles,CA,Passenger,8,12,20,1007,1027,1.95
August 31 2021,Escambia,FL,Passenger,0,1,1,143,144,0.69
April 30 2017,Dane,WI,Passenger,1,0,1,139,140,0.71
September 30 2020,Clark,WA,Truck,0,0,0,82848,82848,0.00
June 30 2022,Portsmouth,VA,Passenger,0,1,1,84,85,1.18
November 30 2017,Okaloosa,FL,Passenger,1,0,1,188,189,0.53
April 30 2019,Twin Falls,ID,Passenger,0,1,1,23,24,4.17
May 31 2018,Norfolk,MA,Passenger,1,0,1,38,39,2.56
October 31 2018,Beaufort,SC,Passenger,1,0,1,37,38,2.63
April 30 2022,Hamilton,OH,Passenger,1,0,1,34,35,2.86
March 31 2022,Chelan,WA,Truck,0,0,0,23046,23046,0.00
June 30 2017,Chelan,WA,Truck,0,0,0,21303,21303,0.00
April 30 2019,Garfield,WA,Passenger,1,1,2,1297,1299,0.15
October 31 2022,Snohomish,WA,Truck,76,0,76,122864,122940,0.06
April 30 2019,Clackamas,OR,Passenger,1,1,2,206,208,0.96
April 30 2023,Cumberland,NC,Passenger,1,4,5,313,318,1.57
July 31 2021,DuPage,IL,Passenger,1,1,2,55,57,3.51
February 28 2019,Williamson,TX,Passenger,0,1,1,155,156,0.64
September 30 2021,Charleston,SC,Passenger,2,1,3,88,91,3.30
February 29 2020,Wilson,TX,Passenger,0,1,1,8,9,11.11
May 31 2022,Carroll,MD,Passenger,0,1,1,17,18,5.56
June 30 2021,Sevier,AR,Passenger,0,1,1,0,1,100.00
August 31 2021,Clinton,PA,Passenger,1,0,1,0,1,100.00
May 31 2020,Wahkiakum,WA,Truck,0,0,0,1759,1759,0.00
January 31 2022,Multnomah,OR,Passenger,1,4,5,613,618,0.81
September 30 2017,Pima,AZ,Passenger,1,1,2,431,433,0.46
October 31 2018,Spokane,WA,Truck,1,0,1,93419,93420,0.00
July 31 2019,Volusia,FL,Passenger,0,1,1,41,42,2.38
January 31 2020,Montgomery,PA,Passenger,2,0,2,34,36,5.56
October 31 2023,Orange,FL,Passenger,1,0,1,45,46,2.17
January 31 2019,San Juan,WA,Passenger,190,68,258,14250,14508,1.78
June 30 2021,Multnomah,OR,Passenger,2,5,7,660,667,1.05
August 31 2022,Ventura,CA,Passenger,3,2,5,238,243,2.06
March 31 2023,Dorchester,SC,Passenger,1,0,1,44,45,2.22
July 31 2019,Hennepin,MN,Passenger,2,1,3,102,105,2.86
September 30 2023,Garfield,WA,Passenger,0,3,3,1287,1290,0.23
October 31 2018,Ada,ID,Passenger,0,2,2,323,325,0.62
September 30 2021,Montgomery,MD,Passenger,3,2,5,216,221,2.26
December 31 2017,Saratoga,NY,Passenger,1,1,2,68,70,2.86
December 31 2022,Loudoun,VA,Passenger,3,1,4,60,64,6.25
June 30 2018,DuPage,IL,Passenger,1,0,1,64,65,1.54
December 31 2022,Eau Claire,WI,Passenger,1,0,1,1,2,50.00
June 30 2022,Ray,MO,Passenger,0,1,1,1,2,50.00
January 31 2021,Pennington,SD,Passenger,1,0,1,35,36,2.78
May 31 2019,Franklin,MA,Passenger,0,1,1,1,2,50.00
April 30 2017,Whatcom,WA,Passenger,441,159,600,142441,143041,0.42
June 30 2017,New London,CT,Passenger,1,1,2,252,254,0.79
January 31 2018,Clallam,WA,Truck,0,0,0,21281,21281,0.00
January 31 2021,Prince George's,MD,Passenger,2,1,3,151,154,1.95
August 31 2022,Chelan,WA,Passenger,486,134,620,54159,54779,1.13
May 31 2023,Houston,GA,Passenger,1,0,1,26,27,3.70
January 31 2023,Dallas,TX,Passenger,1,0,1,90,91,1.10
May 31 2023,Lincoln,OR,Passenger,0,1,1,12,13,7.69
July 31 2023,Sarasota,FL,Passenger,1,0,1,18,19,5.26
July 31 2019,Douglas,WA,Passenger,60,37,97,28075,28172,0.34
February 28 2022,Sacramento,CA,Passenger,2,0,2,224,226,0.88
January 31 2020,Denver,CO,Passenger,1,0,1,121,122,0.82
March 31 2017,Columbia,WA,Passenger,0,1,1,2356,2357,0.04
October 31 2021,Skagit,WA,Passenger,648,295,943,91447,92390,1.02
December 31 2017,Montgomery,MD,Passenger,1,0,1,305,306,0.33
November 30 2023,Leavenworth,KS,Passenger,0,1,1,83,84,1.19
July 31 2021,Arlington,VA,Passenger,0,1,1,143,144,0.69
December 31 2022,Kauai,HI,Passenger,1,1,2,15,17,11.76
July 31 2017,Whatcom,WA,Passenger,474,179,653,143168,143821,0.45
October 31 2017,Allegheny,PA,Passenger,1,0,1,92,93,1.08
June 30 2022,Lewis,WA,Passenger,234,177,411,59730,60141,0.68
February 28 2017,Skagit,WA,Passenger,113,86,199,87259,87458,0.23
February 28 2018,Skamania,WA,Truck,0,0,0,3921,3921,0.00
January 31 2020,Douglas,WA,Truck,0,0,0,12308,12308,0.00
March 31 2023,Monterey,CA,Passenger,1,2,3,117,120,2.50
February 28 2019,Hawaii,HI,Passenger,1,0,1,64,65,1.54
April 30 2022,Jefferson,NY,Passenger,1,1,2,208,210,0.95
October 31 2023,Honolulu,HI,Passenger,3,3,6,217,223,2.69
August 31 2023,Ferry,WA,Truck,0,0,0,3533,3533,0.00
February 28 2018,Garfield,OK,Passenger,1,0,1,21,22,4.55
February 28 2017,Douglas,WA,Passenger,30,19,49,26546,26595,0.18
October 31 2021,Hillsborough,FL,Passenger,0,2,2,144,146,1.37
September 30 2018,Pacific,WA,Passenger,18,22,40,15726,15766,0.25
December 31 2018,Pend Oreille,WA,Truck,0,0,0,5737,5737,0.00
September 30 2019,Fulton,GA,Passenger,0,2,2,101,103,1.94
October 31 2021,Arlington,VA,Passenger,1,1,2,135,137,1.46
November 30 2022,Boulder,CO,Passenger,2,0,2,42,44,4.55
June 30 2020,Spokane,WA,Passenger,729,486,1215,315382,316597,0.38
July 31 2019,Kittitas,WA,Passenger,79,41,120,29681,29801,0.40
February 29 2020,Riverside,CA,Passenger,3,1,4,642,646,0.62
November 30 2019,Walla Walla,WA,Truck,0,0,0,13672,13672,0.00
September 30 2023,Lincoln,WA,Truck,0,0,0,4802,4802,0.00
December 31 2020,Kitsap,WA,Truck,0,0,0,54357,54357,0.00
January 31 2019,Adams,WA,Passenger,5,6,11,12740,12751,0.09
August 31 2019,Collin,TX,Passenger,2,1,3,137,140,2.14
September 30 2022,El Paso,TX,Passenger,3,0,3,328,331,0.91
August 31 2018,Hawaii,HI,Passenger,1,0,1,73,74,1.35
April 30 2023,Harford,MD,Passenger,1,1,2,45,47,4.26
July 31 2020,Fort Bend,TX,Passenger,1,0,1,45,46,2.17
October 31 2023,Houston,GA,Passenger,1,0,1,24,25,4.00
February 28 2017,Morris,NJ,Passenger,1,0,1,22,23,4.35
May 31 2019,Caddo,LA,Passenger,0,1,1,25,26,3.85
May 31 2023,District of Columbia,DC,Passenger,4,0,4,147,151,2.65
February 28 2022,Spartanburg,SC,Passenger,0,1,1,44,45,2.22
July 31 2019,Monroe,IL,Passenger,1,0,1,4,5,20.00
July 31 2022,Spokane,WA,Passenger,1674,864,2538,324521,327059,0.78
January 31 2019,Clark,WA,Passenger,1313,868,2181,312065,314246,0.69
June 30 2018,Adams,WA,Passenger,5,5,10,12613,12623,0.08
October 31 2019,Franklin,WA,Passenger,53,76,129,60618,60747,0.21
July 31 2022,Clallam,WA,Passenger,432,246,678,49641,50319,1.35
January 31 2021,Adams,WA,Passenger,10,6,16,12969,12985,0.12
November 30 2023,Garfield,WA,Truck,0,0,0,942,942,0.00
January 31 2018,Mason,WA,Truck,0,0,0,19646,19646,0.00
April 30 2017,Montgomery,TN,Passenger,1,0,1,296,297,0.34
May 31 2019,Santa Rosa,FL,Passenger,1,0,1,90,91,1.10
November 30 2021,Cook,IL,Passenger,2,0,2,206,208,0.96
July 31 2023,Allen,IN,Passenger,1,0,1,10,11,9.09
May 31 2018,Morris,NJ,Passenger,1,0,1,18,19,5.26
September 30 2019,DuPage,IL,Passenger,3,0,3,63,66,4.55
July 31 2022,Douglas,NE,Passenger,1,2,3,43,46,6.52
August 31 2021,Greene,MO,Passenger,0,1,1,33,34,2.94
October 31 2020,Fresno,CA,Passenger,1,0,1,187,188,0.53
January 31 2017,Whitman,WA,Passenger,8,19,27,21933,21960,0.12
December 31 2020,Lewis,WA,Passenger,123,122,245,58839,59084,0.41
October 31 2020,Walla Walla,WA,Passenger,86,65,151,36013,36164,0.42
September 30 2022,Arapahoe,CO,Passenger,0,1,1,82,83,1.20
September 30 2021,Duval,FL,Passenger,0,2,2,343,345,0.58
December 31 2020,Santa Clara,CA,Passenger,7,2,9,283,292,3.08
March 31 2019,Charleston,SC,Passenger,1,0,1,125,126,0.79
February 28 2022,Essex,NJ,Passenger,2,0,2,13,15,13.33
February 28 2023,Rock Island,IL,Passenger,0,1,1,11,12,8.33
March 31 2023,New Haven,CT,Passenger,0,2,2,28,30,6.67
December 31 2021,Boulder,CO,Passenger,2,1,3,46,49,6.12
October 31 2022,Pend Oreille,WA,Truck,0,0,0,5615,5615,0.00
May 31 2020,Okanogan,WA,Truck,0,0,0,16389,16389,0.00
November 30 2019,Wahkiakum,WA,Truck,0,0,0,1752,1752,0.00
January 31 2020,Chelan,WA,Truck,0,0,0,22575,22575,0.00
May 31 2023,Chelan,WA,Truck,29,0,29,23126,23155,0.13
February 28 2022,Montgomery,MD,Passenger,3,2,5,203,208,2.40
April 30 2022,Richmond,NY,Passenger,1,0,1,4,5,20.00
October 31 2023,Maricopa,AZ,Passenger,7,2,9,536,545,1.65
January 31 2017,Santa Clara,CA,Passenger,5,3,8,466,474,1.69
January 31 2020,Clackamas,OR,Passenger,2,1,3,210,213,1.41
November 30 2023,Champaign,IL,Passenger,1,0,1,11,12,8.33
December 31 2021,Island,WA,Passenger,713,340,1053,62672,63725,1.65
December 31 2020,Portsmouth,VA,Passenger,0,1,1,81,82,1.22
December 31 2018,Jefferson,WA,Truck,0,0,0,9604,9604,0.00
September 30 2017,Los Angeles,CA,Passenger,5,2,7,1251,1258,0.56
November 30 2020,Adams,WA,Truck,0,0,0,5325,5325,0.00
January 31 2023,Collier,FL,Passenger,1,0,1,14,15,6.67
May 31 2019,Polk,FL,Passenger,1,0,1,67,68,1.47
September 30 2021,Frederick,MD,Passenger,1,1,2,73,75,2.67
August 31 2019,Adams,WA,Truck,0,0,0,5136,5136,0.00
September 30 2018,Wahkiakum,WA,Truck,0,0,0,1691,1691,0.00
November 30 2020,Mason,WA,Truck,0,0,0,20855,20855,0.00
May 31 2018,Volusia,FL,Passenger,0,1,1,37,38,2.63
January 31 2020,Wahkiakum,WA,Truck,0,0,0,1759,1759,0.00
October 31 2020,Richland,SC,Passenger,0,1,1,145,146,0.68
March 31 2022,Yavapai,AZ,Passenger,0,1,1,32,33,3.03
May 31 2023,Harford,MD,Passenger,1,1,2,43,45,4.44
February 29 2020,Valencia,NM,Passenger,1,0,1,7,8,12.50
April 30 2023,Snohomish,WA,Truck,145,0,145,121775,121920,0.12
September 30 2018,Marion,OR,Passenger,1,0,1,125,126,0.79
May 31 2023,Hillsborough,FL,Passenger,1,2,3,98,101,2.97
February 28 2019,Washtenaw,MI,Passenger,1,0,1,38,39,2.56
August 31 2019,Douglas,NE,Passenger,0,1,1,61,62,1.61
October 31 2017,Douglas,WA,Passenger,36,32,68,26968,27036,0.25
October 31 2021,Carroll,MD,Passenger,0,1,1,18,19,5.26
March 31 2021,Collin,TX,Passenger,2,1,3,118,121,2.48
June 30 2022,Hamilton,IN,Passenger,1,0,1,23,24,4.17
November 30 2020,Sarasota,FL,Passenger,2,0,2,29,31,6.45
May 31 2019,Asotin,WA,Truck,0,0,0,6652,6652,0.00
October 31 2019,Larimer,CO,Passenger,1,0,1,59,60,1.67
August 31 2019,Clackamas,OR,Passenger,1,1,2,215,217,0.92
August 31 2020,Harnett,NC,Passenger,1,0,1,201,202,0.50
May 31 2020,Garfield,WA,Truck,0,0,0,966,966,0.00
March 31 2023,Platte,MO,Passenger,1,0,1,21,22,4.55
April 30 2023,Chelan,WA,Truck,26,0,26,23141,23167,0.11
August 31 2021,Sedgwick,KS,Passenger,1,1,2,85,87,2.30
November 30 2022,Washington,MD,Passenger,2,0,2,14,16,12.50
April 30 2023,Adams,WA,Passenger,24,12,36,13044,13080,0.28
December 31 2020,Travis,TX,Passenger,3,1,4,175,179,2.23
March 31 2019,Jefferson,NY,Passenger,0,2,2,225,227,0.88
April 30 2022,Grays Harbor,WA,Truck,0,0,0,21340,21340,0.00
July 31 2017,Skamania,WA,Truck,0,0,0,3873,3873,0.00
March 31 2020,Okanogan,WA,Truck,0,0,0,16456,16456,0.00
January 31 2023,Pacific,WA,Truck,2,0,2,7825,7827,0.03
August 31 2020,Fairbanks North Star,AK,Passenger,0,1,1,94,95,1.05
December 31 2021,Philadelphia,PA,Passenger,1,0,1,43,44,2.27
August 31 2019,Pierce,WA,Passenger,1930,1583,3513,544674,548187,0.64
January 31 2021,Multnomah,OR,Passenger,3,5,8,689,697,1.15
March 31 2020,Harrison,MS,Passenger,1,0,1,59,60,1.67
March 31 2023,Hardin,KY,Passenger,1,0,1,56,57,1.75
January 31 2018,St. Lucie,FL,Passenger,1,0,1,27,28,3.57
February 28 2023,Cowlitz,WA,Truck,7,0,7,28349,28356,0.02
March 31 2018,Clark,NV,Passenger,2,2,4,751,755,0.53
April 30 2020,Lewis,WA,Truck,0,0,0,25976,25976,0.00
August 31 2017,Orleans,LA,Passenger,0,1,1,44,45,2.22
March 31 2023,Portsmouth,VA,Passenger,0,1,1,72,73,1.37
April 30 2023,Clark,WA,Passenger,5466,2219,7685,313747,321432,2.39
December 31 2020,Asotin,WA,Passenger,16,13,29,12407,12436,0.23
September 30 2018,Grays Harbor,WA,Passenger,55,65,120,47159,47279,0.25
December 31 2021,Riverside,CA,Passenger,5,1,6,501,507,1.18
November 30 2022,Island,WA,Truck,15,0,15,21226,21241,0.07
July 31 2023,Charles,MD,Passenger,1,1,2,51,53,3.77
March 31 2022,Bell,TX,Passenger,1,0,1,345,346,0.29
November 30 2021,Las Animas,CO,Passenger,1,0,1,0,1,100.00
February 28 2019,Ramsey,MN,Passenger,1,0,1,41,42,2.38
July 31 2017,Mason,WA,Passenger,57,71,128,43628,43756,0.29
October 31 2022,Sacramento,CA,Passenger,3,0,3,202,205,1.46
September 30 2017,Hardin,KY,Passenger,0,1,1,113,114,0.88
December 31 2022,Currituck,NC,Passenger,1,0,1,17,18,5.56
December 31 2021,Clinton,PA,Passenger,1,0,1,0,1,100.00
January 31 2020,RÃ­o Grande,PR,Passenger,1,0,1,1,2,50.00
April 30 2018,Clallam,WA,Passenger,117,105,222,49607,49829,0.45
October 31 2022,Chelan,WA,Passenger,506,139,645,54156,54801,1.18
October 31 2018,Snohomish,WA,Truck,1,0,1,121859,121860,0.00
March 31 2023,Harnett,NC,Passenger,3,0,3,137,140,2.14
July 31 2021,Rogers,OK,Passenger,1,0,1,4,5,20.00
September 30 2020,Mason,WA,Passenger,162,131,293,47454,47747,0.61
February 28 2017,Okaloosa,FL,Passenger,1,0,1,192,193,0.52
April 30 2020,Lake,CA,Passenger,0,1,1,9,10,10.00
October 31 2023,Placer,CA,Passenger,1,0,1,52,53,1.89
May 31 2020,Washington,OR,Passenger,1,0,1,450,451,0.22
March 31 2022,Meade,KY,Passenger,1,0,1,20,21,4.76
May 31 2023,Stevens,WA,Truck,1,0,1,18770,18771,0.01
June 30 2021,Lane,OR,Passenger,0,2,2,133,135,1.48
April 30 2020,Whitman,WA,Truck,0,0,0,8535,8535,0.00
November 30 2020,Pacific,WA,Truck,0,0,0,7761,7761,0.00
January 31 2019,Howard,MD,Passenger,0,1,1,84,85,1.18
February 28 2023,Clark,WA,Truck,70,0,70,81645,81715,0.09
April 30 2022,Pend Oreille,WA,Passenger,16,10,26,9023,9049,0.29
May 31 2017,DeKalb,GA,Passenger,1,0,1,84,85,1.18
August 31 2018,Snohomish,WA,Truck,1,0,1,121710,121711,0.00
August 31 2019,Honolulu,HI,Passenger,4,2,6,499,505,1.19
June 30 2017,Lane,OR,Passenger,0,1,1,239,240,0.42
January 31 2017,Mason,WA,Truck,0,0,0,19184,19184,0.00
April 30 2021,Kittitas,WA,Truck,0,0,0,14773,14773,0.00
December 31 2019,Moore,NC,Passenger,0,1,1,167,168,0.60
April 30 2020,Howard,MD,Passenger,0,1,1,73,74,1.35
January 31 2022,Rockdale,GA,Passenger,1,0,1,6,7,14.29
June 30 2021,Camden,NJ,Passenger,0,1,1,15,16,6.25
November 30 2019,Clallam,WA,Truck,1,0,1,21841,21842,0.00
May 31 2019,Kern,CA,Passenger,0,1,1,223,224,0.45
September 30 2020,Clark,NV,Passenger,3,2,5,674,679,0.74
November 30 2022,Jackson,OK,Passenger,0,1,1,30,31,3.23
November 30 2023,Marion,IA,Passenger,1,0,1,0,1,100.00
September 30 2018,San Mateo,CA,Passenger,1,1,2,136,138,1.45
November 30 2021,Washington,OR,Passenger,1,0,1,359,360,0.28
November 30 2020,Wilson,TX,Passenger,0,1,1,6,7,14.29
June 30 2019,Los Angeles,CA,Passenger,7,5,12,1122,1134,1.06
January 31 2021,Garfield,WA,Passenger,0,2,2,1360,1362,0.15
June 30 2021,Hudson,NJ,Passenger,1,0,1,44,45,2.22
March 31 2020,Pima,AZ,Passenger,3,1,4,376,380,1.05
August 31 2022,Middlesex,MA,Passenger,2,1,3,71,74,4.05
January 31 2022,Clark,WA,Passenger,3541,1571,5112,319338,324450,1.58
November 30 2018,Albemarle,VA,Passenger,1,0,1,27,28,3.57
November 30 2019,Ada,ID,Passenger,0,1,1,303,304,0.33
March 31 2022,Alexandria,VA,Passenger,4,0,4,108,112,3.57
March 31 2022,Kern,CA,Passenger,0,1,1,193,194,0.52
May 31 2019,Ramsey,MN,Passenger,1,0,1,44,45,2.22
November 30 2022,Charles,MD,Passenger,1,1,2,54,56,3.57
June 30 2017,Morris,NJ,Passenger,1,0,1,24,25,4.00
December 31 2020,Larimer,CO,Passenger,1,0,1,53,54,1.85
February 28 2022,Chelan,WA,Passenger,429,121,550,54555,55105,1.00
October 31 2022,Grays Harbor,WA,Passenger,231,166,397,48706,49103,0.81
July 31 2023,Berkeley,SC,Passenger,0,1,1,97,98,1.02
June 30 2019,Walla Walla,WA,Truck,0,0,0,13591,13591,0.00
March 31 2023,Fairfax,VA,Passenger,6,3,9,567,576,1.56
December 31 2021,Skamania,WA,Truck,0,0,0,3999,3999,0.00
July 31 2022,Sacramento,CA,Passenger,3,0,3,210,213,1.41
June 30 2018,Jefferson,CO,Passenger,0,1,1,65,66,1.52
July 31 2020,Klamath,OR,Passenger,1,0,1,35,36,2.78
February 28 2021,Klickitat,WA,Truck,0,0,0,8115,8115,0.00
May 31 2022,Pierce,WA,Truck,5,0,5,142239,142244,0.00
February 29 2020,Spokane,WA,Passenger,695,469,1164,317505,318669,0.37
September 30 2022,Bryan,GA,Passenger,0,1,1,33,34,2.94
November 30 2022,Contra Costa,CA,Passenger,0,3,3,211,214,1.40
June 30 2023,Shasta,CA,Passenger,1,0,1,23,24,4.17
April 30 2018,Canyon,ID,Passenger,0,1,1,88,89,1.12
September 30 2021,Howard,IN,Passenger,0,1,1,6,7,14.29
May 31 2020,Grays Harbor,WA,Truck,0,0,0,20767,20767,0.00
November 30 2017,Ferry,WA,Truck,0,0,0,3546,3546,0.00
June 30 2022,Placer,CA,Passenger,2,0,2,70,72,2.78
December 31 2022,Larimer,CO,Passenger,1,0,1,38,39,2.56
August 31 2017,DeKalb,IN,Passenger,1,0,1,1,2,50.00
February 28 2018,Thurston,WA,Truck,0,0,0,53922,53922,0.00
June 30 2020,Multnomah,OR,Passenger,4,7,11,722,733,1.50
December 31 2020,Salt Lake,UT,Passenger,0,1,1,179,180,0.56
April 30 2021,Travis,TX,Passenger,3,3,6,167,173,3.47
August 31 2020,Kittitas,WA,Truck,0,0,0,14558,14558,0.00
September 30 2021,Lincoln,WA,Truck,0,0,0,4783,4783,0.00
December 31 2017,King,WA,Passenger,11273,4684,15957,1370623,1386580,1.15
August 31 2020,Lewis,WA,Passenger,112,117,229,58202,58431,0.39
April 30 2021,Skamania,WA,Passenger,40,30,70,8360,8430,0.83
December 31 2018,Santa Fe,NM,Passenger,0,1,1,43,44,2.27
July 31 2021,Yakima,WA,Truck,0,0,0,61711,61711,0.00
August 31 2023,DeKalb,GA,Passenger,1,0,1,36,37,2.70
December 31 2021,Saratoga,NY,Passenger,1,0,1,41,42,2.38
April 30 2022,Mason,WA,Truck,0,0,0,21122,21122,0.00
February 28 2023,Bexar,TX,Passenger,4,3,7,391,398,1.76
February 28 2018,Pierce,WA,Truck,0,0,0,137005,137005,0.00
September 30 2023,Franklin,WA,Truck,7,0,7,20703,20710,0.03
January 31 2017,New London,CT,Passenger,2,1,3,270,273,1.10
July 31 2019,Bexar,TX,Passenger,2,5,7,667,674,1.04
August 31 2020,Solano,CA,Passenger,1,0,1,213,214,0.47
June 30 2020,Bartow,GA,Passenger,0,1,1,4,5,20.00
January 31 2022,Howard,IN,Passenger,0,1,1,6,7,14.29
April 30 2020,Santa Clara,CA,Passenger,7,2,9,330,339,2.65
February 28 2022,Whatcom,WA,Truck,4,0,4,43588,43592,0.01
June 30 2018,Prince George,VA,Passenger,0,1,1,74,75,1.33
February 28 2018,Montgomery,PA,Passenger,1,0,1,34,35,2.86
January 31 2023,Wilson,TX,Passenger,0,1,1,3,4,25.00
June 30 2023,Clallam,WA,Passenger,548,285,833,48977,49810,1.67
September 30 2021,Cowlitz,WA,Passenger,246,154,400,72018,72418,0.55
August 31 2018,Grant,WA,Passenger,34,49,83,63548,63631,0.13
October 31 2020,Queens,NY,Passenger,1,0,1,55,56,1.79
September 30 2023,Bell,TX,Passenger,1,0,1,225,226,0.44
May 31 2021,Stafford,VA,Passenger,2,1,3,100,103,2.91
May 31 2023,Sheridan,WY,Passenger,1,0,1,5,6,16.67
May 31 2022,Fort Bend,TX,Passenger,1,0,1,26,27,3.70
November 30 2018,Yakima,WA,Passenger,78,98,176,164674,164850,0.11
July 31 2022,Cowlitz,WA,Passenger,349,171,520,70543,71063,0.73
February 28 2018,Honolulu,HI,Passenger,2,2,4,563,567,0.71
June 30 2019,Whatcom,WA,Truck,2,0,2,42910,42912,0.00
January 31 2021,Yakima,WA,Truck,0,0,0,61075,61075,0.00
January 31 2022,Leavenworth,KS,Passenger,0,1,1,110,111,0.90
April 30 2019,Larimer,CO,Passenger,1,0,1,58,59,1.69
May 31 2021,Douglas,WA,Truck,0,0,0,12660,12660,0.00
October 31 2020,Orange,NC,Passenger,0,1,1,10,11,9.09
April 30 2019,Lumpkin,GA,Passenger,1,0,1,6,7,14.29
January 31 2023,Spokane,WA,Passenger,1995,953,2948,324309,327257,0.90
November 30 2018,Grant,WA,Passenger,32,52,84,64033,64117,0.13
August 31 2017,San Mateo,CA,Passenger,0,1,1,152,153,0.65
January 31 2023,Arapahoe,CO,Passenger,0,1,1,78,79,1.27
January 31 2023,Pierce,WA,Passenger,6397,2550,8947,537414,546361,1.64
May 31 2021,Snohomish,WA,Truck,1,0,1,126341,126342,0.00
September 30 2020,Alexandria,VA,Passenger,2,0,2,134,136,1.47
October 31 2023,Goochland,VA,Passenger,1,2,3,22,25,12.00
November 30 2020,Albemarle,VA,Passenger,1,0,1,22,23,4.35
March 31 2022,Klickitat,WA,Passenger,96,54,150,15329,15479,0.97
August 31 2018,Pend Oreille,WA,Passenger,5,5,10,9584,9594,0.10
December 31 2021,Broward,FL,Passenger,2,0,2,103,105,1.90
May 31 2020,St. Mary's,MD,Passenger,1,0,1,217,218,0.46
January 31 2018,Latah,ID,Passenger,0,1,1,78,79,1.27
December 31 2017,Prince George,VA,Passenger,0,1,1,75,76,1.32
August 31 2023,Santa Cruz,CA,Passenger,1,0,1,18,19,5.26
November 30 2021,Snohomish,WA,Passenger,6832,2227,9059,538234,547293,1.66
November 30 2018,Maui,HI,Passenger,2,0,2,52,54,3.70
October 31 2022,Duval,FL,Passenger,0,2,2,268,270,0.74
February 28 2023,New London,CT,Passenger,2,4,6,177,183,3.28
April 30 2022,New York,NY,Passenger,1,0,1,38,39,2.56
October 31 2021,Randolph,NC,Passenger,1,0,1,6,7,14.29
November 30 2019,Pacific,WA,Truck,0,0,0,7737,7737,0.00
January 31 2023,Stevens,WA,Truck,2,0,2,18761,18763,0.01
November 30 2017,Moore,NC,Passenger,0,1,1,201,202,0.50
December 31 2022,Jefferson,WA,Passenger,481,230,711,24297,25008,2.84
October 31 2022,Harrison,MS,Passenger,1,0,1,38,39,2.56
April 30 2020,Ferry,WA,Truck,0,0,0,3544,3544,0.00
May 31 2021,Moore,NC,Passenger,0,1,1,136,137,0.73
February 28 2021,Rockingham,NH,Passenger,1,0,1,23,24,4.17
April 30 2019,Penobscot,ME,Passenger,0,1,1,14,15,6.67
August 31 2021,Alameda,CA,Passenger,5,0,5,237,242,2.07
December 31 2020,Williamson,TX,Passenger,0,2,2,128,130,1.54
October 31 2021,Clark,WA,Passenger,3253,1513,4766,320962,325728,1.46
June 30 2021,Pend Oreille,WA,Passenger,14,7,21,9266,9287,0.23
August 31 2017,Shelby,TN,Passenger,0,1,1,107,108,0.93
September 30 2020,Douglas,NE,Passenger,0,1,1,52,53,1.89
April 30 2023,Norfolk,VA,Passenger,3,2,5,275,280,1.79
April 30 2021,Klamath,OR,Passenger,1,0,1,34,35,2.86
July 31 2023,Sacramento,CA,Passenger,4,0,4,143,147,2.72
January 31 2023,Solano,CA,Passenger,4,0,4,150,154,2.60
September 30 2018,Manassas,VA,Passenger,0,1,1,9,10,10.00
August 31 2020,Douglas,WA,Truck,0,0,0,12334,12334,0.00
August 31 2019,Richmond,GA,Passenger,0,1,1,95,96,1.04
May 31 2020,Kitsap,WA,Passenger,1311,678,1989,179612,181601,1.10
March 31 2017,Monterey,CA,Passenger,0,1,1,218,219,0.46
September 30 2018,Washtenaw,MI,Passenger,1,0,1,38,39,2.56
July 31 2018,Howard,MD,Passenger,0,1,1,88,89,1.12
February 29 2020,Powhatan,VA,Passenger,1,0,1,0,1,100.00
September 30 2018,Yakima,WA,Passenger,67,93,160,164233,164393,0.10
April 30 2022,Middlesex,MA,Passenger,1,1,2,84,86,2.33
July 31 2017,District of Columbia,DC,Passenger,0,3,3,209,212,1.42
June 30 2022,Yellowstone,MT,Passenger,0,1,1,23,24,4.17
March 31 2023,Pierce,WA,Truck,126,0,126,138198,138324,0.09
May 31 2018,Douglas,WA,Passenger,44,31,75,27543,27618,0.27
October 31 2018,Klickitat,WA,Passenger,24,32,56,15387,15443,0.36
May 31 2019,Solano,CA,Passenger,1,0,1,217,218,0.46
January 31 2022,Dorchester,SC,Passenger,1,0,1,68,69,1.45
August 31 2023,Jefferson,NY,Passenger,2,1,3,168,171,1.75
June 30 2021,Lake,FL,Passenger,1,0,1,22,23,4.35
September 30 2019,Whatcom,WA,Truck,2,0,2,43029,43031,0.00
September 30 2019,Mason,WA,Truck,0,0,0,20436,20436,0.00
June 30 2018,Jefferson,WA,Passenger,144,97,241,24451,24692,0.98
February 28 2019,Lewis,WA,Passenger,96,84,180,58304,58484,0.31
March 31 2023,Bell,TX,Passenger,1,0,1,275,276,0.36
March 31 2020,Ventura,CA,Passenger,0,2,2,306,308,0.65
March 31 2020,Asotin,WA,Truck,0,0,0,6668,6668,0.00
March 31 2021,Ferry,WA,Truck,0,0,0,3625,3625,0.00
July 31 2020,Oldham,KY,Passenger,0,1,1,4,5,20.00
May 31 2019,Pacific,WA,Passenger,24,28,52,15948,16000,0.32
July 31 2018,Pima,AZ,Passenger,1,1,2,425,427,0.47
October 31 2021,Orange,FL,Passenger,2,0,2,109,111,1.80
December 31 2022,Broward,FL,Passenger,1,0,1,73,74,1.35
January 31 2023,Wichita,TX,Passenger,2,0,2,36,38,5.26
May 31 2022,Elmore,ID,Passenger,1,0,1,15,16,6.25
December 31 2021,King,WA,Passenger,35471,10218,45689,1358695,1404384,3.25
November 30 2018,Clark,WA,Passenger,1188,830,2018,310973,312991,0.64
September 30 2018,Polk,FL,Passenger,1,0,1,64,65,1.54
November 30 2018,Benton,WA,Passenger,209,224,433,132778,133211,0.33
July 31 2017,Kittitas,WA,Truck,0,0,0,13581,13581,0.00
August 31 2020,DeKalb,GA,Passenger,1,0,1,82,83,1.20
August 31 2022,Multnomah,OR,Passenger,0,3,3,520,523,0.57
June 30 2018,Snohomish,WA,Passenger,2349,1261,3610,521470,525080,0.69
February 28 2019,Santa Clara,CA,Passenger,8,1,9,376,385,2.34
June 30 2022,Cumberland,NC,Passenger,1,4,5,371,376,1.33
September 30 2019,Cook,IL,Passenger,1,0,1,250,251,0.40
February 29 2020,Fresno,CA,Passenger,1,0,1,198,199,0.50
March 31 2022,Dallas,TX,Passenger,1,0,1,126,127,0.79
December 31 2020,Sarasota,FL,Passenger,2,0,2,28,30,6.67
August 31 2023,Columbia,WA,Passenger,12,1,13,2420,2433,0.53
September 30 2023,Kittitas,WA,Passenger,392,109,501,28949,29450,1.70
June 30 2018,Alameda,CA,Passenger,0,1,1,351,352,0.28
January 31 2023,Allen,IN,Passenger,1,0,1,17,18,5.56
December 31 2017,Dakota,MN,Passenger,0,2,2,40,42,4.76
May 31 2022,Currituck,NC,Passenger,1,0,1,21,22,4.55
October 31 2023,Washtenaw,MI,Passenger,0,1,1,17,18,5.56
May 31 2023,Beaufort,SC,Passenger,1,0,1,24,25,4.00
October 31 2021,Wilson,NC,Passenger,1,0,1,0,1,100.00
September 30 2018,Kitsap,WA,Passenger,841,499,1340,179441,180781,0.74
October 31 2020,Okanogan,WA,Truck,0,0,0,16568,16568,0.00
January 31 2017,Grant,WA,Truck,0,0,0,25038,25038,0.00
February 28 2022,San Bernardino,CA,Passenger,1,1,2,350,352,0.57
December 31 2019,San Francisco,CA,Passenger,2,1,3,103,106,2.83
November 30 2023,St. Clair,IL,Passenger,1,0,1,82,83,1.20
August 31 2018,Frederick,MD,Passenger,0,1,1,87,88,1.14
December 31 2021,Spokane,WA,Passenger,1309,758,2067,327206,329273,0.63
June 30 2020,Wahkiakum,WA,Truck,0,0,0,1737,1737,0.00
May 31 2021,Douglas,CO,Passenger,0,1,1,79,80,1.25
February 28 2021,Solano,CA,Passenger,1,0,1,198,199,0.50
March 31 2022,Loudoun,VA,Passenger,1,1,2,66,68,2.94
August 31 2021,Albemarle,VA,Passenger,1,0,1,22,23,4.35
March 31 2020,Grant,WA,Passenger,58,71,129,65485,65614,0.20
May 31 2022,Okanogan,WA,Passenger,82,51,133,26401,26534,0.50
August 31 2019,Pacific,WA,Truck,0,0,0,7677,7677,0.00
October 31 2019,Skagit,WA,Truck,1,0,1,32556,32557,0.00
January 31 2021,Montgomery,PA,Passenger,1,0,1,26,27,3.70
February 28 2021,Grant,WA,Passenger,90,86,176,66063,66239,0.27
June 30 2020,Cowlitz,WA,Passenger,138,115,253,72312,72565,0.35
October 31 2017,Thurston,WA,Truck,0,0,0,53578,53578,0.00
March 31 2017,Yakima,WA,Truck,0,0,0,57264,57264,0.00
February 28 2018,Dakota,MN,Passenger,0,2,2,38,40,5.00
August 31 2020,San Francisco,CA,Passenger,2,1,3,94,97,3.09
May 31 2022,Charleston,SC,Passenger,2,1,3,66,69,4.35
January 31 2022,Camden,NJ,Passenger,0,1,1,13,14,7.14
June 30 2021,Louisa,VA,Passenger,0,1,1,1,2,50.00
February 28 2021,Grays Harbor,WA,Passenger,142,130,272,48784,49056,0.55
January 31 2023,Grays Harbor,WA,Passenger,260,164,424,48604,49028,0.86
June 30 2020,Ferry,WA,Truck,0,0,0,3556,3556,0.00
February 29 2020,Maricopa,AZ,Passenger,8,8,16,1537,1553,1.03
January 31 2020,Montgomery,OH,Passenger,0,1,1,51,52,1.92
August 31 2020,Walla Walla,WA,Truck,0,0,0,13748,13748,0.00
July 31 2018,Dale,AL,Passenger,0,1,1,58,59,1.69
August 31 2021,Bucks,PA,Passenger,1,0,1,17,18,5.56
June 30 2022,Sarasota,FL,Passenger,2,0,2,27,29,6.90
July 31 2023,DuPage,IL,Passenger,0,1,1,33,34,2.94
November 30 2020,Putnam,TN,Passenger,0,1,1,3,4,25.00
January 31 2018,Clark,WA,Truck,0,0,0,78576,78576,0.00
May 31 2023,Kitsap,WA,Truck,70,0,70,52422,52492,0.13
September 30 2022,Thurston,WA,Passenger,2380,1102,3482,192650,196132,1.78
October 31 2023,Asotin,WA,Truck,0,0,0,6524,6524,0.00
June 30 2020,Manassas,VA,Passenger,0,1,1,5,6,16.67
October 31 2021,Anchorage,AK,Passenger,1,0,1,144,145,0.69
December 31 2022,Douglas,NE,Passenger,2,1,3,34,37,8.11
April 30 2023,Yellowstone,MT,Passenger,0,1,1,17,18,5.56
September 30 2020,Frederick,MD,Passenger,1,1,2,74,76,2.63
March 31 2022,Larimer,CO,Passenger,1,0,1,49,50,2.00
October 31 2019,Kitsap,WA,Passenger,1176,645,1821,182123,183944,0.99
January 31 2019,Kootenai,ID,Passenger,1,1,2,213,215,0.93
June 30 2021,Sedgwick,KS,Passenger,1,1,2,89,91,2.20
September 30 2020,Snohomish,WA,Passenger,4693,1806,6499,537147,543646,1.20
November 30 2021,Harris,TX,Passenger,1,1,2,182,184,1.09
January 31 2018,Adams,WA,Truck,0,0,0,5147,5147,0.00
October 31 2017,Charles,MD,Passenger,0,1,1,84,85,1.18
April 30 2019,Suffolk,MA,Passenger,0,1,1,41,42,2.38
October 31 2020,Mercer,NJ,Passenger,0,1,1,14,15,6.67
December 31 2020,Pacific,WA,Truck,0,0,0,7791,7791,0.00
April 30 2018,Skagit,WA,Passenger,182,155,337,90033,90370,0.37
June 30 2022,DeKalb,GA,Passenger,1,0,1,55,56,1.79
May 31 2022,Santa Cruz,CA,Passenger,1,0,1,28,29,3.45
January 31 2023,Mercer,NJ,Passenger,0,1,1,12,13,7.69
April 30 2021,Bradley,TN,Passenger,1,0,1,0,1,100.00
May 31 2017,Cowlitz,WA,Passenger,52,50,102,69532,69634,0.15
May 31 2020,Whitman,WA,Truck,0,0,0,8517,8517,0.00
February 29 2020,Snohomish,WA,Truck,0,0,0,123714,123714,0.00
April 30 2019,Lincoln,WA,Passenger,3,6,9,7756,7765,0.12
April 30 2018,Chelan,WA,Passenger,98,45,143,53398,53541,0.27
May 31 2021,Franklin,WA,Passenger,117,95,212,61943,62155,0.34
July 31 2018,Skamania,WA,Truck,0,0,0,3961,3961,0.00
July 31 2019,St. Clair,IL,Passenger,0,1,1,157,158,0.63
October 31 2020,Grays Harbor,WA,Truck,0,0,0,21119,21119,0.00
May 31 2021,Richmond,NY,Passenger,1,0,1,7,8,12.50
March 31 2018,Hamilton,IN,Passenger,1,0,1,49,50,2.00
March 31 2020,Washtenaw,MI,Passenger,1,0,1,36,37,2.70
September 30 2022,Suffolk,VA,Passenger,1,0,1,117,118,0.85
December 31 2021,St. Mary's,MD,Passenger,1,0,1,208,209,0.48
November 30 2018,Hennepin,MN,Passenger,2,0,2,107,109,1.83
September 30 2023,Berkeley,SC,Passenger,0,1,1,92,93,1.08
June 30 2023,Grays Harbor,WA,Truck,7,0,7,20951,20958,0.03
April 30 2019,Hennepin,MN,Passenger,2,0,2,101,103,1.94
February 28 2022,Wake,NC,Passenger,1,0,1,112,113,0.88
December 31 2021,Monterey,CA,Passenger,0,2,2,138,140,1.43
February 28 2017,Hardin,KY,Passenger,0,1,1,125,126,0.79
May 31 2023,Orange,FL,Passenger,1,0,1,61,62,1.61
December 31 2022,Penobscot,ME,Passenger,0,1,1,9,10,10.00
September 30 2022,Dorchester,SC,Passenger,1,0,1,53,54,1.85
May 31 2022,Oldham,KY,Passenger,0,1,1,4,5,20.00
May 31 2018,Nantucket,MA,Passenger,1,0,1,4,5,20.00
January 31 2021,Hampshire,MA,Passenger,1,0,1,7,8,12.50
July 31 2020,Skamania,WA,Truck,0,0,0,4031,4031,0.00
May 31 2018,Whitman,WA,Passenger,19,27,46,22577,22623,0.20
June 30 2018,Tarrant,TX,Passenger,1,0,1,224,225,0.44
June 30 2017,Columbia,WA,Passenger,1,1,2,2354,2356,0.08
June 30 2021,Okanogan,WA,Truck,0,0,0,16751,16751,0.00
November 30 2022,Snohomish,WA,Truck,79,0,79,122710,122789,0.06
October 31 2017,Monterey,CA,Passenger,0,2,2,192,194,1.03
March 31 2023,Wichita,TX,Passenger,2,0,2,35,37,5.41
May 31 2021,New York,NY,Passenger,1,0,1,48,49,2.04
August 31 2022,Meade,KY,Passenger,1,0,1,19,20,5.00
July 31 2017,Santa Clara,CA,Passenger,5,2,7,405,412,1.70
May 31 2019,Portsmouth,VA,Passenger,0,1,1,74,75,1.33
July 31 2023,Bell,TX,Passenger,1,0,1,240,241,0.41
March 31 2021,Los Angeles,CA,Passenger,9,10,19,944,963,1.97
January 31 2019,Goochland,VA,Passenger,0,1,1,246,247,0.40
April 30 2020,Virginia Beach,VA,Passenger,1,0,1,678,679,0.15
April 30 2022,Sedgwick,KS,Passenger,1,1,2,83,85,2.35
December 31 2022,Washington,OR,Passenger,1,0,1,278,279,0.36
February 28 2021,Suffolk,MA,Passenger,0,2,2,34,36,5.56
November 30 2021,Middlesex,MA,Passenger,1,1,2,88,90,2.22
December 31 2019,Cowlitz,WA,Truck,0,0,0,29032,29032,0.00
November 30 2023,Skamania,WA,Truck,1,0,1,3671,3672,0.03
November 30 2018,San Juan,WA,Truck,0,0,0,5802,5802,0.00
May 31 2018,Skamania,WA,Passenger,12,9,21,8704,8725,0.24
June 30 2022,New London,CT,Passenger,2,5,7,186,193,3.63
January 31 2023,Honolulu,HI,Passenger,3,3,6,299,305,1.97
October 31 2020,Calvert,MD,Passenger,0,2,2,82,84,2.38
September 30 2019,Tarrant,TX,Passenger,2,0,2,202,204,0.98
September 30 2020,Salt Lake,UT,Passenger,0,1,1,183,184,0.54
November 30 2020,Rogers,OK,Passenger,1,0,1,5,6,16.67
December 31 2021,Columbia,WA,Truck,0,0,0,1554,1554,0.00
September 30 2023,Yakima,WA,Truck,15,0,15,60312,60327,0.02
September 30 2023,Kitsap,WA,Truck,88,0,88,51614,51702,0.17
May 31 2022,Thurston,WA,Truck,4,0,4,55411,55415,0.01
August 31 2018,Okanogan,WA,Truck,0,0,0,16470,16470,0.00
September 30 2020,Whatcom,WA,Passenger,1140,525,1665,149373,151038,1.10
May 31 2022,Lee,FL,Passenger,1,0,1,35,36,2.78
May 31 2020,Frederick,MD,Passenger,1,1,2,77,79,2.53
February 28 2022,Adams,WA,Truck,0,0,0,5459,5459,0.00
July 31 2019,San Mateo,CA,Passenger,2,1,3,122,125,2.40
November 30 2020,Whatcom,WA,Truck,3,0,3,43484,43487,0.01
November 30 2019,Loudoun,VA,Passenger,1,0,1,94,95,1.05
February 28 2018,Frederick,MD,Passenger,0,1,1,92,93,1.08
December 31 2021,Howard,IN,Passenger,0,1,1,6,7,14.29
January 31 2023,Okaloosa,FL,Passenger,0,1,1,96,97,1.03
October 31 2023,Sheridan,WY,Passenger,1,0,1,3,4,25.00
June 30 2019,Grays Harbor,WA,Truck,0,0,0,20456,20456,0.00
May 31 2020,Kitsap,WA,Truck,0,0,0,53859,53859,0.00
July 31 2017,Asotin,WA,Passenger,8,4,12,12437,12449,0.10
January 31 2017,Pierce,WA,Passenger,822,751,1573,528262,529835,0.30
August 31 2017,Kittitas,WA,Passenger,27,21,48,27890,27938,0.17
July 31 2022,Franklin,WA,Truck,1,0,1,20862,20863,0.00
May 31 2023,Goochland,VA,Passenger,1,2,3,45,48,6.25
November 30 2022,Champaign,IL,Passenger,1,0,1,11,12,8.33
June 30 2019,Pima,AZ,Passenger,0,1,1,409,410,0.24
October 31 2022,Alameda,CA,Passenger,6,0,6,182,188,3.19
July 31 2021,El Dorado,CA,Passenger,1,0,1,33,34,2.94
July 31 2019,Oldham,KY,Passenger,0,1,1,5,6,16.67
March 31 2021,Ray,MO,Passenger,0,1,1,1,2,50.00
February 28 2022,Eagle,CO,Passenger,1,0,1,8,9,11.11
June 30 2021,Clinton,PA,Passenger,1,0,1,0,1,100.00
August 31 2023,Thurston,WA,Passenger,3360,1279,4639,188943,193582,2.40
July 31 2017,Benton,WA,Truck,0,0,0,40130,40130,0.00
June 30 2019,Benton,WA,Passenger,258,279,537,133777,134314,0.40
September 30 2023,Sonoma,CA,Passenger,1,1,2,54,56,3.57
August 31 2022,Deschutes,OR,Passenger,2,0,2,81,83,2.41
September 30 2018,Maui,HI,Passenger,1,0,1,55,56,1.79
September 30 2017,Deschutes,OR,Passenger,1,0,1,195,196,0.51
October 31 2020,Carroll,MD,Passenger,0,1,1,21,22,4.55
October 31 2023,Hardin,KY,Passenger,1,0,1,49,50,2.00
December 31 2021,Williamsburg,VA,Passenger,0,1,1,6,7,14.29
November 30 2021,Marin,CA,Passenger,0,1,1,37,38,2.63
December 31 2019,San Diego,CA,Passenger,10,4,14,2801,2815,0.50
July 31 2023,St. Louis,MO,Passenger,1,0,1,47,48,2.08
October 31 2017,Pend Oreille,WA,Passenger,3,4,7,9373,9380,0.07
December 31 2020,Harris,TX,Passenger,1,1,2,228,230,0.87
September 30 2021,Multnomah,OR,Passenger,2,6,8,645,653,1.23
September 30 2021,Clark,WA,Passenger,3150,1485,4635,321699,326334,1.42
April 30 2023,Essex,MA,Passenger,1,0,1,14,15,6.67
May 31 2019,District of Columbia,DC,Passenger,1,1,2,204,206,0.97
June 30 2018,Nassau,NY,Passenger,2,0,2,39,41,4.88
August 31 2017,Montgomery,MD,Passenger,1,0,1,311,312,0.32
August 31 2023,Miami-Dade,FL,Passenger,1,0,1,50,51,1.96
December 31 2021,Wilson,NC,Passenger,1,0,1,0,1,100.00
June 30 2020,Pacific,WA,Passenger,33,33,66,15750,15816,0.42
October 31 2018,Orange,CA,Passenger,5,1,6,567,573,1.05
October 31 2018,Honolulu,HI,Passenger,1,2,3,524,527,0.57
August 31 2019,Riverside,CA,Passenger,3,2,5,648,653,0.77
July 31 2021,Onslow,NC,Passenger,0,1,1,183,184,0.54
July 31 2020,Monterey,CA,Passenger,0,1,1,164,165,0.61
September 30 2021,Nueces,TX,Passenger,1,0,1,66,67,1.49
July 31 2023,Hennepin,MN,Passenger,1,0,1,33,34,2.94
September 30 2021,Yavapai,AZ,Passenger,0,1,1,39,40,2.50
February 28 2022,Powhatan,VA,Passenger,1,0,1,1,2,50.00
November 30 2017,Pierce,WA,Passenger,1050,942,1992,525962,527954,0.38
October 31 2021,Columbia,WA,Passenger,7,2,9,2438,2447,0.37
August 31 2022,Coryell,TX,Passenger,1,0,1,92,93,1.08
August 31 2022,Columbia,WA,Truck,0,0,0,1572,1572,0.00
February 28 2021,King,WA,Truck,6,1,7,184301,184308,0.00
September 30 2018,Duval,FL,Passenger,1,2,3,386,389,0.77
September 30 2019,Ventura,CA,Passenger,0,2,2,315,317,0.63
February 28 2018,Portsmouth,VA,Passenger,0,1,1,71,72,1.39
November 30 2019,Dallas,TX,Passenger,1,0,1,213,214,0.47
January 31 2018,Sedgwick,KS,Passenger,0,1,1,108,109,0.92
April 30 2018,Prince George,VA,Passenger,0,1,1,74,75,1.33
August 31 2020,Williams,ND,Passenger,0,1,1,11,12,8.33
April 30 2020,Whatcom,WA,Passenger,1058,490,1548,150105,151653,1.02
August 31 2017,Wahkiakum,WA,Truck,0,0,0,1655,1655,0.00
January 31 2017,San Mateo,CA,Passenger,0,1,1,178,179,0.56
January 31 2018,Hardin,KY,Passenger,0,1,1,115,116,0.86
August 31 2022,Douglas,NE,Passenger,1,2,3,40,43,6.98
November 30 2022,Arlington,VA,Passenger,1,0,1,117,118,0.85
July 31 2020,Albemarle,VA,Passenger,1,0,1,21,22,4.55
April 30 2021,Carroll,MD,Passenger,0,1,1,19,20,5.00
July 31 2018,Queens,NY,Passenger,1,0,1,62,63,1.59
May 31 2020,Lake,FL,Passenger,1,0,1,21,22,4.55
February 28 2023,Stevens,WA,Truck,2,0,2,18781,18783,0.01
September 30 2021,Wahkiakum,WA,Truck,0,0,0,1814,1814,0.00
August 31 2017,Saratoga,NY,Passenger,1,1,2,71,73,2.74
February 28 2022,Elmore,ID,Passenger,1,0,1,18,19,5.26
July 31 2019,DeKalb,IN,Passenger,1,0,1,1,2,50.00
March 31 2021,King,WA,Passenger,28516,8566,37082,1364757,1401839,2.65
January 31 2018,Fairfax,VA,Passenger,3,2,5,824,829,0.60
February 28 2021,Franklin,WA,Truck,0,0,0,20508,20508,0.00
May 31 2019,Bucks,PA,Passenger,1,0,1,20,21,4.76
February 28 2023,Island,WA,Truck,20,0,20,21100,21120,0.09
December 31 2018,Cumberland,NC,Passenger,0,1,1,532,533,0.19
June 30 2022,Island,WA,Truck,4,0,4,21357,21361,0.02
January 31 2019,Travis,TX,Passenger,3,1,4,206,210,1.90
August 31 2021,Orange,FL,Passenger,2,0,2,111,113,1.77
September 30 2022,Sumter,SC,Passenger,0,1,1,33,34,2.94
September 30 2018,Frederick,MD,Passenger,0,1,1,89,90,1.11
September 30 2021,Sumter,SC,Passenger,0,1,1,33,34,2.94
October 31 2018,DeKalb,IN,Passenger,1,0,1,1,2,50.00
December 31 2022,Danville,VA,Passenger,1,0,1,0,1,100.00
December 31 2020,Stevens,WA,Passenger,36,40,76,30223,30299,0.25
July 31 2020,Walla Walla,WA,Passenger,77,65,142,35904,36046,0.39
April 30 2021,Adams,WA,Truck,0,0,0,5406,5406,0.00
July 31 2019,Prince George's,MD,Passenger,1,1,2,177,179,1.12
July 31 2019,Riverside,CA,Passenger,3,2,5,648,653,0.77
July 31 2021,Douglas,WA,Passenger,100,51,151,28502,28653,0.53
September 30 2019,Chelan,WA,Passenger,174,71,245,54505,54750,0.45
December 31 2020,Chelan,WA,Passenger,278,88,366,54496,54862,0.67
February 28 2021,Miami-Dade,FL,Passenger,1,0,1,97,98,1.02
March 31 2017,Missoula,MT,Passenger,1,0,1,80,81,1.23
October 31 2023,Essex,NJ,Passenger,2,0,2,6,8,25.00
December 31 2019,Bucks,PA,Passenger,1,0,1,23,24,4.17
April 30 2017,Island,WA,Truck,0,0,0,20519,20519,0.00
March 31 2020,Klickitat,WA,Passenger,51,41,92,15593,15685,0.59
February 29 2020,Brevard,FL,Passenger,0,1,1,93,94,1.06
December 31 2021,El Paso,TX,Passenger,2,0,2,367,369,0.54
November 30 2018,Lane,OR,Passenger,0,1,1,178,179,0.56
January 31 2020,Rockingham,NH,Passenger,1,0,1,28,29,3.45
September 30 2019,Dallas,TX,Passenger,1,0,1,214,215,0.47
October 31 2019,Alexandria,VA,Passenger,1,0,1,144,145,0.69
July 31 2019,Boulder,CO,Passenger,1,0,1,49,50,2.00
September 30 2018,Oldham,KY,Passenger,0,1,1,5,6,16.67
September 30 2022,Eagle,CO,Passenger,1,0,1,9,10,10.00
January 31 2022,Grant,WA,Truck,0,0,0,27988,27988,0.00
March 31 2021,Skagit,WA,Truck,1,0,1,32927,32928,0.00
October 31 2017,Douglas,WA,Truck,0,0,0,11657,11657,0.00
October 31 2018,Kent,MI,Passenger,0,1,1,27,28,3.57
August 31 2023,Williamsburg,VA,Passenger,0,1,1,6,7,14.29
June 30 2020,Pierce,WA,Passenger,2380,1691,4071,549495,553566,0.74
December 31 2020,Broward,FL,Passenger,2,1,3,112,115,2.61
February 28 2022,San Juan,WA,Truck,1,0,1,6015,6016,0.02
August 31 2019,Cumberland,NC,Passenger,0,2,2,504,506,0.40
January 31 2019,Okanogan,WA,Truck,0,0,0,16477,16477,0.00
February 28 2022,Walla Walla,WA,Truck,0,0,0,14071,14071,0.00
December 31 2021,Pend Oreille,WA,Passenger,18,9,27,9123,9150,0.30
May 31 2022,Onslow,NC,Passenger,0,1,1,166,167,0.60
October 31 2023,Howard,MD,Passenger,0,2,2,45,47,4.26
January 31 2020,Cascade,MT,Passenger,0,1,1,59,60,1.67
April 30 2019,Grant,WA,Passenger,35,60,95,64379,64474,0.15
March 31 2018,Jefferson,WA,Passenger,132,88,220,24287,24507,0.90
June 30 2018,Garfield,WA,Passenger,1,1,2,1316,1318,0.15
May 31 2020,Chelan,WA,Truck,0,0,0,22435,22435,0.00
March 31 2023,Yakima,WA,Passenger,457,238,695,166052,166747,0.42
July 31 2019,Okanogan,WA,Truck,0,0,0,16488,16488,0.00
October 31 2019,Douglas,WA,Truck,0,0,0,12291,12291,0.00
April 30 2023,Snohomish,WA,Passenger,11700,2930,14630,528689,543319,2.69
October 31 2021,Adams,WA,Passenger,16,14,30,13030,13060,0.23
April 30 2022,Prince George's,MD,Passenger,2,1,3,132,135,2.22
September 30 2022,Allegheny,PA,Passenger,1,1,2,57,59,3.39
October 31 2022,Platte,MO,Passenger,1,0,1,23,24,4.17
March 31 2019,Suffolk,MA,Passenger,0,1,1,42,43,2.33
February 28 2022,Williamsburg,VA,Passenger,0,1,1,6,7,14.29
February 28 2023,Santa Barbara,CA,Passenger,1,0,1,69,70,1.43
July 31 2020,Eagle,CO,Passenger,1,0,1,9,10,10.00
November 30 2020,King,WA,Truck,6,1,7,184159,184166,0.00
April 30 2022,King,WA,Truck,26,1,27,181730,181757,0.01
March 31 2023,Garfield,WA,Truck,0,0,0,978,978,0.00
October 31 2020,Kitsap,WA,Truck,0,0,0,54223,54223,0.00
March 31 2022,Orange,FL,Passenger,2,0,2,97,99,2.02
July 31 2021,Travis,TX,Passenger,5,3,8,160,168,4.76
March 31 2017,Saratoga,NY,Passenger,1,1,2,76,78,2.56
April 30 2021,Bucks,PA,Passenger,1,0,1,20,21,4.76
March 31 2022,Lee,FL,Passenger,1,0,1,34,35,2.86
July 31 2019,Lee,FL,Passenger,1,0,1,52,53,1.89
July 31 2019,Osceola,FL,Passenger,1,0,1,41,42,2.38
March 31 2020,Pacific,WA,Truck,0,0,0,7710,7710,0.00
October 31 2023,Lewis,WA,Truck,8,0,8,25264,25272,0.03
May 31 2020,Portsmouth,VA,Passenger,0,1,1,75,76,1.32
March 31 2018,Pend Oreille,WA,Passenger,4,3,7,9457,9464,0.07
May 31 2021,Richmond,GA,Passenger,0,1,1,79,80,1.25
September 30 2019,Okanogan,WA,Passenger,24,26,50,26234,26284,0.19
February 28 2023,Pierce,WA,Truck,111,0,111,138669,138780,0.08
July 31 2021,Lincoln,WA,Truck,0,0,0,4758,4758,0.00
January 31 2018,Richmond,GA,Passenger,0,1,1,93,94,1.06
February 28 2017,Guilford,NC,Passenger,1,0,1,32,33,3.03
March 31 2022,Solano,CA,Passenger,1,0,1,173,174,0.57
December 31 2020,Nassau,FL,Passenger,1,0,1,36,37,2.70
January 31 2018,Thurston,WA,Passenger,487,407,894,190641,191535,0.47
July 31 2018,Pacific,WA,Truck,0,0,0,7610,7610,0.00
April 30 2022,Ventura,CA,Passenger,2,2,4,249,253,1.58
December 31 2022,Portsmouth,VA,Passenger,0,1,1,75,76,1.32
June 30 2023,Los Angeles,CA,Passenger,6,4,10,601,611,1.64
June 30 2021,Grant,WA,Truck,0,0,0,27906,27906,0.00
November 30 2021,Coryell,TX,Passenger,1,0,1,107,108,0.93
May 31 2017,Lane,OR,Passenger,0,1,1,246,247,0.40
June 30 2019,Maui,HI,Passenger,2,0,2,46,48,4.17
June 30 2023,Washington,MD,Passenger,1,0,1,13,14,7.14
March 31 2022,Frederick,MD,Passenger,1,1,2,71,73,2.74
January 31 2022,Ray,MO,Passenger,0,1,1,1,2,50.00
June 30 2023,Kitsap,WA,Passenger,3231,1289,4520,175804,180324,2.51
August 31 2018,St. Mary's,MD,Passenger,1,0,1,220,221,0.45
June 30 2018,Wahkiakum,WA,Passenger,1,2,3,2914,2917,0.10
February 28 2022,Moore,NC,Passenger,0,1,1,125,126,0.79
June 30 2023,Alexandria,VA,Passenger,3,1,4,86,90,4.44
October 31 2019,Collier,FL,Passenger,1,0,1,17,18,5.56
January 31 2018,Walla Walla,WA,Truck,0,0,0,13323,13323,0.00
October 31 2021,Richmond,GA,Passenger,0,1,1,76,77,1.30
August 31 2019,Dale,AL,Passenger,0,1,1,55,56,1.79
December 31 2019,Henrico,VA,Passenger,0,1,1,19,20,5.00
September 30 2023,Lincoln,OR,Passenger,0,1,1,11,12,8.33
February 28 2023,Oldham,KY,Passenger,0,1,1,4,5,20.00
November 30 2018,Garfield,OK,Passenger,1,0,1,14,15,6.67
October 31 2017,Pierce,WA,Passenger,1040,916,1956,525439,527395,0.37
April 30 2019,Jefferson,NY,Passenger,0,2,2,221,223,0.90
November 30 2021,Pennington,SD,Passenger,1,0,1,33,34,2.94
June 30 2023,Napa,CA,Passenger,0,1,1,10,11,9.09
September 30 2022,Moore,NC,Passenger,0,1,1,111,112,0.89
December 31 2018,Goochland,VA,Passenger,0,1,1,244,245,0.41
July 31 2022,San Joaquin,CA,Passenger,1,1,2,90,92,2.17
July 31 2018,Washington,OR,Passenger,0,1,1,479,480,0.21
January 31 2018,El Paso,CO,Passenger,2,0,2,764,766,0.26
March 31 2021,Grant,WA,Truck,0,0,0,27756,27756,0.00
September 30 2023,Ventura,CA,Passenger,2,2,4,190,194,2.06
November 30 2020,Harrison,MS,Passenger,1,0,1,54,55,1.82
May 31 2022,Owyhee,ID,Passenger,1,0,1,2,3,33.33
September 30 2018,Stevens,WA,Truck,0,0,0,18676,18676,0.00
December 31 2020,Anne Arundel,MD,Passenger,1,1,2,404,406,0.49
October 31 2019,Wahkiakum,WA,Truck,0,0,0,1752,1752,0.00
December 31 2020,Asotin,WA,Truck,0,0,0,6674,6674,0.00
November 30 2017,Snohomish,WA,Passenger,1987,1018,3005,515968,518973,0.58
September 30 2020,Washington,OR,Passenger,1,0,1,430,431,0.23
December 31 2021,Plaquemines,LA,Passenger,0,1,1,18,19,5.26
January 31 2017,Santa Fe,NM,Passenger,0,1,1,45,46,2.17
December 31 2017,Franklin,MA,Passenger,0,1,1,4,5,20.00
May 31 2021,King,WA,Passenger,30037,8921,38958,1368257,1407215,2.77
September 30 2018,Asotin,WA,Passenger,11,8,19,12677,12696,0.15
February 28 2021,Placer,CA,Passenger,2,0,2,83,85,2.35
April 30 2018,Franklin,WA,Truck,0,0,0,18594,18594,0.00
November 30 2017,Clay,FL,Passenger,0,1,1,106,107,0.93
August 31 2023,York,VA,Passenger,1,0,1,69,70,1.43
February 28 2019,Larimer,CO,Passenger,1,0,1,57,58,1.72
December 31 2022,Champaign,IL,Passenger,1,0,1,11,12,8.33
August 31 2019,Monroe,IL,Passenger,1,0,1,4,5,20.00
June 30 2017,Honolulu,HI,Passenger,3,2,5,598,603,0.83
February 28 2021,Thurston,WA,Truck,0,0,0,56435,56435,0.00
October 31 2023,San Diego,CA,Passenger,17,10,27,1826,1853,1.46
April 30 2020,Franklin,WA,Passenger,58,76,134,60722,60856,0.22
May 31 2020,Lewis,WA,Truck,0,0,0,25999,25999,0.00
May 31 2022,Mason,WA,Truck,1,0,1,21049,21050,0.00
May 31 2018,Snohomish,WA,Passenger,2281,1222,3503,519999,523502,0.67
January 31 2022,Clallam,WA,Passenger,391,241,632,50227,50859,1.24
February 28 2022,Monterey,CA,Passenger,0,2,2,132,134,1.49
January 31 2021,Jefferson,NY,Passenger,0,1,1,211,212,0.47
March 31 2023,Frederick,MD,Passenger,1,0,1,59,60,1.67
September 30 2021,Montgomery,PA,Passenger,2,0,2,22,24,8.33
November 30 2023,El Dorado,CA,Passenger,1,0,1,15,16,6.25
December 31 2022,Mason,WA,Truck,6,0,6,20851,20857,0.03
June 30 2021,Clallam,WA,Passenger,329,217,546,50483,51029,1.07
January 31 2020,Clallam,WA,Truck,1,0,1,21849,21850,0.00
April 30 2022,Philadelphia,PA,Passenger,1,0,1,41,42,2.38
December 31 2021,Lake,IL,Passenger,3,0,3,159,162,1.85
June 30 2021,Spartanburg,SC,Passenger,0,1,1,53,54,1.85
April 30 2022,Orange,FL,Passenger,2,0,2,98,100,2.00
March 31 2018,Franklin,WA,Passenger,34,55,89,57212,57301,0.16
November 30 2021,Adams,WA,Passenger,16,14,30,13040,13070,0.23
February 28 2021,Whitman,WA,Truck,0,0,0,8518,8518,0.00
April 30 2017,Kitsap,WA,Truck,1,0,1,52314,52315,0.00
September 30 2021,Franklin,WA,Passenger,138,100,238,62111,62349,0.38
January 31 2021,El Dorado,CA,Passenger,1,0,1,35,36,2.78
April 30 2022,Henrico,VA,Passenger,0,1,1,12,13,7.69
March 31 2022,Collin,TX,Passenger,3,0,3,99,102,2.94
May 31 2023,St. Clair,IL,Passenger,1,0,1,95,96,1.04
January 31 2018,Douglas,WA,Truck,0,0,0,11789,11789,0.00
July 31 2021,Yakima,WA,Passenger,237,161,398,169285,169683,0.23
June 30 2023,Anne Arundel,MD,Passenger,5,3,8,288,296,2.70
April 30 2017,Benton,WA,Passenger,143,140,283,128075,128358,0.22
August 31 2018,Washington,OR,Passenger,0,1,1,472,473,0.21
September 30 2022,Goochland,VA,Passenger,1,2,3,92,95,3.16
August 31 2021,Hennepin,MN,Passenger,3,0,3,73,76,3.95
July 31 2019,Cascade,MT,Passenger,0,1,1,64,65,1.54
April 30 2017,Travis,TX,Passenger,1,1,2,197,199,1.01
November 30 2020,Carson City,NV,Passenger,1,0,1,12,13,7.69
January 31 2023,Randolph,NC,Passenger,1,0,1,5,6,16.67
August 31 2021,Deschutes,OR,Passenger,1,0,1,115,116,0.86
December 31 2021,Walla Walla,WA,Passenger,143,86,229,36374,36603,0.63
April 30 2020,Orange,CA,Passenger,7,2,9,520,529,1.70
March 31 2018,Fairfax,VA,Passenger,3,2,5,827,832,0.60
February 28 2019,,,Passenger,3,2,5,416,421,1.19
March 31 2022,Pend Oreille,WA,Truck,0,0,0,5685,5685,0.00
June 30 2022,Anne Arundel,MD,Passenger,4,3,7,347,354,1.98
December 31 2017,Lewis,WA,Passenger,54,40,94,56570,56664,0.17
March 31 2023,Washington,OR,Passenger,1,0,1,257,258,0.39
February 28 2019,Garfield,WA,Truck,0,0,0,960,960,0.00
October 31 2019,Bexar,TX,Passenger,1,5,6,666,672,0.89
November 30 2017,Fairfax,VA,Passenger,3,2,5,836,841,0.59
January 31 2020,Ferry,WA,Truck,0,0,0,3587,3587,0.00
September 30 2022,Henrico,VA,Passenger,0,1,1,8,9,11.11
June 30 2023,Santa Cruz,CA,Passenger,1,0,1,19,20,5.00
November 30 2018,Manassas,VA,Passenger,0,1,1,9,10,10.00
August 31 2020,Putnam,TN,Passenger,0,1,1,3,4,25.00
December 31 2022,Snohomish,WA,Passenger,10178,2760,12938,530099,543037,2.38
September 30 2017,Tarrant,TX,Passenger,1,0,1,239,240,0.42
January 31 2023,Kings,CA,Passenger,2,1,3,289,292,1.03
January 31 2022,Kittitas,WA,Passenger,216,72,288,29808,30096,0.96
October 31 2019,Kent,MI,Passenger,0,1,1,25,26,3.85
October 31 2021,Nassau,NY,Passenger,3,0,3,30,33,9.09
January 31 2020,Stevens,WA,Truck,0,0,0,18787,18787,0.00
June 30 2021,Kittitas,WA,Passenger,160,67,227,29980,30207,0.75
February 28 2017,El Paso,CO,Passenger,1,1,2,845,847,0.24
January 31 2018,Lee,AL,Passenger,1,0,1,35,36,2.78
November 30 2020,Douglas,WA,Passenger,82,43,125,28127,28252,0.44
June 30 2017,Skamania,WA,Truck,0,0,0,3892,3892,0.00
May 31 2020,Mason,WA,Truck,0,0,0,20505,20505,0.00
June 30 2022,Fairfax,VA,Passenger,6,3,9,621,630,1.43
November 30 2023,Alameda,CA,Passenger,4,0,4,136,140,2.86
September 30 2023,Cook,IL,Passenger,3,1,4,133,137,2.92
September 30 2019,Maui,HI,Passenger,2,0,2,43,45,4.44
February 28 2022,Charles,MD,Passenger,0,1,1,65,66,1.52
November 30 2018,Manatee,FL,Passenger,1,0,1,41,42,2.38
May 31 2022,Anchorage,AK,Passenger,2,0,2,133,135,1.48
August 31 2017,Santa Fe,NM,Passenger,0,1,1,44,45,2.22
May 31 2020,Guadalupe,TX,Passenger,1,0,1,68,69,1.45
September 30 2022,Richland,SC,Passenger,0,1,1,121,122,0.82
June 30 2017,Pierce,WA,Truck,0,0,0,137526,137526,0.00
February 28 2021,St. Clair,IL,Passenger,1,0,1,135,136,0.74
January 31 2021,Sedgwick,KS,Passenger,1,1,2,93,95,2.11
February 28 2022,Nueces,TX,Passenger,1,1,2,60,62,3.23
July 31 2023,Benton,OR,Passenger,1,0,1,31,32,3.12
May 31 2023,Asotin,WA,Passenger,35,20,55,12407,12462,0.44
November 30 2018,Pinal,AZ,Passenger,2,0,2,204,206,0.97
October 31 2021,Milwaukee,WI,Passenger,1,0,1,39,40,2.50
April 30 2022,Harrison,MS,Passenger,2,0,2,48,50,4.00
October 31 2020,Clackamas,OR,Passenger,2,0,2,185,187,1.07
March 31 2020,Henrico,VA,Passenger,0,1,1,19,20,5.00
December 31 2022,Santa Cruz,CA,Passenger,1,0,1,21,22,4.55
December 31 2019,Cascade,MT,Passenger,0,1,1,58,59,1.69
January 31 2023,Gwinnett,GA,Passenger,1,0,1,48,49,2.04
June 30 2019,Lee,FL,Passenger,1,0,1,53,54,1.85
September 30 2023,Shasta,CA,Passenger,1,0,1,18,19,5.26
April 30 2018,Whatcom,WA,Truck,2,0,2,42123,42125,0.00
November 30 2021,District of Columbia,DC,Passenger,5,0,5,191,196,2.55
April 30 2021,Denver,CO,Passenger,1,0,1,113,114,0.88
September 30 2022,Douglas,WA,Passenger,147,61,208,28434,28642,0.73
March 31 2019,San Juan,WA,Truck,0,0,0,5808,5808,0.00
July 31 2022,Saratoga,NY,Passenger,1,0,1,42,43,2.33
March 31 2020,Camden,NJ,Passenger,0,2,2,20,22,9.09
September 30 2020,Columbia,WA,Passenger,4,3,7,2422,2429,0.29
November 30 2020,Pierce,WA,Passenger,2759,1755,4514,554707,559221,0.81
August 31 2021,Okanogan,WA,Passenger,66,45,111,26466,26577,0.42
October 31 2020,Howard,MD,Passenger,0,1,1,64,65,1.54
March 31 2019,Randolph,NC,Passenger,1,0,1,6,7,14.29
February 28 2019,DeKalb,IN,Passenger,1,0,1,1,2,50.00
December 31 2019,Klickitat,WA,Passenger,46,38,84,15670,15754,0.53
June 30 2018,Charleston,SC,Passenger,1,0,1,127,128,0.78
October 31 2022,Whitman,WA,Truck,3,0,3,8601,8604,0.03
March 31 2020,Maricopa,AZ,Passenger,7,8,15,1520,1535,0.98
March 31 2020,Dakota,MN,Passenger,0,1,1,32,33,3.03
February 28 2023,Lake,IN,Passenger,0,1,1,9,10,10.00
May 31 2023,Madison,IL,Passenger,1,0,1,14,15,6.67
November 30 2023,Goochland,VA,Passenger,1,2,3,20,23,13.04
October 31 2020,Kent,MI,Passenger,0,1,1,25,26,3.85
February 28 2021,Columbia,WA,Truck,0,0,0,1542,1542,0.00
January 31 2022,Columbia,WA,Passenger,6,2,8,2450,2458,0.33
January 31 2020,Cochise,AZ,Passenger,0,1,1,102,103,0.97
July 31 2019,Guadalupe,TX,Passenger,1,0,1,76,77,1.30
January 31 2018,Hamilton,TN,Passenger,1,0,1,21,22,4.55
September 30 2020,Walla Walla,WA,Passenger,86,62,148,35942,36090,0.41
February 28 2022,Williams,ND,Passenger,0,1,1,7,8,12.50
August 31 2018,Collin,TX,Passenger,1,0,1,158,159,0.63
October 31 2022,Marion,IA,Passenger,1,0,1,0,1,100.00
April 30 2019,Snohomish,WA,Passenger,3291,1538,4829,529102,533931,0.90
June 30 2023,Santa Barbara,CA,Passenger,1,0,1,64,65,1.54
March 31 2017,Jackson,MO,Passenger,1,0,1,69,70,1.43
December 31 2021,Pacific,WA,Passenger,51,64,115,16061,16176,0.71
May 31 2021,Placer,CA,Passenger,2,0,2,84,86,2.33
July 31 2022,Santa Cruz,CA,Passenger,1,0,1,26,27,3.70
May 31 2018,Skamania,WA,Truck,0,0,0,3918,3918,0.00
August 31 2023,Escambia,FL,Passenger,0,1,1,114,115,0.87
March 31 2022,Cowlitz,WA,Passenger,293,172,465,71067,71532,0.65
March 31 2017,Wahkiakum,WA,Truck,0,0,0,1635,1635,0.00
July 31 2023,Arapahoe,CO,Passenger,1,1,2,69,71,2.82
November 30 2018,Portsmouth,VA,Passenger,0,1,1,79,80,1.25
October 31 2017,Nueces,TX,Passenger,0,1,1,93,94,1.06
March 31 2018,Twin Falls,ID,Passenger,0,1,1,25,26,3.85
September 30 2017,Eagle,CO,Passenger,1,0,1,7,8,12.50
January 31 2022,Walla Walla,WA,Truck,0,0,0,14103,14103,0.00
February 29 2020,Pend Oreille,WA,Passenger,8,7,15,9454,9469,0.16
October 31 2019,Honolulu,HI,Passenger,4,2,6,499,505,1.19
May 31 2021,Travis,TX,Passenger,4,3,7,167,174,4.02
October 31 2022,Collier,FL,Passenger,1,0,1,13,14,7.14
May 31 2017,King,WA,Passenger,9793,3990,13783,1376989,1390772,0.99
June 30 2021,Walla Walla,WA,Truck,0,0,0,14075,14075,0.00
August 31 2019,Ferry,WA,Truck,0,0,0,3580,3580,0.00
August 31 2021,Lake,IL,Passenger,2,0,2,166,168,1.19
September 30 2023,Orange,FL,Passenger,1,0,1,49,50,2.00
August 31 2018,Sangamon,IL,Passenger,1,0,1,11,12,8.33
May 31 2020,Albemarle,VA,Passenger,1,0,1,21,22,4.55
May 31 2020,Powhatan,VA,Passenger,1,0,1,0,1,100.00
December 31 2019,Thurston,WA,Passenger,1053,700,1753,199148,200901,0.87
April 30 2017,Pierce,WA,Passenger,917,807,1724,525698,527422,0.33
September 30 2019,Prince George's,MD,Passenger,1,1,2,178,180,1.11
November 30 2018,Whitman,WA,Passenger,20,35,55,22792,22847,0.24
September 30 2022,Walla Walla,WA,Truck,2,0,2,13940,13942,0.01
May 31 2020,Jefferson,WA,Truck,0,0,0,9509,9509,0.00
October 31 2018,Yakima,WA,Truck,0,0,0,58754,58754,0.00
December 31 2017,Garfield,WA,Truck,0,0,0,942,942,0.00
February 28 2018,El Paso,CO,Passenger,2,0,2,765,767,0.26
September 30 2022,Cowlitz,WA,Passenger,368,180,548,70339,70887,0.77
November 30 2021,Milwaukee,WI,Passenger,1,0,1,39,40,2.50
April 30 2021,Pinellas,FL,Passenger,1,1,2,98,100,2.00
June 30 2019,Volusia,FL,Passenger,0,1,1,41,42,2.38
May 31 2019,Hennepin,MN,Passenger,2,0,2,101,103,1.94
September 30 2020,Erie,NY,Passenger,1,0,1,47,48,2.08
August 31 2019,Manassas,VA,Passenger,0,1,1,8,9,11.11
June 30 2021,Middlesex,MA,Passenger,1,1,2,95,97,2.06
December 31 2021,Greene,MO,Passenger,0,1,1,29,30,3.33
January 31 2020,Lee,FL,Passenger,1,0,1,53,54,1.85
June 30 2019,Larimer,CO,Passenger,1,0,1,58,59,1.69
January 31 2021,Dallas,IA,Passenger,0,1,1,10,11,9.09
May 31 2018,Garfield,WA,Truck,0,0,0,955,955,0.00
May 31 2022,Wahkiakum,WA,Truck,0,0,0,1803,1803,0.00
December 31 2021,St. Clair,IL,Passenger,2,0,2,119,121,1.65
September 30 2021,Anchorage,AK,Passenger,1,0,1,147,148,0.68
August 31 2022,Contra Costa,CA,Passenger,0,4,4,230,234,1.71
December 31 2018,Arlington,VA,Passenger,1,1,2,169,171,1.17
July 31 2021,Fort Bend,TX,Passenger,1,0,1,37,38,2.63
December 31 2020,Island,WA,Passenger,507,290,797,62949,63746,1.25
September 30 2022,Pacific,WA,Passenger,70,74,144,15756,15900,0.91
September 30 2017,Wahkiakum,WA,Passenger,0,2,2,2836,2838,0.07
July 31 2017,Fairfax,VA,Passenger,3,2,5,851,856,0.58
September 30 2021,Walla Walla,WA,Truck,0,0,0,14076,14076,0.00
June 30 2022,Kauai,HI,Passenger,1,0,1,17,18,5.56
November 30 2023,Wilson,TX,Passenger,0,1,1,3,4,25.00
January 31 2022,Thurston,WA,Passenger,1919,973,2892,196274,199166,1.45
May 31 2018,Wahkiakum,WA,Truck,0,0,0,1674,1674,0.00
June 30 2022,Mason,WA,Passenger,311,177,488,47334,47822,1.02
October 31 2020,Harrison,MS,Passenger,1,0,1,52,53,1.89
November 30 2023,York,VA,Passenger,1,0,1,63,64,1.56
August 31 2023,Newport News,VA,Passenger,1,0,1,90,91,1.10
September 30 2023,DeKalb,GA,Passenger,1,0,1,36,37,2.70
November 30 2022,Virginia Beach,VA,Truck,1,0,1,108,109,0.92
March 31 2023,Kootenai,ID,Truck,1,0,1,28,29,3.45
May 31 2023,Elmore,ID,Passenger,1,0,1,12,13,7.69
January 31 2020,Greene,MO,Passenger,0,1,1,33,34,2.94
December 31 2021,Whatcom,WA,Truck,4,0,4,43677,43681,0.01
July 31 2019,Fairbanks North Star,AK,Passenger,0,1,1,97,98,1.02
August 31 2020,Alameda,CA,Passenger,2,0,2,275,277,0.72
May 31 2021,Chesapeake,VA,Passenger,0,3,3,393,396,0.76
November 30 2021,Rockingham,NH,Passenger,1,0,1,21,22,4.55
June 30 2022,Fulton,GA,Passenger,1,0,1,65,66,1.52
February 28 2022,Lake,IN,Passenger,0,1,1,9,10,10.00
January 31 2020,Flathead,MT,Passenger,1,0,1,68,69,1.45
March 31 2017,Eagle,CO,Passenger,1,0,1,8,9,11.11
June 30 2018,DeKalb,IN,Passenger,1,0,1,1,2,50.00
September 30 2021,Douglas,CO,Passenger,0,1,1,84,85,1.18
March 31 2022,San Diego,CA,Passenger,17,8,25,2465,2490,1.00
April 30 2021,Pacific,WA,Truck,0,0,0,7918,7918,0.00
September 30 2020,King,WA,Truck,5,1,6,183659,183665,0.00
November 30 2022,Whitman,WA,Passenger,109,65,174,21956,22130,0.79
September 30 2023,Douglas,WA,Passenger,223,71,294,28530,28824,1.02
March 31 2019,Douglas,WA,Truck,0,0,0,12155,12155,0.00
January 31 2018,Garfield,WA,Passenger,1,0,1,1329,1330,0.08
August 31 2018,Whatcom,WA,Passenger,653,321,974,148240,149214,0.65
February 28 2023,Okanogan,WA,Passenger,109,56,165,26138,26303,0.63
September 30 2021,Columbia,WA,Passenger,7,2,9,2449,2458,0.37
September 30 2020,Leavenworth,KS,Passenger,0,1,1,121,122,0.82
June 30 2023,Coryell,TX,Passenger,1,0,1,72,73,1.37
February 28 2021,Hampshire,MA,Passenger,1,0,1,7,8,12.50
September 30 2020,Fort Bend,TX,Passenger,1,0,1,43,44,2.27
March 31 2019,Jefferson,WA,Passenger,179,118,297,24875,25172,1.18
May 31 2020,Snohomish,WA,Truck,0,0,0,123350,123350,0.00
November 30 2019,Williamson,TX,Passenger,0,2,2,151,153,1.31
May 31 2023,Richmond,GA,Passenger,0,1,1,62,63,1.59
December 31 2018,Tulsa,OK,Passenger,1,1,2,50,52,3.85
August 31 2017,Manassas,VA,Passenger,0,1,1,9,10,10.00
November 30 2021,Ray,MO,Passenger,0,1,1,1,2,50.00
January 31 2023,Ray,MO,Passenger,0,1,1,0,1,100.00
January 31 2018,Mason,WA,Passenger,65,77,142,44971,45113,0.31
March 31 2021,Fairfax,VA,Passenger,5,4,9,705,714,1.26
April 30 2022,Fairbanks North Star,AK,Passenger,0,1,1,79,80,1.25
September 30 2019,Clark,NV,Passenger,5,2,7,693,700,1.00
February 28 2023,Garfield,WA,Passenger,1,3,4,1312,1316,0.30
June 30 2023,Escambia,FL,Passenger,0,1,1,120,121,0.83
July 31 2020,Charles,MD,Passenger,1,1,2,78,80,2.50
March 31 2021,Orange,NC,Passenger,0,1,1,10,11,9.09
August 31 2021,Henrico,VA,Passenger,0,1,1,13,14,7.14
January 31 2023,Albemarle,VA,Passenger,1,0,1,16,17,5.88
November 30 2022,Rockdale,GA,Passenger,1,0,1,6,7,14.29
March 31 2019,DeKalb,IN,Passenger,1,0,1,1,2,50.00
October 31 2022,Wilson,TX,Passenger,0,1,1,3,4,25.00
October 31 2022,Manassas,VA,Passenger,0,1,1,9,10,10.00
April 30 2023,Skamania,WA,Passenger,100,53,153,8092,8245,1.86
April 30 2019,Dakota,MN,Passenger,0,2,2,36,38,5.26
April 30 2023,Walla Walla,WA,Truck,5,0,5,13743,13748,0.04
June 30 2022,Clark,NV,Passenger,8,2,10,528,538,1.86
January 31 2020,San Joaquin,CA,Passenger,1,0,1,139,140,0.71
March 31 2021,Goochland,VA,Passenger,4,3,7,244,251,2.79
February 28 2022,Loudoun,VA,Passenger,1,0,1,65,66,1.52
September 30 2021,Polk,FL,Passenger,1,0,1,62,63,1.59
October 31 2023,Hoke,NC,Passenger,1,0,1,56,57,1.75
April 30 2023,Rock Island,IL,Passenger,0,1,1,11,12,8.33
November 30 2019,Sarasota,FL,Passenger,2,0,2,27,29,6.90
September 30 2022,Marion,IA,Passenger,1,0,1,0,1,100.00
February 28 2022,Thurston,WA,Passenger,1969,990,2959,195825,198784,1.49
November 30 2018,Travis,TX,Passenger,1,1,2,204,206,0.97
May 31 2020,Montgomery,OH,Passenger,0,1,1,48,49,2.04
April 30 2018,Pacific,WA,Truck,0,0,0,7595,7595,0.00
November 30 2021,Pacific,WA,Truck,0,0,0,8002,8002,0.00
May 31 2022,Wake,NC,Passenger,1,0,1,97,98,1.02
August 31 2022,Collier,FL,Passenger,1,0,1,14,15,6.67
September 30 2020,Lane,OR,Passenger,0,1,1,146,147,0.68
February 28 2022,Plaquemines,LA,Passenger,0,1,1,18,19,5.26
May 31 2022,Lake,IN,Passenger,0,1,1,9,10,10.00
September 30 2021,Wichita,TX,Passenger,1,0,1,42,43,2.33
June 30 2020,Oldham,KY,Passenger,0,1,1,4,5,20.00
May 31 2019,Nantucket,MA,Passenger,1,0,1,2,3,33.33
February 28 2022,Lewis,WA,Truck,0,0,0,26602,26602,0.00
March 31 2020,Travis,TX,Passenger,3,1,4,188,192,2.08
June 30 2019,Richmond,GA,Passenger,0,1,1,95,96,1.04
September 30 2017,Lincoln,WA,Passenger,2,6,8,7563,7571,0.11
April 30 2019,Clark,NV,Passenger,4,2,6,698,704,0.85
March 31 2022,Rockingham,NH,Passenger,1,0,1,19,20,5.00
April 30 2023,Palm Beach,FL,Passenger,1,0,1,44,45,2.22
August 31 2022,Cumberland,PA,Passenger,1,0,1,40,41,2.44
August 31 2023,Walla Walla,WA,Passenger,233,116,349,35227,35576,0.98
October 31 2022,Walla Walla,WA,Passenger,190,106,296,35709,36005,0.82
January 31 2019,Santa Rosa,FL,Passenger,1,0,1,91,92,1.09
November 30 2022,Middlesex,MA,Passenger,2,1,3,67,70,4.29
April 30 2023,Essex,NJ,Passenger,2,0,2,7,9,22.22
September 30 2022,Benton,WA,Passenger,833,481,1314,135536,136850,0.96
October 31 2020,Whatcom,WA,Passenger,1169,531,1700,149641,151341,1.12
July 31 2022,Escambia,FL,Passenger,0,1,1,133,134,0.75
March 31 2019,San Diego,CA,Passenger,11,3,14,2663,2677,0.52
February 28 2022,,,Passenger,3,2,5,304,309,1.62
March 31 2021,Skamania,WA,Passenger,38,25,63,8303,8366,0.75
October 31 2021,Placer,CA,Passenger,2,0,2,74,76,2.63
January 31 2018,Ada,ID,Passenger,0,1,1,356,357,0.28
January 31 2018,Franklin,OH,Passenger,0,1,1,110,111,0.90
February 28 2022,Grant,WA,Passenger,142,99,241,66777,67018,0.36
February 28 2017,Contra Costa,CA,Passenger,1,0,1,646,647,0.15
July 31 2021,Snohomish,WA,Passenger,6120,2098,8218,539638,547856,1.50
October 31 2017,Adams,WA,Passenger,3,3,6,12280,12286,0.05
June 30 2018,Spokane,WA,Truck,1,0,1,92623,92624,0.00
July 31 2021,Honolulu,HI,Passenger,5,2,7,409,416,1.68
May 31 2020,Hudson,NJ,Passenger,1,0,1,40,41,2.44
March 31 2020,Skagit,WA,Passenger,391,216,607,92152,92759,0.65
October 31 2020,Ferry,WA,Passenger,8,3,11,4351,4362,0.25
February 28 2019,Clackamas,OR,Passenger,1,1,2,211,213,0.94
April 30 2019,Clark,WA,Truck,0,0,0,80100,80100,0.00
January 31 2019,Richland,SC,Passenger,0,1,1,164,165,0.61
February 28 2022,Alexandria,VA,Passenger,4,0,4,111,115,3.48
September 30 2020,Kent,MI,Passenger,0,1,1,25,26,3.85
January 31 2017,Collier,FL,Passenger,1,1,2,22,24,8.33
July 31 2019,Thurston,WA,Truck,0,0,0,55259,55259,0.00
November 30 2018,Adams,WA,Truck,0,0,0,5159,5159,0.00
December 31 2020,Contra Costa,CA,Passenger,3,3,6,279,285,2.11
May 31 2017,Asotin,WA,Passenger,6,3,9,12374,12383,0.07
October 31 2020,Ada,ID,Passenger,0,1,1,264,265,0.38
August 31 2020,Jefferson,NY,Passenger,0,1,1,208,209,0.48
December 31 2018,Brevard,FL,Passenger,0,1,1,99,100,1.00
December 31 2017,Nassau,NY,Passenger,1,1,2,40,42,4.76
May 31 2022,Collin,TX,Passenger,3,0,3,88,91,3.30
November 30 2018,Juneau,AK,Passenger,0,1,1,42,43,2.33
June 30 2022,Maui,HI,Passenger,1,0,1,25,26,3.85
May 31 2021,Larimer,CO,Passenger,1,0,1,50,51,1.96
November 30 2021,Whatcom,WA,Truck,4,0,4,43683,43687,0.01
September 30 2022,Berkeley,SC,Passenger,0,1,1,120,121,0.83
March 31 2019,Los Angeles,CA,Passenger,6,5,11,1108,1119,0.98
July 31 2022,St. Clair,IL,Passenger,2,0,2,114,116,1.72
April 30 2021,Skamania,WA,Truck,0,0,0,4020,4020,0.00
June 30 2018,Skagit,WA,Passenger,206,166,372,90484,90856,0.41
February 28 2019,Douglas,WA,Truck,0,0,0,12164,12164,0.00
February 28 2018,San Juan,WA,Passenger,140,48,188,13921,14109,1.33
November 30 2021,Grant,WA,Truck,0,0,0,28036,28036,0.00
June 30 2022,Franklin,WA,Passenger,186,109,295,61964,62259,0.47
June 30 2022,San Diego,CA,Passenger,18,10,28,2383,2411,1.16
February 28 2019,Pinal,AZ,Passenger,2,0,2,205,207,0.97
September 30 2018,Walla Walla,WA,Passenger,36,50,86,35923,36009,0.24
March 31 2017,New Haven,CT,Passenger,0,1,1,60,61,1.64
February 28 2021,Twin Falls,ID,Passenger,0,1,1,24,25,4.00
July 31 2020,Greene,MO,Passenger,0,1,1,37,38,2.63
June 30 2019,Kalamazoo,MI,Passenger,1,0,1,14,15,6.67
April 30 2023,Hudson,NJ,Passenger,1,0,1,19,20,5.00
January 31 2018,Franklin,MA,Passenger,0,1,1,3,4,25.00
April 30 2019,Cumberland,NC,Passenger,0,2,2,518,520,0.38
July 31 2022,Asotin,WA,Passenger,24,19,43,12627,12670,0.34
June 30 2019,Cumberland,NC,Passenger,0,2,2,515,517,0.39
February 29 2020,San Joaquin,CA,Passenger,1,0,1,138,139,0.72
February 28 2023,Santa Clara,CA,Passenger,9,4,13,197,210,6.19
February 28 2018,Prince George's,MD,Passenger,0,1,1,181,182,0.55
July 31 2020,Garfield,WA,Truck,0,0,0,987,987,0.00
August 31 2018,Whitman,WA,Passenger,20,30,50,22678,22728,0.22
October 31 2018,Dale,AL,Passenger,0,1,1,57,58,1.72
September 30 2021,Nassau,NY,Passenger,3,0,3,30,33,9.09
April 30 2017,St. Lucie,FL,Passenger,1,0,1,32,33,3.03
April 30 2023,Riverside,CA,Passenger,6,1,7,375,382,1.83
July 31 2017,Monterey,CA,Passenger,0,2,2,198,200,1.00
February 28 2019,Okanogan,WA,Truck,0,0,0,16468,16468,0.00
May 31 2019,Richland,SC,Passenger,0,1,1,160,161,0.62
February 29 2020,Spartanburg,SC,Passenger,0,1,1,47,48,2.08
June 30 2021,Suffolk,MA,Passenger,0,2,2,32,34,5.88
February 28 2018,Grays Harbor,WA,Truck,0,0,0,20114,20114,0.00
May 31 2017,Adams,WA,Truck,0,0,0,5079,5079,0.00
October 31 2019,Collin,TX,Passenger,2,1,3,137,140,2.14
April 30 2022,Wahkiakum,WA,Truck,0,0,0,1815,1815,0.00
March 31 2017,Harnett,NC,Passenger,1,0,1,263,264,0.38
May 31 2021,Missoula,MT,Passenger,1,0,1,63,64,1.56
December 31 2021,Randolph,NC,Passenger,1,0,1,6,7,14.29
April 30 2017,Eagle,CO,Passenger,1,0,1,8,9,11.11
December 31 2021,Klickitat,WA,Truck,0,0,0,8328,8328,0.00
August 31 2018,Franklin,WA,Truck,0,0,0,18790,18790,0.00
November 30 2021,Placer,CA,Passenger,2,0,2,75,77,2.60
February 28 2018,Fairfax,VA,Passenger,3,2,5,828,833,0.60
December 31 2017,Pacific,WA,Truck,0,0,0,7545,7545,0.00
January 31 2022,King,WA,Truck,14,1,15,182629,182644,0.01
June 30 2018,Cowlitz,WA,Passenger,55,74,129,71731,71860,0.18
February 28 2021,Sacramento,CA,Passenger,2,0,2,249,251,0.80
January 31 2020,Fort Bend,TX,Passenger,1,0,1,49,50,2.00
December 31 2019,Calvert,MD,Passenger,0,2,2,89,91,2.20
May 31 2022,San Luis Obispo,CA,Passenger,1,0,1,58,59,1.69
April 30 2020,Cascade,MT,Passenger,0,1,1,58,59,1.69
November 30 2017,Montgomery,PA,Passenger,1,0,1,38,39,2.56
January 31 2018,Juneau,AK,Passenger,0,1,1,42,43,2.33
April 30 2017,Spokane,WA,Passenger,236,208,444,295728,296172,0.15
December 31 2021,Benton,WA,Passenger,638,445,1083,136062,137145,0.79
July 31 2017,Clark,WA,Truck,0,0,0,77735,77735,0.00
January 31 2020,Whitman,WA,Truck,0,0,0,8569,8569,0.00
September 30 2021,Columbia,WA,Truck,0,0,0,1536,1536,0.00
August 31 2022,Williamson,TX,Passenger,0,2,2,82,84,2.38
September 30 2020,Skagit,WA,Truck,1,0,1,32641,32642,0.00
February 28 2017,Salt Lake,UT,Passenger,0,1,1,331,332,0.30
November 30 2018,King,WA,Truck,6,1,7,182735,182742,0.00
January 31 2023,Hillsborough,FL,Passenger,1,2,3,108,111,2.70
January 31 2020,Moore,NC,Passenger,0,1,1,167,168,0.60
September 30 2023,Solano,CA,Passenger,5,0,5,128,133,3.76
May 31 2021,Spartanburg,SC,Passenger,0,1,1,55,56,1.79
March 31 2019,Dale,AL,Passenger,0,1,1,55,56,1.79
November 30 2020,Missoula,MT,Passenger,1,0,1,65,66,1.52
February 28 2021,San Francisco,CA,Passenger,1,1,2,100,102,1.96
September 30 2018,Norfolk,MA,Passenger,1,0,1,37,38,2.63
January 31 2019,Prince George's,MD,Passenger,1,1,2,183,185,1.08
June 30 2022,Yakima,WA,Truck,1,0,1,61398,61399,0.00
May 31 2022,Grays Harbor,WA,Passenger,205,158,363,49075,49438,0.73
November 30 2020,Mason,WA,Passenger,169,135,304,47492,47796,0.64
January 31 2022,Franklin,WA,Truck,0,0,0,20882,20882,0.00
October 31 2023,Fairfax,VA,Passenger,5,3,8,502,510,1.57
November 30 2023,Kings,CA,Passenger,2,2,4,251,255,1.57
March 31 2018,Pinal,AZ,Passenger,2,0,2,212,214,0.93
December 31 2022,Nueces,TX,Passenger,0,1,1,51,52,1.92
June 30 2021,Montgomery,PA,Passenger,1,0,1,24,25,4.00
May 31 2023,Charleston,SC,Passenger,1,2,3,55,58,5.17
March 31 2019,Franklin,MA,Passenger,0,1,1,1,2,50.00
November 30 2019,Cochise,AZ,Passenger,0,1,1,103,104,0.96
January 31 2019,Franklin,WA,Passenger,49,68,117,59319,59436,0.20
February 28 2023,Douglas,WA,Truck,6,0,6,12881,12887,0.05
September 30 2021,Pacific,WA,Truck,0,0,0,7997,7997,0.00
April 30 2021,Chesapeake,VA,Passenger,0,2,2,396,398,0.50
April 30 2018,Lincoln,WA,Passenger,2,6,8,7613,7621,0.10
January 31 2017,San Diego,CA,Passenger,4,2,6,2897,2903,0.21
June 30 2018,Utah,UT,Passenger,0,1,1,137,138,0.72
July 31 2023,Clallam,WA,Passenger,568,294,862,48878,49740,1.73
January 31 2017,Monterey,CA,Passenger,0,1,1,232,233,0.43
February 28 2023,Klickitat,WA,Truck,4,0,4,8277,8281,0.05
November 30 2021,Anchorage,AK,Passenger,2,0,2,137,139,1.44
August 31 2020,DuPage,IL,Passenger,3,0,3,59,62,4.84
July 31 2022,Ulster,NY,Passenger,1,0,1,11,12,8.33
December 31 2022,Ray,MO,Passenger,0,1,1,1,2,50.00
August 31 2021,Bartow,GA,Passenger,0,1,1,3,4,25.00
June 30 2022,Kitsap,WA,Passenger,2390,1053,3443,178477,181920,1.89
January 31 2019,King,WA,Passenger,17164,6678,23842,1380844,1404686,1.70
December 31 2017,Columbia,WA,Truck,0,0,0,1540,1540,0.00
March 31 2020,Vigo,IN,Passenger,1,0,1,5,6,16.67
December 31 2020,Prince William,VA,Passenger,1,2,3,221,224,1.34
March 31 2018,Orange,FL,Passenger,2,1,3,170,173,1.73
March 31 2021,Suffolk,MA,Passenger,0,2,2,35,37,5.41
March 31 2021,Bexar,TX,Passenger,4,5,9,571,580,1.55
November 30 2022,Allen,IN,Passenger,1,0,1,17,18,5.56
November 30 2022,Travis,TX,Passenger,3,0,3,92,95,3.16
December 31 2021,Lake,IN,Passenger,0,1,1,9,10,10.00
January 31 2020,Lake,FL,Passenger,1,0,1,22,23,4.35
June 30 2019,King,WA,Truck,5,1,6,182059,182065,0.00
August 31 2019,Adams,WA,Passenger,5,5,10,12841,12851,0.08
February 29 2020,Clark,NV,Passenger,4,2,6,696,702,0.85
July 31 2020,Richland,SC,Passenger,0,1,1,150,151,0.66
September 30 2021,Sedgwick,KS,Passenger,1,1,2,86,88,2.27
April 30 2020,Broward,FL,Passenger,3,1,4,120,124,3.23
September 30 2020,Sacramento,CA,Passenger,1,0,1,267,268,0.37
March 31 2021,El Dorado,CA,Passenger,1,0,1,33,34,2.94
May 31 2020,Sarasota,FL,Passenger,2,0,2,27,29,6.90
May 31 2019,Montgomery,AL,Passenger,0,1,1,42,43,2.33
August 31 2019,Lake,CA,Passenger,0,1,1,9,10,10.00
June 30 2020,DeKalb,IN,Passenger,1,0,1,1,2,50.00
September 30 2019,Pend Oreille,WA,Passenger,6,6,12,9472,9484,0.13
November 30 2017,Kittitas,WA,Truck,0,0,0,13758,13758,0.00
April 30 2023,Fairfax,VA,Passenger,5,3,8,564,572,1.40
July 31 2018,Shelby,TN,Passenger,0,1,1,105,106,0.94
August 31 2023,Pend Oreille,WA,Passenger,30,17,47,8837,8884,0.53
January 31 2023,Spokane,WA,Truck,21,0,21,101859,101880,0.02
August 31 2020,Clark,WA,Truck,0,0,0,82700,82700,0.00
January 31 2023,Yakima,WA,Passenger,435,228,663,166442,167105,0.40
March 31 2022,San Juan,WA,Passenger,492,152,644,14122,14766,4.36
October 31 2018,Mason,WA,Truck,0,0,0,20172,20172,0.00
August 31 2021,Middlesex,MA,Passenger,1,1,2,94,96,2.08
September 30 2021,Carson City,NV,Passenger,1,0,1,11,12,8.33
August 31 2017,Eagle,CO,Passenger,1,0,1,7,8,12.50
December 31 2020,Kitsap,WA,Passenger,1555,755,2310,179776,182086,1.27
November 30 2022,Pierce,WA,Passenger,5995,2473,8468,539562,548030,1.55
June 30 2022,Norfolk,VA,Passenger,2,3,5,296,301,1.66
January 31 2021,Okanogan,WA,Passenger,56,36,92,26134,26226,0.35
February 28 2017,Klickitat,WA,Passenger,20,22,42,14769,14811,0.28
October 31 2023,Thurston,WA,Truck,69,0,69,52700,52769,0.13
March 31 2023,Clark,WA,Truck,77,0,77,81589,81666,0.09
June 30 2021,Chelan,WA,Truck,0,0,0,23127,23127,0.00
June 30 2022,Prince William,VA,Passenger,0,1,1,197,198,0.51
August 31 2020,Clark,NV,Passenger,3,2,5,676,681,0.73
November 30 2021,Washington,MD,Passenger,2,0,2,14,16,12.50
October 31 2018,Spokane,WA,Passenger,382,352,734,306176,306910,0.24
October 31 2023,Columbia,WA,Truck,0,0,0,1529,1529,0.00
October 31 2023,Kittitas,WA,Truck,12,0,12,14284,14296,0.08
July 31 2023,El Paso,TX,Passenger,3,0,3,265,268,1.12
September 30 2017,Grant,WA,Passenger,20,33,53,61458,61511,0.09
December 31 2020,San Juan,WA,Passenger,365,111,476,14016,14492,3.28
April 30 2019,Whitman,WA,Passenger,29,45,74,22705,22779,0.32
April 30 2020,Prince George's,MD,Passenger,1,1,2,168,170,1.18
August 31 2022,Alexandria,VA,Passenger,4,0,4,104,108,3.70
April 30 2017,Garfield,WA,Passenger,0,0,0,1283,1283,0.00
October 31 2021,Jefferson,WA,Passenger,361,191,552,24765,25317,2.18
April 30 2017,El Paso,CO,Passenger,1,1,2,822,824,0.24
July 31 2017,,,Passenger,3,0,3,447,450,0.67
March 31 2023,Jefferson,WA,Truck,9,0,9,9330,9339,0.10
January 31 2020,Harford,MD,Passenger,0,1,1,61,62,1.61
March 31 2018,Flathead,MT,Passenger,1,0,1,54,55,1.82
July 31 2018,Arlington,VA,Passenger,1,2,3,179,182,1.65
February 28 2018,Lane,OR,Passenger,0,1,1,201,202,0.50
January 31 2022,Lincoln,OR,Passenger,0,1,1,32,33,3.03
May 31 2023,Yavapai,AZ,Passenger,0,1,1,19,20,5.00
February 28 2017,Yakima,WA,Passenger,36,50,86,159124,159210,0.05
March 31 2022,Montgomery,MD,Passenger,3,2,5,202,207,2.42
August 31 2019,Wahkiakum,WA,Truck,0,0,0,1763,1763,0.00
February 28 2023,Franklin,WA,Truck,4,0,4,20984,20988,0.02
October 31 2018,Washington,OR,Passenger,0,1,1,476,477,0.21
December 31 2018,Prince William,VA,Passenger,0,4,4,254,258,1.55
July 31 2022,Calvert,MD,Passenger,0,2,2,74,76,2.63
December 31 2018,San Francisco,CA,Passenger,2,1,3,117,120,2.50
April 30 2022,Lee,FL,Passenger,1,0,1,34,35,2.86
October 31 2018,Lee,FL,Passenger,1,0,1,57,58,1.72
April 30 2022,Clark,NV,Passenger,7,2,9,552,561,1.60
July 31 2019,Wahkiakum,WA,Truck,0,0,0,1761,1761,0.00
December 31 2021,New London,CT,Passenger,1,4,5,212,217,2.30
July 31 2021,Hampshire,MA,Passenger,1,0,1,7,8,12.50
August 31 2021,Portsmouth,VA,Passenger,0,1,1,83,84,1.19
May 31 2019,Klickitat,WA,Passenger,35,33,68,15548,15616,0.44
October 31 2019,Virginia Beach,VA,Passenger,1,0,1,701,702,0.14
April 30 2017,Hidalgo,TX,Passenger,0,1,1,100,101,0.99
April 30 2019,Manassas,VA,Passenger,0,1,1,8,9,11.11
June 30 2022,Hawaii,HI,Passenger,1,0,1,40,41,2.44
March 31 2021,Bartow,GA,Passenger,0,1,1,4,5,20.00
February 28 2019,San Francisco,CA,Passenger,2,1,3,117,120,2.50
September 30 2022,Charleston,SC,Passenger,2,2,4,63,67,5.97
July 31 2020,Ulster,NY,Passenger,1,0,1,11,12,8.33
October 31 2019,Osceola,FL,Passenger,1,0,1,40,41,2.44
March 31 2023,Hamilton,OH,Truck,1,0,1,3,4,25.00
June 30 2021,Randolph,NC,Passenger,1,0,1,8,9,11.11
June 30 2020,Kitsap,WA,Truck,0,0,0,54058,54058,0.00
August 31 2018,San Mateo,CA,Passenger,1,1,2,137,139,1.44
October 31 2021,Snohomish,WA,Passenger,6649,2195,8844,538624,547468,1.62
June 30 2022,Douglas,WA,Truck,0,0,0,12784,12784,0.00
October 31 2022,Jefferson,WA,Passenger,465,225,690,24400,25090,2.75
June 30 2022,Duval,FL,Passenger,0,2,2,286,288,0.69
July 31 2017,Multnomah,OR,Passenger,1,3,4,954,958,0.42
April 30 2021,Suffolk,MA,Passenger,0,2,2,35,37,5.41
October 31 2023,Lane,OR,Passenger,0,2,2,50,52,3.85
February 28 2023,Sumter,SC,Passenger,0,1,1,33,34,2.94
June 30 2021,Ulster,NY,Passenger,1,0,1,12,13,7.69
June 30 2019,Putnam,TN,Passenger,0,1,1,3,4,25.00
August 31 2023,Hamilton,OH,Truck,1,0,1,3,4,25.00
January 31 2022,Randolph,NC,Passenger,1,0,1,6,7,14.29
March 31 2020,Denver,CO,Passenger,1,0,1,119,120,0.83
April 30 2023,Lane,OR,Passenger,0,2,2,76,78,2.56
August 31 2020,Franklin,WA,Truck,0,0,0,20183,20183,0.00
May 31 2019,Chelan,WA,Truck,0,0,0,22245,22245,0.00
November 30 2017,Riverside,CA,Passenger,1,2,3,742,745,0.40
April 30 2023,Fairbanks North Star,AK,Passenger,0,1,1,52,53,1.89
April 30 2020,Juneau,AK,Passenger,0,2,2,29,31,6.45
January 31 2022,Benton,WA,Passenger,653,453,1106,135905,137011,0.81
July 31 2020,Grays Harbor,WA,Passenger,109,112,221,48278,48499,0.46
April 30 2017,Multnomah,OR,Passenger,0,3,3,1069,1072,0.28
July 31 2017,San Juan,WA,Truck,0,0,0,5546,5546,0.00
August 31 2018,Portsmouth,VA,Passenger,0,1,1,75,76,1.32
December 31 2018,Grays Harbor,WA,Truck,0,0,0,20356,20356,0.00
April 30 2019,Palm Beach,FL,Passenger,0,1,1,90,91,1.10
June 30 2022,San Luis Obispo,CA,Passenger,1,0,1,57,58,1.72
February 28 2023,Maui,HI,Passenger,1,0,1,23,24,4.17
October 31 2023,Polk,OR,Passenger,1,1,2,13,15,13.33
November 30 2017,Thurston,WA,Truck,0,0,0,53689,53689,0.00
October 31 2019,Clallam,WA,Truck,1,0,1,21841,21842,0.00
December 31 2020,Charles,MD,Passenger,1,1,2,74,76,2.63
February 28 2023,Harford,MD,Passenger,1,1,2,44,46,4.35
July 31 2019,Middlesex,MA,Passenger,1,1,2,114,116,1.72
April 30 2022,York,VA,Passenger,1,0,1,91,92,1.09
November 30 2023,Newport News,VA,Passenger,1,0,1,84,85,1.18
December 31 2022,Maui,HI,Passenger,1,0,1,26,27,3.70
August 31 2019,Lee,FL,Passenger,1,0,1,52,53,1.89
May 31 2023,Marion,IA,Passenger,1,0,1,0,1,100.00
May 31 2021,Asotin,WA,Passenger,19,14,33,12693,12726,0.26
January 31 2017,Skamania,WA,Passenger,7,7,14,8548,8562,0.16
August 31 2018,Riverside,CA,Passenger,2,2,4,688,692,0.58
March 31 2019,Pacific,WA,Passenger,23,26,49,15845,15894,0.31
July 31 2017,Lewis,WA,Truck,0,0,0,24918,24918,0.00
May 31 2018,Riverside,CA,Passenger,2,2,4,699,703,0.57
April 30 2023,Allen,IN,Passenger,1,0,1,15,16,6.25
May 31 2023,Onslow,NC,Passenger,0,1,1,146,147,0.68
October 31 2022,Parker,TX,Passenger,0,1,1,18,19,5.26
April 30 2020,Putnam,TN,Passenger,0,1,1,3,4,25.00
September 30 2022,Ray,MO,Passenger,0,1,1,1,2,50.00
March 31 2022,DeKalb,GA,Passenger,1,0,1,57,58,1.72
May 31 2021,St. Clair,IL,Passenger,1,0,1,134,135,0.74
July 31 2022,Kitsap,WA,Truck,13,0,13,53368,53381,0.02
January 31 2022,Thurston,WA,Truck,3,0,3,55896,55899,0.01
November 30 2020,Asotin,WA,Passenger,17,14,31,12405,12436,0.25
April 30 2021,Sedgwick,KS,Passenger,1,1,2,92,94,2.13
October 31 2017,Los Angeles,CA,Passenger,5,2,7,1236,1243,0.56
January 31 2020,Douglas,WA,Passenger,69,39,108,28363,28471,0.38
December 31 2021,Platte,MO,Passenger,1,0,1,21,22,4.55
August 31 2019,Jefferson,NY,Passenger,0,2,2,217,219,0.91
December 31 2019,Tulsa,OK,Passenger,1,1,2,50,52,3.85
July 31 2023,Alexandria,VA,Passenger,3,1,4,85,89,4.49
October 31 2023,Lincoln,OR,Passenger,0,1,1,11,12,8.33
February 28 2018,Marin,CA,Passenger,1,0,1,57,58,1.72
April 30 2017,Lewis,WA,Truck,0,0,0,24801,24801,0.00
September 30 2020,Kittitas,WA,Passenger,113,48,161,29699,29860,0.54
August 31 2019,Okanogan,WA,Truck,0,0,0,16477,16477,0.00
November 30 2021,Harnett,NC,Passenger,1,1,2,163,165,1.21
November 30 2020,Jefferson,NY,Passenger,0,1,1,209,210,0.48
February 29 2020,Tarrant,TX,Passenger,2,0,2,193,195,1.03
June 30 2018,Dallas,TX,Passenger,0,1,1,197,198,0.51
December 31 2021,Boone,MO,Passenger,0,1,1,9,10,10.00
April 30 2021,Pend Oreille,WA,Passenger,14,5,19,9299,9318,0.20
February 28 2018,Whitman,WA,Passenger,18,21,39,22529,22568,0.17
August 31 2018,Stevens,WA,Truck,0,0,0,18672,18672,0.00
May 31 2019,Denver,CO,Passenger,1,0,1,129,130,0.77
May 31 2020,Clark,NV,Passenger,4,2,6,686,692,0.87
March 31 2020,Stevens,WA,Passenger,33,33,66,31250,31316,0.21
February 29 2020,Manassas,VA,Passenger,0,1,1,7,8,12.50
February 29 2020,Alexandria,VA,Passenger,1,0,1,142,143,0.70
January 31 2023,Richmond,GA,Passenger,0,1,1,65,66,1.52
June 30 2023,Virginia Beach,VA,Truck,1,0,1,99,100,1.00
September 30 2023,DuPage,IL,Passenger,0,1,1,30,31,3.23
February 28 2023,Hamilton,OH,Truck,1,0,1,3,4,25.00
December 31 2018,Cowlitz,WA,Passenger,72,94,166,72435,72601,0.23
July 31 2019,Walla Walla,WA,Truck,0,0,0,13615,13615,0.00
September 30 2019,Walla Walla,WA,Passenger,59,63,122,36251,36373,0.34
December 31 2020,Duval,FL,Passenger,0,2,2,367,369,0.54
May 31 2023,DeKalb,GA,Passenger,1,0,1,45,46,2.17
June 30 2017,Douglas,WA,Passenger,34,26,60,26716,26776,0.22
November 30 2020,El Dorado,CA,Passenger,1,0,1,36,37,2.70
September 30 2020,Spartanburg,SC,Passenger,0,1,1,52,53,1.89
June 30 2023,Boulder,CO,Passenger,2,0,2,32,34,5.88
June 30 2017,Chelan,WA,Passenger,67,37,104,52044,52148,0.20
June 30 2023,San Juan,WA,Passenger,619,178,797,13798,14595,5.46
April 30 2023,Kittitas,WA,Passenger,330,96,426,29445,29871,1.43
June 30 2017,Moore,NC,Passenger,0,1,1,198,199,0.50
January 31 2021,Harrison,MS,Passenger,2,0,2,53,55,3.64
July 31 2018,Carson City,NV,Passenger,1,0,1,14,15,6.67
September 30 2022,Wood,OH,Passenger,0,1,1,4,5,20.00
March 31 2019,Lee,FL,Passenger,1,0,1,53,54,1.85
July 31 2023,Elmore,ID,Passenger,1,0,1,11,12,8.33
October 31 2021,Champaign,IL,Passenger,1,0,1,12,13,7.69
November 30 2019,Pacific,WA,Passenger,29,30,59,16111,16170,0.36
June 30 2018,Contra Costa,CA,Passenger,0,1,1,447,448,0.22
June 30 2018,Clark,WA,Passenger,1009,719,1728,307947,309675,0.56
November 30 2022,Island,WA,Passenger,920,393,1313,61410,62723,2.09
April 30 2022,Rockingham,NH,Passenger,1,0,1,18,19,5.26
June 30 2019,Montgomery,MD,Passenger,1,0,1,281,282,0.35
March 31 2023,Nueces,TX,Passenger,0,1,1,50,51,1.96
June 30 2020,Boone,MO,Passenger,0,1,1,10,11,9.09
March 31 2023,Sumter,SC,Passenger,0,1,1,34,35,2.86
April 30 2023,Okaloosa,FL,Passenger,0,1,1,93,94,1.06
May 31 2017,Grays Harbor,WA,Truck,0,0,0,19897,19897,0.00
September 30 2022,King,WA,Truck,241,2,243,179582,179825,0.14
July 31 2018,Clackamas,OR,Passenger,0,1,1,214,215,0.47
May 31 2023,Cumberland,NC,Passenger,1,4,5,309,314,1.59
March 31 2021,Harford,MD,Passenger,0,1,1,60,61,1.64
October 31 2021,Fresno,CA,Passenger,1,0,1,172,173,0.58
July 31 2022,Lee,FL,Passenger,1,0,1,34,35,2.86
March 31 2020,Clackamas,OR,Passenger,2,1,3,209,212,1.42
April 30 2017,Los Angeles,CA,Passenger,3,1,4,1355,1359,0.29
December 31 2020,Douglas,WA,Truck,0,0,0,12490,12490,0.00
October 31 2020,Bexar,TX,Passenger,4,5,9,598,607,1.48
May 31 2020,Hamilton,IN,Passenger,1,0,1,41,42,2.38
June 30 2019,Saratoga,NY,Passenger,1,0,1,52,53,1.89
March 31 2022,Hennepin,MN,Passenger,3,0,3,64,67,4.48
January 31 2023,Rockdale,GA,Passenger,1,0,1,7,8,12.50
April 30 2020,Adams,WA,Truck,0,0,0,5206,5206,0.00
October 31 2018,Lewis,WA,Truck,0,0,0,25611,25611,0.00
February 28 2018,Yakima,WA,Truck,0,0,0,58123,58123,0.00
February 28 2023,Columbia,WA,Truck,0,0,0,1572,1572,0.00
July 31 2019,Moore,NC,Passenger,0,1,1,185,186,0.54
June 30 2020,Stafford,VA,Passenger,1,1,2,92,94,2.13
October 31 2019,Washoe,NV,Passenger,2,0,2,115,117,1.71
August 31 2023,Kootenai,ID,Truck,1,0,1,22,23,4.35
September 30 2020,Oldham,KY,Passenger,0,1,1,4,5,20.00
March 31 2020,Santa Cruz,CA,Passenger,1,0,1,39,40,2.50
September 30 2020,Garfield,WA,Passenger,0,1,1,1347,1348,0.07
August 31 2017,Fairfax,VA,Passenger,3,2,5,844,849,0.59
November 30 2022,Multnomah,OR,Passenger,1,2,3,486,489,0.61
June 30 2020,Clark,WA,Truck,0,0,0,82208,82208,0.00
October 31 2017,Honolulu,HI,Passenger,2,2,4,566,570,0.70
April 30 2021,Bexar,TX,Passenger,4,5,9,563,572,1.57
March 31 2019,New Haven,CT,Passenger,0,2,2,49,51,3.92
December 31 2022,Columbia,WA,Truck,0,0,0,1582,1582,0.00
December 31 2017,Duval,FL,Passenger,1,2,3,370,373,0.80
July 31 2022,Loudoun,VA,Passenger,2,1,3,63,66,4.55
August 31 2023,Virginia Beach,VA,Passenger,4,2,6,412,418,1.44
December 31 2020,Vigo,IN,Passenger,1,0,1,6,7,14.29
June 30 2019,Montgomery,AL,Passenger,0,1,1,42,43,2.33
April 30 2020,Montgomery,AL,Passenger,0,1,1,37,38,2.63
August 31 2017,Walla Walla,WA,Passenger,27,27,54,34981,35035,0.15
March 31 2020,Klickitat,WA,Truck,0,0,0,8272,8272,0.00
September 30 2019,Los Angeles,CA,Passenger,8,7,15,1111,1126,1.33
February 28 2023,Harris,TX,Passenger,1,0,1,132,133,0.75
March 31 2018,Garfield,WA,Passenger,1,0,1,1330,1331,0.08
December 31 2019,Deschutes,OR,Passenger,4,0,4,153,157,2.55
May 31 2021,King,WA,Truck,6,1,7,184665,184672,0.00
June 30 2018,Klickitat,WA,Passenger,25,30,55,15165,15220,0.36
August 31 2022,Hillsborough,FL,Passenger,1,2,3,117,120,2.50
November 30 2020,Leavenworth,KS,Passenger,0,1,1,126,127,0.79
June 30 2023,Pierce,WA,Passenger,7605,2792,10397,529855,540252,1.92
March 31 2020,Asotin,WA,Passenger,16,12,28,12594,12622,0.22
March 31 2021,Norfolk,VA,Passenger,2,3,5,333,338,1.48
March 31 2023,Santa Clara,CA,Passenger,9,4,13,187,200,6.50
March 31 2019,Norfolk,MA,Passenger,1,0,1,36,37,2.70
March 31 2023,Elmore,ID,Passenger,1,0,1,12,13,7.69
June 30 2021,Chesapeake,VA,Passenger,0,3,3,396,399,0.75
September 30 2017,Clay,FL,Passenger,0,1,1,111,112,0.89
March 31 2023,Multnomah,OR,Passenger,1,2,3,445,448,0.67
March 31 2019,Sedgwick,KS,Passenger,0,1,1,106,107,0.93
June 30 2021,Denver,CO,Passenger,1,0,1,118,119,0.84
December 31 2020,Suffolk,VA,Passenger,1,0,1,123,124,0.81
May 31 2021,Montgomery,TX,Passenger,1,1,2,51,53,3.77
July 31 2018,Klamath,OR,Passenger,1,0,1,36,37,2.70
September 30 2019,Montgomery,AL,Passenger,0,1,1,41,42,2.38
January 31 2019,Randolph,NC,Passenger,1,0,1,6,7,14.29
July 31 2023,Snohomish,WA,Passenger,13176,3136,16312,526110,542422,3.01
April 30 2019,Ferry,WA,Passenger,4,2,6,4371,4377,0.14
September 30 2020,St. Louis,MO,Passenger,1,0,1,99,100,1.00
July 31 2018,Montgomery,MD,Passenger,1,0,1,290,291,0.34
December 31 2019,Arapahoe,CO,Passenger,1,0,1,144,145,0.69
December 31 2019,Shelby,TN,Passenger,0,1,1,98,99,1.01
March 31 2021,Fairbanks North Star,AK,Passenger,0,1,1,87,88,1.14
October 31 2020,Putnam,TN,Passenger,0,1,1,2,3,33.33
March 31 2021,Carroll,NH,Passenger,0,1,1,5,6,16.67
April 30 2018,Jefferson,WA,Passenger,134,88,222,24351,24573,0.90
October 31 2021,Dallas,TX,Passenger,1,0,1,152,153,0.65
July 31 2019,Santa Clara,CA,Passenger,4,2,6,374,380,1.58
November 30 2017,Franklin,WA,Truck,0,0,0,18410,18410,0.00
March 31 2021,Klamath,OR,Passenger,1,0,1,32,33,3.03
October 31 2023,Richmond,NY,Passenger,1,0,1,4,5,20.00
May 31 2023,Clark,WA,Passenger,5652,2289,7941,313685,321626,2.47
June 30 2020,Grant,WA,Passenger,59,71,130,65230,65360,0.20
June 30 2021,Benton,WA,Truck,0,0,0,43627,43627,0.00
March 31 2020,St. Mary's,MD,Passenger,1,0,1,216,217,0.46
March 31 2023,James City,VA,Passenger,1,0,1,40,41,2.44
April 30 2019,Washoe,NV,Passenger,2,0,2,115,117,1.71
February 28 2023,Shasta,CA,Passenger,1,0,1,23,24,4.17
October 31 2023,Salt Lake,UT,Passenger,1,1,2,76,78,2.56
April 30 2022,Thurston,WA,Truck,3,0,3,55556,55559,0.01
September 30 2018,Island,WA,Passenger,227,209,436,62845,63281,0.69
March 31 2020,District of Columbia,DC,Passenger,1,1,2,204,206,0.97
September 30 2021,Lane,OR,Passenger,0,2,2,123,125,1.60
June 30 2021,Klickitat,WA,Passenger,70,51,121,15274,15395,0.79
April 30 2022,Placer,CA,Passenger,2,0,2,74,76,2.63
February 28 2017,Howard,MD,Passenger,0,2,2,90,92,2.17
April 30 2019,Williamson,TX,Passenger,0,1,1,148,149,0.67
May 31 2018,Garfield,OK,Passenger,1,0,1,19,20,5.00
October 31 2018,Washtenaw,MI,Passenger,1,0,1,38,39,2.56
December 31 2017,Lane,OR,Passenger,0,1,1,210,211,0.47
October 31 2019,Nueces,TX,Passenger,1,1,2,91,93,2.15
September 30 2023,Oldham,KY,Passenger,0,1,1,3,4,25.00
August 31 2018,Clark,WA,Passenger,1069,765,1834,309199,311033,0.59
September 30 2019,San Mateo,CA,Passenger,2,1,3,126,129,2.33
September 30 2022,Spartanburg,SC,Passenger,0,1,1,32,33,3.03
July 31 2020,St. Mary's,MD,Passenger,1,0,1,219,220,0.45
July 31 2022,Nueces,TX,Passenger,1,1,2,54,56,3.57
July 31 2019,Santa Fe,NM,Passenger,0,1,1,41,42,2.38
July 31 2022,Marion,IA,Passenger,1,0,1,0,1,100.00
September 30 2019,Walla Walla,WA,Truck,0,0,0,13685,13685,0.00
January 31 2022,Cook,IL,Passenger,2,0,2,205,207,0.97
December 31 2019,Denver,CO,Passenger,1,0,1,124,125,0.80
June 30 2020,Powhatan,VA,Passenger,1,0,1,0,1,100.00
February 28 2021,Pinellas,FL,Passenger,1,1,2,103,105,1.90
July 31 2022,Cumberland,PA,Passenger,1,0,1,41,42,2.38
November 30 2020,Utah,UT,Passenger,0,1,1,134,135,0.74
April 30 2019,Spartanburg,SC,Passenger,0,1,1,35,36,2.78
September 30 2017,Ferry,WA,Passenger,1,1,2,4380,4382,0.05
September 30 2018,Portsmouth,VA,Passenger,0,1,1,76,77,1.30
July 31 2021,Spartanburg,SC,Passenger,0,1,1,54,55,1.82
September 30 2021,King,WA,Passenger,32871,9686,42557,1365065,1407622,3.02
February 28 2017,District of Columbia,DC,Passenger,0,3,3,229,232,1.29
July 31 2020,Juneau,AK,Passenger,0,1,1,28,29,3.45
October 31 2022,Douglas,CO,Passenger,0,1,1,72,73,1.37
March 31 2023,Jackson,OK,Passenger,0,1,1,28,29,3.45
April 30 2022,Suffolk,VA,Passenger,1,0,1,122,123,0.81
March 31 2021,Montgomery,MD,Passenger,1,0,1,235,236,0.42
March 31 2023,Marin,CA,Passenger,0,1,1,31,32,3.12
September 30 2023,Marion,IA,Passenger,1,0,1,0,1,100.00
July 31 2017,Yakima,WA,Passenger,49,62,111,159649,159760,0.07
September 30 2022,Skamania,WA,Passenger,85,51,136,8111,8247,1.65
March 31 2020,Pacific,WA,Passenger,29,34,63,16021,16084,0.39
October 31 2021,Bexar,TX,Passenger,3,5,8,516,524,1.53
March 31 2023,Lewis,WA,Truck,5,0,5,26127,26132,0.02
August 31 2023,Pacific,WA,Truck,5,0,5,7831,7836,0.06
May 31 2018,Okaloosa,FL,Passenger,1,0,1,175,176,0.57
September 30 2023,Atlantic,NJ,Passenger,1,0,1,10,11,9.09
July 31 2023,Spokane,WA,Passenger,2370,1141,3511,321814,325325,1.08
August 31 2020,Franklin,WA,Passenger,66,77,143,60781,60924,0.23
August 31 2023,Lincoln,WA,Truck,0,0,0,4834,4834,0.00
June 30 2022,Kittitas,WA,Truck,1,0,1,14655,14656,0.01
September 30 2021,Richmond,GA,Passenger,0,1,1,76,77,1.30
February 28 2019,Columbia,WA,Truck,0,0,0,1525,1525,0.00
April 30 2022,Kauai,HI,Passenger,1,0,1,20,21,4.76
January 31 2023,San Diego,CA,Passenger,20,9,29,2219,2248,1.29
January 31 2023,Suffolk,VA,Passenger,1,0,1,113,114,0.88
October 31 2021,Washtenaw,MI,Passenger,0,1,1,29,30,3.33
June 30 2019,Arlington,VA,Passenger,0,2,2,164,166,1.20
July 31 2021,New York,NY,Passenger,1,0,1,43,44,2.27
July 31 2021,Grays Harbor,WA,Truck,0,0,0,21417,21417,0.00
September 30 2023,Howard,MD,Passenger,0,2,2,45,47,4.26
March 31 2021,Collier,FL,Passenger,1,0,1,18,19,5.26
January 31 2020,Kitsap,WA,Truck,1,0,1,54480,54481,0.00
October 31 2021,King,WA,Truck,4,1,5,183458,183463,0.00
September 30 2023,Douglas,WA,Truck,8,0,8,12957,12965,0.06
May 31 2021,Pacific,WA,Truck,0,0,0,7938,7938,0.00
September 30 2023,Island,WA,Passenger,1177,464,1641,60543,62184,2.64
December 31 2019,Pend Oreille,WA,Passenger,7,7,14,9514,9528,0.15
June 30 2019,Oldham,KY,Passenger,0,1,1,5,6,16.67
February 28 2019,Washington,OR,Passenger,0,1,1,471,472,0.21
March 31 2021,Flathead,MT,Passenger,1,0,1,53,54,1.85
March 31 2023,San Juan,WA,Truck,10,0,10,5911,5921,0.17
October 31 2022,Bryan,GA,Passenger,0,1,1,33,34,2.94
January 31 2023,Cowlitz,WA,Passenger,421,193,614,70227,70841,0.87
March 31 2021,Grant,WA,Passenger,93,87,180,66428,66608,0.27
November 30 2017,Asotin,WA,Passenger,7,5,12,12511,12523,0.10
January 31 2021,Richland,SC,Passenger,0,1,1,142,143,0.70
April 30 2017,Nantucket,MA,Passenger,1,0,1,3,4,25.00
August 31 2021,Ulster,NY,Passenger,1,0,1,12,13,7.69
February 28 2023,Washtenaw,MI,Passenger,0,1,1,23,24,4.17
November 30 2022,Cowlitz,WA,Passenger,391,188,579,70233,70812,0.82
January 31 2023,Skagit,WA,Passenger,955,364,1319,89348,90667,1.45
May 31 2023,Jefferson,WA,Passenger,551,260,811,24279,25090,3.23
May 31 2018,Sacramento,CA,Passenger,1,0,1,312,313,0.32
December 31 2020,Houston,GA,Passenger,1,0,1,50,51,1.96
July 31 2021,St. Mary's,MD,Passenger,1,0,1,210,211,0.47
October 31 2020,Maricopa,AZ,Passenger,5,8,13,1401,1414,0.92
June 30 2021,Adams,WA,Truck,0,0,0,5386,5386,0.00
July 31 2022,Whatcom,WA,Passenger,1864,754,2618,148723,151341,1.73
June 30 2017,Pierce,WA,Passenger,956,842,1798,524907,526705,0.34
June 30 2022,St. Clair,IL,Passenger,2,0,2,115,117,1.71
August 31 2019,Anne Arundel,MD,Passenger,1,1,2,440,442,0.45
March 31 2017,Spokane,WA,Truck,1,0,1,90252,90253,0.00
March 31 2021,Stafford,VA,Passenger,2,1,3,100,103,2.91
February 28 2019,Carson City,NV,Passenger,1,0,1,14,15,6.67
December 31 2022,Yellowstone,MT,Passenger,0,1,1,18,19,5.26
January 31 2023,Chelan,WA,Passenger,554,146,700,54332,55032,1.27
September 30 2017,Fairfax,VA,Passenger,3,2,5,848,853,0.59
September 30 2020,Skamania,WA,Passenger,32,21,53,8369,8422,0.63
June 30 2021,Jefferson,NY,Passenger,0,1,1,216,217,0.46
October 31 2018,Washoe,NV,Passenger,1,0,1,114,115,0.87
August 31 2023,Hillsborough,FL,Passenger,1,2,3,90,93,3.23
August 31 2023,Henrico,VA,Passenger,0,1,1,5,6,16.67
February 28 2022,Dorchester,SC,Passenger,1,0,1,67,68,1.47
September 30 2019,Grant,WA,Passenger,48,63,111,65166,65277,0.17
June 30 2021,Kitsap,WA,Passenger,1850,858,2708,180451,183159,1.48
October 31 2020,Loudoun,VA,Passenger,1,0,1,79,80,1.25
March 31 2022,Suffolk,MA,Passenger,0,1,1,26,27,3.70
June 30 2021,Washington,MD,Passenger,1,0,1,13,14,7.14
January 31 2017,Franklin,MA,Passenger,0,1,1,5,6,16.67
November 30 2018,St. Mary's,MD,Passenger,1,0,1,220,221,0.45
August 31 2023,James City,VA,Passenger,1,0,1,37,38,2.63
December 31 2021,Douglas,WA,Truck,0,0,0,12697,12697,0.00
March 31 2020,Santa Clara,CA,Passenger,7,2,9,336,345,2.61
June 30 2022,Asotin,WA,Passenger,23,19,42,12720,12762,0.33
October 31 2021,Geary,KS,Passenger,1,0,1,98,99,1.01
February 28 2017,Charles,MD,Passenger,0,1,1,92,93,1.08
June 30 2019,Middlesex,MA,Passenger,1,1,2,117,119,1.68
December 31 2020,Putnam,TN,Passenger,0,1,1,3,4,25.00
September 30 2022,Wahkiakum,WA,Truck,1,0,1,1799,1800,0.06
July 31 2018,El Paso,TX,Passenger,1,0,1,515,516,0.19
April 30 2022,Portsmouth,VA,Passenger,0,1,1,82,83,1.20
July 31 2021,Asotin,WA,Truck,0,0,0,6763,6763,0.00
November 30 2017,Adams,WA,Truck,0,0,0,5140,5140,0.00
October 31 2019,Sedgwick,KS,Passenger,1,1,2,100,102,1.96
March 31 2021,Calvert,MD,Passenger,0,2,2,83,85,2.35
May 31 2022,Hamilton,IN,Passenger,1,0,1,23,24,4.17
October 31 2021,Essex,NJ,Passenger,2,0,2,13,15,13.33
January 31 2022,Washington,MD,Passenger,2,0,2,14,16,12.50
March 31 2018,Kitsap,WA,Truck,1,0,1,52967,52968,0.00
June 30 2020,Stevens,WA,Truck,0,0,0,18642,18642,0.00
February 29 2020,Whitman,WA,Passenger,42,48,90,22610,22700,0.40
November 30 2019,Snohomish,WA,Truck,0,0,0,123152,123152,0.00
August 31 2017,Charles,MD,Passenger,0,1,1,86,87,1.15
May 31 2023,Travis,TX,Passenger,3,0,3,84,87,3.45
October 31 2020,Washoe,NV,Passenger,1,0,1,107,108,0.93
August 31 2023,District of Columbia,DC,Passenger,4,0,4,138,142,2.82
October 31 2021,Sarasota,FL,Passenger,2,0,2,34,36,5.56
June 30 2023,Klickitat,WA,Truck,12,0,12,8234,8246,0.15
July 31 2021,Island,WA,Truck,0,0,0,21550,21550,0.00
November 30 2018,Norfolk,VA,Passenger,2,2,4,346,350,1.14
January 31 2021,Hawaii,HI,Passenger,1,0,1,55,56,1.79
September 30 2023,Moore,NC,Passenger,0,1,1,100,101,0.99
July 31 2021,Suffolk,MA,Passenger,0,2,2,33,35,5.71
August 31 2023,Washtenaw,MI,Passenger,0,1,1,18,19,5.26
September 30 2023,Douglas,NE,Passenger,1,1,2,25,27,7.41
January 31 2020,Pinellas,FL,Passenger,1,1,2,117,119,1.68
September 30 2019,Asotin,WA,Truck,0,0,0,6682,6682,0.00
November 30 2023,Pend Oreille,WA,Truck,2,0,2,5416,5418,0.04
August 31 2023,Suffolk,VA,Passenger,1,0,1,89,90,1.11
July 31 2020,New York,NY,Passenger,1,0,1,57,58,1.72
April 30 2023,Randolph,NC,Passenger,1,0,1,3,4,25.00
December 31 2021,Chelan,WA,Passenger,408,114,522,54675,55197,0.95
October 31 2018,Cowlitz,WA,Truck,0,0,0,28665,28665,0.00
February 28 2017,Thurston,WA,Passenger,351,309,660,184874,185534,0.36
March 31 2021,Kitsap,WA,Passenger,1674,799,2473,179688,182161,1.36
July 31 2019,Clallam,WA,Passenger,177,144,321,50639,50960,0.63
November 30 2023,Garfield,OK,Passenger,1,0,1,12,13,7.69
June 30 2018,Juneau,AK,Passenger,0,1,1,45,46,2.17
October 31 2020,Frederick,MD,Passenger,1,1,2,74,76,2.63
October 31 2023,Madison,IL,Passenger,1,0,1,14,15,6.67
October 31 2019,Queens,NY,Passenger,1,0,1,52,53,1.89
November 30 2020,Larimer,CO,Passenger,1,0,1,52,53,1.89
December 31 2020,Pacific,WA,Passenger,34,35,69,15721,15790,0.44
November 30 2017,Okanogan,WA,Truck,0,0,0,16274,16274,0.00
July 31 2020,,,Passenger,5,1,6,366,372,1.61
August 31 2023,Island,WA,Passenger,1151,451,1602,60854,62456,2.57
May 31 2019,Pinellas,FL,Passenger,1,0,1,117,118,0.85
October 31 2023,Snohomish,WA,Truck,217,0,217,118173,118390,0.18
February 28 2017,Volusia,FL,Passenger,0,1,1,49,50,2.00
April 30 2023,Solano,CA,Passenger,5,0,5,143,148,3.38
October 31 2017,Nassau,NY,Passenger,1,1,2,40,42,4.76
February 28 2023,Cumberland,PA,Passenger,1,0,1,37,38,2.63
October 31 2019,Mercer,NJ,Passenger,0,1,1,19,20,5.00
March 31 2021,Contra Costa,CA,Passenger,3,4,7,272,279,2.51
December 31 2021,Hennepin,MN,Passenger,3,0,3,66,69,4.35
November 30 2021,Wake,NC,Passenger,1,0,1,118,119,0.84
December 31 2018,Maricopa,AZ,Passenger,3,3,6,1589,1595,0.38
September 30 2021,Contra Costa,CA,Passenger,2,4,6,261,267,2.25
June 30 2021,Deschutes,OR,Passenger,1,0,1,118,119,0.84
February 28 2022,District of Columbia,DC,Passenger,5,0,5,185,190,2.63
May 31 2023,York,VA,Passenger,1,0,1,77,78,1.28
October 31 2022,DuPage,IL,Passenger,0,1,1,43,44,2.27
September 30 2021,Henrico,VA,Passenger,0,1,1,13,14,7.14
June 30 2023,Mercer,NJ,Passenger,0,1,1,10,11,9.09
January 31 2023,Louisa,VA,Passenger,0,1,1,1,2,50.00
December 31 2017,Kitsap,WA,Passenger,693,377,1070,175852,176922,0.60
February 28 2017,King,WA,Passenger,9095,3713,12808,1385121,1397929,0.92
October 31 2019,Grays Harbor,WA,Passenger,95,95,190,48299,48489,0.39
October 31 2020,Kings,NY,Passenger,1,0,1,65,66,1.52
October 31 2021,Plaquemines,LA,Passenger,0,1,1,18,19,5.26
July 31 2022,Allen,IN,Passenger,1,0,1,18,19,5.26
November 30 2022,Pend Oreille,WA,Passenger,19,13,32,8971,9003,0.36
August 31 2021,Yamhill,OR,Passenger,1,0,1,38,39,2.56
July 31 2017,Island,WA,Passenger,121,142,263,60265,60528,0.43
June 30 2017,Walla Walla,WA,Passenger,25,26,51,34843,34894,0.15
May 31 2021,Stevens,WA,Truck,0,0,0,18954,18954,0.00
May 31 2017,Dale,AL,Passenger,0,1,1,64,65,1.54
July 31 2021,Miami-Dade,FL,Passenger,1,0,1,98,99,1.01
August 31 2018,Howard,MD,Passenger,0,1,1,87,88,1.14
January 31 2020,Camden,NJ,Passenger,0,2,2,21,23,8.70
August 31 2018,Queens,NY,Passenger,1,0,1,62,63,1.59
September 30 2017,Garfield,WA,Passenger,1,0,1,1295,1296,0.08
August 31 2023,Kittitas,WA,Passenger,385,107,492,29096,29588,1.66
December 31 2022,Ventura,CA,Passenger,3,2,5,223,228,2.19
March 31 2020,Lincoln,WA,Truck,0,0,0,4656,4656,0.00
July 31 2018,Clallam,WA,Truck,0,0,0,21477,21477,0.00
October 31 2019,Moore,NC,Passenger,0,1,1,179,180,0.56
October 31 2022,San Joaquin,CA,Passenger,1,0,1,86,87,1.15
April 30 2018,Nueces,TX,Passenger,1,1,2,95,97,2.06
May 31 2020,Dallas,TX,Passenger,1,0,1,205,206,0.49
October 31 2023,Richmond,GA,Passenger,0,1,1,55,56,1.79
May 31 2019,San Juan,PR,Passenger,0,1,1,3,4,25.00
January 31 2020,Washtenaw,MI,Passenger,1,0,1,40,41,2.44
January 31 2022,Maui,HI,Passenger,1,0,1,27,28,3.57
December 31 2022,Las Animas,CO,Passenger,1,0,1,1,2,50.00
December 31 2021,Wilson,TX,Passenger,0,1,1,3,4,25.00
January 31 2018,Grays Harbor,WA,Passenger,42,42,84,45971,46055,0.18
December 31 2021,St. Louis,MO,Passenger,1,0,1,76,77,1.30
September 30 2020,Pacific,WA,Truck,0,0,0,7741,7741,0.00
September 30 2021,Franklin,WA,Truck,0,0,0,20714,20714,0.00
April 30 2017,Cascade,MT,Passenger,0,1,1,62,63,1.59
October 31 2021,St. Clair,IL,Passenger,2,0,2,122,124,1.61
March 31 2017,Wayne,MI,Passenger,0,1,1,73,74,1.35
August 31 2021,Camden,NJ,Passenger,0,1,1,14,15,6.67
April 30 2023,Charleston,SC,Passenger,2,2,4,58,62,6.45
July 31 2022,Bartow,GA,Passenger,0,1,1,3,4,25.00
August 31 2021,Benton,WA,Truck,0,0,0,43604,43604,0.00
October 31 2017,New Haven,CT,Passenger,0,1,1,52,53,1.89
June 30 2018,Okanogan,WA,Passenger,9,19,28,25953,25981,0.11
January 31 2020,Grant,WA,Truck,0,0,0,27033,27033,0.00
September 30 2021,Douglas,WA,Truck,0,0,0,12710,12710,0.00
February 28 2022,Philadelphia,PA,Passenger,1,0,1,42,43,2.33
February 29 2020,Ulster,NY,Passenger,1,0,1,12,13,7.69
May 31 2020,Lee,FL,Passenger,1,0,1,51,52,1.92
July 31 2021,Franklin,WA,Passenger,134,97,231,62041,62272,0.37
January 31 2017,Gwinnett,GA,Passenger,0,1,1,97,98,1.02
November 30 2020,Solano,CA,Passenger,1,0,1,208,209,0.48
September 30 2023,Grays Harbor,WA,Passenger,336,205,541,47666,48207,1.12
November 30 2023,Douglas,WA,Truck,8,0,8,12600,12608,0.06
May 31 2018,Skagit,WA,Truck,1,0,1,32045,32046,0.00
July 31 2019,Stevens,WA,Passenger,19,30,49,31708,31757,0.15
April 30 2020,Garfield,WA,Passenger,0,1,1,1340,1341,0.07
June 30 2022,Charles,MD,Passenger,1,1,2,59,61,3.28
October 31 2018,Marion,OR,Passenger,1,0,1,124,125,0.80
February 28 2022,Manassas,VA,Passenger,0,1,1,8,9,11.11
October 31 2021,Ulster,NY,Passenger,1,0,1,13,14,7.14
August 31 2022,Las Animas,CO,Passenger,1,0,1,1,2,50.00
April 30 2023,Klickitat,WA,Passenger,139,60,199,15174,15373,1.29
November 30 2017,Walla Walla,WA,Passenger,29,31,60,35237,35297,0.17
August 31 2020,Stevens,WA,Passenger,35,36,71,30482,30553,0.23
February 29 2020,Kittitas,WA,Truck,0,0,0,14650,14650,0.00
April 30 2023,Clark,NV,Passenger,8,2,10,407,417,2.40
October 31 2021,Cook,IL,Passenger,2,0,2,209,211,0.95
October 31 2017,St. Clair,IL,Passenger,0,1,1,161,162,0.62
June 30 2018,Caddo,LA,Passenger,0,1,1,23,24,4.17
October 31 2019,Montgomery,AL,Passenger,0,1,1,39,40,2.50
February 28 2023,Adams,CO,Passenger,1,0,1,31,32,3.12
July 31 2019,Okanogan,WA,Passenger,23,26,49,26120,26169,0.19
August 31 2021,Kittitas,WA,Truck,0,0,0,14781,14781,0.00
November 30 2018,Lincoln,WA,Truck,0,0,0,4628,4628,0.00
November 30 2017,Travis,TX,Passenger,1,1,2,188,190,1.05
October 31 2020,Camden,NJ,Passenger,0,1,1,22,23,4.35
February 28 2021,Bucks,PA,Passenger,1,0,1,21,22,4.55
May 31 2022,Larimer,CO,Passenger,1,0,1,45,46,2.17
March 31 2022,Adams,WA,Passenger,16,11,27,12976,13003,0.21
June 30 2020,Harford,MD,Passenger,0,1,1,60,61,1.64
June 30 2020,Camden,NJ,Passenger,0,1,1,21,22,4.55
July 31 2022,Penobscot,ME,Passenger,0,1,1,9,10,10.00
June 30 2019,Carson City,NV,Passenger,1,0,1,11,12,8.33
June 30 2019,Wilson,TX,Passenger,0,1,1,7,8,12.50
June 30 2023,Marion,IA,Passenger,1,0,1,0,1,100.00
March 31 2021,Spokane,WA,Passenger,951,583,1534,322566,324100,0.47
February 29 2020,Arapahoe,CO,Passenger,1,0,1,145,146,0.68
March 31 2023,Garfield,WA,Passenger,1,3,4,1320,1324,0.30
November 30 2019,Norfolk,VA,Passenger,1,2,3,349,352,0.85
May 31 2023,Cook,IL,Passenger,3,1,4,147,151,2.65
April 30 2017,Grays Harbor,WA,Passenger,29,30,59,44474,44533,0.13
February 29 2020,Placer,CA,Passenger,2,0,2,100,102,1.96
September 30 2022,Yakima,WA,Truck,3,0,3,61397,61400,0.00
September 30 2019,Camden,NJ,Passenger,0,1,1,24,25,4.00
December 31 2022,Miami-Dade,FL,Passenger,1,0,1,65,66,1.52
July 31 2017,DeKalb,IN,Passenger,1,0,1,1,2,50.00
September 30 2021,Cook,IL,Passenger,2,0,2,215,217,0.92
July 31 2023,Lewis,WA,Passenger,337,223,560,59179,59739,0.94
March 31 2019,Garfield,WA,Truck,0,0,0,953,953,0.00
February 28 2022,Lake,IL,Passenger,3,0,3,156,159,1.89
November 30 2017,Deschutes,OR,Passenger,1,0,1,183,184,0.54
August 31 2021,Charles,MD,Passenger,1,1,2,73,75,2.67
February 28 2017,Asotin,WA,Passenger,4,3,7,12324,12331,0.06
December 31 2020,Yakima,WA,Truck,0,0,0,60976,60976,0.00
April 30 2021,Garfield,WA,Truck,0,0,0,1006,1006,0.00
March 31 2017,Okaloosa,FL,Passenger,1,0,1,195,196,0.51
August 31 2022,Montgomery,MD,Passenger,4,2,6,197,203,2.96
December 31 2021,Sumter,SC,Passenger,0,1,1,31,32,3.12
October 31 2023,Yellowstone,MT,Passenger,0,1,1,11,12,8.33
September 30 2021,Okanogan,WA,Truck,0,0,0,16698,16698,0.00
September 30 2023,Onslow,NC,Passenger,0,1,1,132,133,0.75
May 31 2020,Sacramento,CA,Passenger,1,0,1,280,281,0.36
May 31 2020,DeKalb,GA,Passenger,1,0,1,84,85,1.18
September 30 2019,Lincoln,WA,Passenger,2,10,12,7807,7819,0.15
September 30 2022,Santa Clara,CA,Passenger,11,2,13,224,237,5.49
January 31 2019,Tarrant,TX,Passenger,1,0,1,208,209,0.48
October 31 2019,Howard,MD,Passenger,0,1,1,77,78,1.28
March 31 2023,Fulton,GA,Passenger,1,0,1,50,51,1.96
January 31 2019,Caddo,LA,Passenger,0,1,1,22,23,4.35
July 31 2022,Bryan,GA,Passenger,0,1,1,35,36,2.78
January 31 2019,Virginia Beach,VA,Passenger,2,1,3,698,701,0.43
July 31 2018,San Diego,CA,Passenger,7,1,8,2574,2582,0.31
September 30 2018,Benton,WA,Truck,0,0,0,41346,41346,0.00
October 31 2018,Pierce,WA,Truck,0,0,0,138766,138766,0.00
October 31 2022,Lewis,WA,Truck,2,0,2,26350,26352,0.01
April 30 2022,Harris,TX,Passenger,2,0,2,162,164,1.22
June 30 2023,Essex,MA,Passenger,1,0,1,11,12,8.33
October 31 2021,Lake,FL,Passenger,1,0,1,22,23,4.35
November 30 2022,Clark,WA,Truck,39,0,39,82021,82060,0.05
January 31 2017,Travis,TX,Passenger,1,1,2,215,217,0.92
September 30 2021,Washington,MD,Passenger,2,0,2,13,15,13.33
July 31 2019,Wilson,TX,Passenger,0,1,1,7,8,12.50
January 31 2020,Shelby,OH,Passenger,0,1,1,1,2,50.00
November 30 2018,Pierce,WA,Passenger,1470,1339,2809,538350,541159,0.52
February 28 2021,Virginia Beach,VA,Passenger,3,0,3,635,638,0.47
October 31 2019,Island,WA,Passenger,362,251,613,63603,64216,0.95
March 31 2021,King,WA,Truck,6,1,7,184537,184544,0.00
April 30 2018,Franklin,WA,Passenger,37,59,96,57401,57497,0.17
March 31 2023,San Diego,CA,Passenger,20,9,29,2152,2181,1.33
August 31 2021,Adams,WA,Truck,0,0,0,5413,5413,0.00
July 31 2021,Burlington,NJ,Passenger,0,1,1,126,127,0.79
August 31 2019,Harnett,NC,Passenger,1,1,2,216,218,0.92
April 30 2022,Eagle,CO,Passenger,1,0,1,8,9,11.11
May 31 2018,Maricopa,AZ,Passenger,2,2,4,1607,1611,0.25
August 31 2018,Klickitat,WA,Passenger,24,32,56,15281,15337,0.37
January 31 2023,Wahkiakum,WA,Passenger,25,15,40,3047,3087,1.30
May 31 2022,Anne Arundel,MD,Passenger,4,3,7,354,361,1.94
April 30 2018,Utah,UT,Passenger,0,1,1,141,142,0.70
June 30 2022,Harnett,NC,Passenger,2,0,2,153,155,1.29
May 31 2023,Jefferson,NY,Passenger,2,1,3,179,182,1.65
November 30 2023,Monterey,CA,Truck,1,0,1,24,25,4.00
April 30 2022,Whatcom,WA,Passenger,1775,717,2492,149010,151502,1.64
September 30 2017,Thurston,WA,Truck,0,0,0,53501,53501,0.00
March 31 2021,Douglas,WA,Truck,0,0,0,12553,12553,0.00
May 31 2018,Charleston,SC,Passenger,1,0,1,128,129,0.78
April 30 2021,,,Passenger,3,2,5,339,344,1.45
March 31 2020,Los Angeles,CA,Passenger,6,12,18,1056,1074,1.68
July 31 2020,Fulton,GA,Passenger,1,2,3,99,102,2.94
October 31 2022,Montgomery,MD,Passenger,4,2,6,194,200,3.00
May 31 2023,Parker,TX,Passenger,0,1,1,14,15,6.67
April 30 2019,Richmond,GA,Passenger,0,1,1,95,96,1.04
March 31 2023,Onslow,NC,Passenger,0,1,1,151,152,0.66
July 31 2017,New London,CT,Passenger,1,1,2,252,254,0.79
March 31 2017,Lewis,WA,Truck,0,0,0,24817,24817,0.00
September 30 2022,Alexandria,VA,Passenger,4,0,4,101,105,3.81
January 31 2021,Penobscot,ME,Passenger,0,1,1,10,11,9.09
July 31 2019,Flathead,MT,Passenger,1,0,1,67,68,1.47
July 31 2019,Chelan,WA,Passenger,161,68,229,54428,54657,0.42
September 30 2022,Cook,IL,Passenger,3,0,3,180,183,1.64
May 31 2019,Honolulu,HI,Passenger,2,3,5,511,516,0.97
January 31 2022,Okanogan,WA,Truck,0,0,0,16688,16688,0.00
September 30 2018,Cook,IL,Passenger,1,0,1,262,263,0.38
March 31 2022,Wahkiakum,WA,Truck,0,0,0,1813,1813,0.00
February 28 2019,Portsmouth,VA,Passenger,0,1,1,80,81,1.23
February 28 2021,Carroll,MD,Passenger,0,1,1,21,22,4.55
April 30 2021,Houston,GA,Passenger,1,0,1,48,49,2.04
January 31 2017,Essex,NJ,Passenger,1,0,1,18,19,5.26
May 31 2022,Wilson,TX,Passenger,0,1,1,3,4,25.00
August 31 2018,Spokane,WA,Truck,1,0,1,93015,93016,0.00
August 31 2023,Shasta,CA,Passenger,1,0,1,19,20,5.00
October 31 2022,Saratoga,NY,Passenger,1,0,1,40,41,2.44
March 31 2018,St. Clair,IL,Passenger,0,1,1,154,155,0.65
October 31 2018,Pinal,AZ,Passenger,2,0,2,207,209,0.96
February 28 2021,Montgomery,TX,Passenger,1,0,1,53,54,1.85
July 31 2021,Clinton,PA,Passenger,1,0,1,0,1,100.00
January 31 2021,Walla Walla,WA,Truck,0,0,0,13896,13896,0.00
October 31 2019,Ada,ID,Passenger,0,2,2,309,311,0.64
January 31 2021,Pima,AZ,Passenger,2,1,3,334,337,0.89
September 30 2021,San Juan,WA,Passenger,462,143,605,14182,14787,4.09
September 30 2020,San Juan,WA,Truck,0,0,0,5845,5845,0.00
November 30 2018,Nassau,NY,Passenger,3,0,3,38,41,7.32
October 31 2020,Jefferson,NY,Passenger,0,1,1,210,211,0.47
December 31 2020,Camden,NJ,Passenger,0,1,1,19,20,5.00
July 31 2019,Lincoln,WA,Passenger,2,10,12,7793,7805,0.15
August 31 2021,Fairbanks North Star,AK,Passenger,0,1,1,81,82,1.22
June 30 2022,Pacific,WA,Truck,0,0,0,7913,7913,0.00
November 30 2020,Wahkiakum,WA,Passenger,6,6,12,3038,3050,0.39
August 31 2023,Frederick,MD,Passenger,1,1,2,50,52,3.85
June 30 2022,Asotin,WA,Truck,0,0,0,6716,6716,0.00
November 30 2021,Lake,FL,Passenger,1,0,1,22,23,4.35
July 31 2017,Dakota,MN,Passenger,0,1,1,38,39,2.56
November 30 2018,Montgomery,PA,Passenger,2,0,2,34,36,5.56
January 31 2023,Sumter,SC,Passenger,0,1,1,32,33,3.03
May 31 2018,Caddo,LA,Passenger,0,1,1,22,23,4.35
February 28 2018,Douglas,WA,Passenger,43,33,76,27318,27394,0.28
August 31 2022,Harris,TX,Passenger,1,0,1,141,142,0.70
January 31 2023,,,Passenger,2,0,2,268,270,0.74
July 31 2023,Lincoln,WA,Truck,0,0,0,4845,4845,0.00
January 31 2018,Ferry,WA,Truck,0,0,0,3545,3545,0.00
November 30 2019,Clark,NV,Passenger,5,2,7,696,703,1.00
June 30 2020,Chelan,WA,Truck,0,0,0,22521,22521,0.00
September 30 2020,Lincoln,WA,Truck,0,0,0,4637,4637,0.00
January 31 2020,Franklin,WA,Truck,0,0,0,19848,19848,0.00
June 30 2019,El Paso,CO,Passenger,2,2,4,735,739,0.54
October 31 2023,Sarpy,NE,Passenger,1,0,1,45,46,2.17
March 31 2023,Cowlitz,WA,Passenger,437,196,633,70158,70791,0.89
August 31 2023,Grant,WA,Truck,12,0,12,27960,27972,0.04
September 30 2022,Multnomah,OR,Passenger,1,3,4,511,515,0.78
November 30 2023,DeKalb,GA,Passenger,1,0,1,35,36,2.78
July 31 2022,Cumberland,NC,Passenger,1,4,5,360,365,1.37
October 31 2017,El Paso,CO,Passenger,2,0,2,771,773,0.26
July 31 2020,Spokane,WA,Truck,1,0,1,98966,98967,0.00
May 31 2020,,,Passenger,5,1,6,379,385,1.56
November 30 2021,Moore,NC,Passenger,0,1,1,125,126,0.79
April 30 2023,Collin,TX,Passenger,3,0,3,46,49,6.12
August 31 2021,Montgomery,MD,Passenger,3,1,4,216,220,1.82
January 31 2022,Wood,OH,Passenger,0,1,1,6,7,14.29
February 29 2020,Boulder,CO,Passenger,1,1,2,51,53,3.77
May 31 2017,Monroe,NY,Passenger,1,0,1,27,28,3.57
September 30 2020,Grays Harbor,WA,Passenger,115,116,231,48471,48702,0.47
February 28 2018,Klickitat,WA,Truck,0,0,0,8033,8033,0.00
November 30 2019,Columbia,WA,Truck,0,0,0,1535,1535,0.00
October 31 2021,San Luis Obispo,CA,Passenger,1,0,1,63,64,1.56
December 31 2021,Louisa,VA,Passenger,0,1,1,1,2,50.00
April 30 2020,Island,WA,Passenger,405,271,676,62821,63497,1.06
March 31 2022,Island,WA,Truck,1,0,1,21452,21453,0.00
January 31 2021,RÃ­o Grande,PR,Passenger,1,0,1,1,2,50.00
June 30 2020,Frederick,MD,Passenger,1,1,2,77,79,2.53
March 31 2017,District of Columbia,DC,Passenger,0,3,3,222,225,1.33
November 30 2020,Grays Harbor,WA,Truck,0,0,0,21129,21129,0.00
July 31 2018,Walla Walla,WA,Passenger,34,44,78,35738,35816,0.22
May 31 2023,Whatcom,WA,Truck,57,0,57,42738,42795,0.13
October 31 2018,Adams,WA,Passenger,5,5,10,12717,12727,0.08
September 30 2021,Camden,NJ,Passenger,0,1,1,14,15,6.67
April 30 2023,Sarasota,FL,Passenger,1,0,1,17,18,5.56
March 31 2020,Gwinnett,GA,Passenger,1,0,1,77,78,1.28
June 30 2019,Valencia,NM,Passenger,1,0,1,9,10,10.00
March 31 2018,San Juan,WA,Passenger,140,50,190,13937,14127,1.34
August 31 2023,Howard,MD,Passenger,0,2,2,45,47,4.26
October 31 2017,Santa Clara,CA,Passenger,6,1,7,391,398,1.76
November 30 2022,Mason,WA,Passenger,360,190,550,46932,47482,1.16
January 31 2018,Chelan,WA,Passenger,94,38,132,53236,53368,0.25
March 31 2021,Douglas,WA,Passenger,86,47,133,28377,28510,0.47
March 31 2021,El Paso,TX,Passenger,3,0,3,397,400,0.75
May 31 2021,Grays Harbor,WA,Truck,0,0,0,21428,21428,0.00
August 31 2022,,,Passenger,3,1,4,286,290,1.38
December 31 2022,Asotin,WA,Passenger,29,20,49,12460,12509,0.39
August 31 2022,Allegheny,PA,Passenger,1,1,2,58,60,3.33
February 28 2019,Boulder,CO,Passenger,1,0,1,50,51,1.96
July 31 2022,Broward,FL,Passenger,1,0,1,84,85,1.18
August 31 2022,Kauai,HI,Passenger,1,0,1,16,17,5.88
November 30 2019,Carroll,NH,Passenger,0,1,1,3,4,25.00
March 31 2018,Nantucket,MA,Passenger,1,0,1,4,5,20.00
September 30 2022,Howard,MD,Passenger,0,2,2,56,58,3.45
February 28 2022,Riverside,CA,Passenger,5,1,6,483,489,1.23
July 31 2017,Deschutes,OR,Passenger,1,0,1,197,198,0.51
July 31 2018,Honolulu,HI,Passenger,1,2,3,534,537,0.56
October 31 2022,Kitsap,WA,Truck,25,0,25,53099,53124,0.05
August 31 2022,Clallam,WA,Passenger,435,247,682,49529,50211,1.36
March 31 2019,Asotin,WA,Passenger,12,9,21,12659,12680,0.17
December 31 2021,Orange,FL,Passenger,2,0,2,105,107,1.87
April 30 2022,Lake,IN,Passenger,0,1,1,9,10,10.00
August 31 2022,Fairfax,VA,Truck,1,0,1,109,110,0.91
August 31 2020,Benton,WA,Passenger,379,322,701,134296,134997,0.52
February 28 2018,Orange,CA,Passenger,3,1,4,592,596,0.67
March 31 2020,Island,WA,Truck,1,0,1,21252,21253,0.00
December 31 2019,Whitman,WA,Passenger,42,46,88,22668,22756,0.39
December 31 2018,Dale,AL,Passenger,0,1,1,55,56,1.79
November 30 2020,Wichita,TX,Passenger,1,0,1,43,44,2.27
June 30 2022,District of Columbia,DC,Passenger,3,0,3,172,175,1.71
June 30 2023,Charleston,SC,Passenger,1,2,3,52,55,5.45
August 31 2020,Larimer,CO,Passenger,1,0,1,50,51,1.96
March 31 2018,Yakima,WA,Passenger,63,81,144,162819,162963,0.09
January 31 2020,Multnomah,OR,Passenger,4,7,11,743,754,1.46
June 30 2020,Richmond,GA,Passenger,0,1,1,85,86,1.16
July 31 2022,Chelan,WA,Passenger,477,125,602,54216,54818,1.10
April 30 2023,Richland,SC,Passenger,0,1,1,100,101,0.99
January 31 2020,Clallam,WA,Passenger,203,163,366,50910,51276,0.71
May 31 2018,Klamath,OR,Passenger,1,0,1,35,36,2.78
August 31 2020,Pima,AZ,Passenger,3,1,4,350,354,1.13
March 31 2020,Williamson,TX,Passenger,0,2,2,147,149,1.34
July 31 2020,Calvert,MD,Passenger,0,2,2,87,89,2.25
February 28 2021,Stafford,VA,Passenger,2,1,3,98,101,2.97
January 31 2020,Washoe,NV,Passenger,1,0,1,115,116,0.86
November 30 2023,Meade,KY,Passenger,1,0,1,11,12,8.33
August 31 2019,Yakima,WA,Truck,0,0,0,59385,59385,0.00
July 31 2017,Tarrant,TX,Passenger,1,0,1,246,247,0.40
November 30 2022,Adams,WA,Passenger,22,11,33,13022,13055,0.25
November 30 2022,Lane,OR,Passenger,0,2,2,86,88,2.27
August 31 2023,Yakima,WA,Truck,15,0,15,60723,60738,0.02
February 28 2018,Okaloosa,FL,Passenger,1,0,1,180,181,0.55
March 31 2023,Polk,OR,Passenger,1,1,2,17,19,10.53
July 31 2021,New Haven,CT,Passenger,0,2,2,33,35,5.71
January 31 2021,Kitsap,WA,Truck,0,0,0,54286,54286,0.00
August 31 2017,Mason,WA,Passenger,59,73,132,43922,44054,0.30
January 31 2020,Skamania,WA,Truck,0,0,0,4105,4105,0.00
January 31 2020,Skagit,WA,Passenger,378,215,593,92619,93212,0.64
February 28 2017,Monterey,CA,Passenger,0,1,1,224,225,0.44
April 30 2022,Douglas,CO,Passenger,0,1,1,82,83,1.20
August 31 2020,Lewis,WA,Truck,0,0,0,26363,26363,0.00
February 28 2018,San Diego,CA,Passenger,6,1,7,2574,2581,0.27
October 31 2020,Pima,AZ,Passenger,3,1,4,348,352,1.14
February 28 2019,Harnett,NC,Passenger,1,0,1,224,225,0.44
May 31 2020,Charleston,SC,Passenger,1,0,1,109,110,0.91
May 31 2023,Kent,DE,Passenger,1,0,1,46,47,2.13
November 30 2020,Polk,FL,Passenger,1,0,1,64,65,1.54
December 31 2018,Sangamon,IL,Passenger,1,0,1,9,10,10.00
October 31 2017,Orleans,LA,Passenger,0,1,1,46,47,2.13
April 30 2021,Washtenaw,MI,Passenger,0,1,1,31,32,3.12
February 28 2021,Powhatan,VA,Passenger,1,0,1,1,2,50.00
March 31 2017,Chelan,WA,Truck,0,0,0,21220,21220,0.00
October 31 2018,Skamania,WA,Passenger,18,12,30,8726,8756,0.34
February 28 2022,Franklin,WA,Truck,0,0,0,20915,20915,0.00
January 31 2023,Douglas,CO,Passenger,0,1,1,66,67,1.49
December 31 2022,Kittitas,WA,Truck,5,0,5,14569,14574,0.03
April 30 2020,Washington,OR,Passenger,1,0,1,454,455,0.22
November 30 2020,Harford,MD,Passenger,0,1,1,61,62,1.61
February 28 2017,Missoula,MT,Passenger,1,0,1,81,82,1.22
October 31 2021,Orange,NC,Passenger,0,1,1,10,11,9.09
February 29 2020,Polk,FL,Passenger,1,0,1,70,71,1.41
November 30 2020,Nassau,FL,Passenger,1,0,1,37,38,2.63
September 30 2020,Owyhee,ID,Passenger,1,0,1,3,4,25.00
July 31 2017,Thurston,WA,Passenger,418,350,768,187036,187804,0.41
August 31 2023,Klickitat,WA,Passenger,162,64,226,15072,15298,1.48
September 30 2018,Clark,WA,Truck,0,0,0,79359,79359,0.00
May 31 2019,Douglas,WA,Truck,0,0,0,12180,12180,0.00
January 31 2019,St. Mary's,MD,Passenger,1,0,1,213,214,0.47
July 31 2019,Lewis,WA,Passenger,100,96,196,59359,59555,0.33
October 31 2018,Walla Walla,WA,Truck,0,0,0,13508,13508,0.00
April 30 2017,Snohomish,WA,Truck,1,0,1,122004,122005,0.00
November 30 2020,Douglas,CO,Passenger,0,1,1,82,83,1.20
January 31 2023,Goochland,VA,Passenger,1,2,3,66,69,4.35
March 31 2022,Allegheny,PA,Passenger,1,1,2,61,63,3.17
February 29 2020,Fairbanks North Star,AK,Passenger,0,1,1,98,99,1.01
August 31 2023,Hennepin,MN,Passenger,1,0,1,32,33,3.03
August 31 2019,Rogers,OK,Passenger,1,0,1,5,6,16.67
February 29 2020,Oldham,KY,Passenger,0,1,1,4,5,20.00
January 31 2018,Eagle,CO,Passenger,1,0,1,6,7,14.29
October 31 2022,Cowlitz,WA,Passenger,383,184,567,70262,70829,0.80
February 28 2021,Lincoln,WA,Passenger,6,13,19,7646,7665,0.25
November 30 2020,Columbia,WA,Passenger,4,3,7,2438,2445,0.29
January 31 2017,San Juan,WA,Truck,0,0,0,5593,5593,0.00
May 31 2021,Fairfax,VA,Passenger,5,4,9,697,706,1.27
April 30 2018,Pierce,WA,Passenger,1154,1091,2245,529110,531355,0.42
September 30 2019,Klamath,OR,Passenger,1,0,1,40,41,2.44
April 30 2018,Dallas,TX,Passenger,0,1,1,194,195,0.51
January 31 2019,Boulder,CO,Passenger,1,0,1,53,54,1.85
November 30 2020,Maui,HI,Passenger,2,0,2,30,32,6.25
July 31 2023,Champaign,IL,Passenger,1,0,1,11,12,8.33
July 31 2022,St. Mary's,MD,Passenger,1,0,1,191,192,0.52
September 30 2017,Orange,CA,Passenger,3,1,4,620,624,0.64
May 31 2020,Clark,WA,Truck,0,0,0,81877,81877,0.00
July 31 2021,Calvert,MD,Passenger,0,2,2,86,88,2.27
August 31 2020,Carroll,NH,Passenger,0,1,1,5,6,16.67
August 31 2017,Carroll,NH,Passenger,0,1,1,1,2,50.00
December 31 2018,Lee,FL,Passenger,1,0,1,53,54,1.85
August 31 2023,Benton,WA,Passenger,1205,586,1791,134622,136413,1.31
December 31 2019,Suffolk,VA,Passenger,1,0,1,124,125,0.80
January 31 2021,St. Mary's,MD,Passenger,1,0,1,217,218,0.46
May 31 2020,Grant,WA,Truck,0,0,0,26979,26979,0.00
June 30 2019,Lewis,WA,Truck,0,0,0,25948,25948,0.00
August 31 2018,Montgomery,PA,Passenger,2,0,2,35,37,5.41
November 30 2020,Fort Bend,TX,Passenger,1,0,1,41,42,2.38
May 31 2021,Kauai,HI,Passenger,1,0,1,18,19,5.26
August 31 2020,Kittitas,WA,Passenger,110,47,157,29764,29921,0.52
March 31 2022,Richland,SC,Passenger,0,2,2,134,136,1.47
July 31 2021,Baltimore,MD,Passenger,1,0,1,101,102,0.98
August 31 2018,Grays Harbor,WA,Truck,0,0,0,20307,20307,0.00
March 31 2018,Whitman,WA,Truck,0,0,0,8455,8455,0.00
July 31 2017,Adams,WA,Truck,0,0,0,5123,5123,0.00
January 31 2018,Sacramento,CA,Passenger,1,0,1,312,313,0.32
April 30 2021,Lake,IL,Passenger,2,0,2,163,165,1.21
September 30 2018,Howard,MD,Passenger,0,1,1,88,89,1.12
May 31 2021,Fort Bend,TX,Passenger,1,0,1,37,38,2.63
January 31 2021,Alexandria,VA,Passenger,2,0,2,132,134,1.49
January 31 2020,Boone,MO,Passenger,0,1,1,11,12,8.33
November 30 2020,Boulder,CO,Passenger,1,1,2,48,50,4.00
October 31 2018,Thurston,WA,Passenger,663,552,1215,195022,196237,0.62
April 30 2022,Spokane,WA,Truck,0,0,0,102366,102366,0.00
November 30 2023,Asotin,WA,Truck,0,0,0,6414,6414,0.00
August 31 2017,Skagit,WA,Passenger,140,112,252,88465,88717,0.28
March 31 2019,Saratoga,NY,Passenger,1,0,1,56,57,1.75
August 31 2019,Kootenai,ID,Passenger,1,1,2,221,223,0.90
February 28 2017,Kitsap,WA,Truck,1,0,1,52348,52349,0.00
February 28 2022,Prince William,VA,Passenger,1,1,2,207,209,0.96
August 31 2021,Clallam,WA,Truck,1,0,1,22017,22018,0.00
March 31 2020,Chesapeake,VA,Passenger,0,1,1,426,427,0.23
December 31 2018,Sedgwick,KS,Passenger,0,1,1,101,102,0.98
April 30 2019,Manatee,FL,Passenger,1,0,1,34,35,2.86
March 31 2022,Sarasota,FL,Passenger,2,0,2,29,31,6.45
April 30 2021,Eagle,CO,Passenger,1,0,1,10,11,9.09
May 31 2018,Lincoln,WA,Truck,0,0,0,4535,4535,0.00
September 30 2021,Adams,WA,Passenger,16,14,30,13041,13071,0.23
September 30 2023,Wahkiakum,WA,Passenger,28,19,47,3019,3066,1.53
June 30 2017,Whitman,WA,Passenger,10,20,30,22037,22067,0.14
August 31 2022,Lane,OR,Passenger,0,2,2,94,96,2.08
June 30 2021,Houston,GA,Passenger,1,0,1,45,46,2.17
December 31 2022,Virginia Beach,VA,Truck,1,0,1,107,108,0.93
April 30 2017,Polk,FL,Passenger,1,0,1,68,69,1.45
December 31 2020,Walla Walla,WA,Passenger,98,67,165,36132,36297,0.45
October 31 2019,Multnomah,OR,Passenger,4,6,10,738,748,1.34
March 31 2023,Cook,IL,Passenger,3,0,3,161,164,1.83
December 31 2018,Clackamas,OR,Passenger,1,1,2,213,215,0.93
August 31 2022,Richmond,GA,Passenger,0,1,1,65,66,1.52
March 31 2022,Alameda,CA,Passenger,5,0,5,210,215,2.33
November 30 2018,El Paso,CO,Passenger,3,1,4,772,776,0.52
November 30 2023,Sonoma,CA,Passenger,0,1,1,51,52,1.92
May 31 2019,San Mateo,CA,Passenger,2,1,3,127,130,2.31
January 31 2022,Portsmouth,VA,Passenger,0,1,1,84,85,1.18
April 30 2017,Mason,WA,Truck,0,0,0,19240,19240,0.00
February 28 2021,San Juan,WA,Passenger,383,118,501,14053,14554,3.44
May 31 2020,Prince William,VA,Passenger,2,3,5,220,225,2.22
April 30 2023,Multnomah,OR,Passenger,1,2,3,437,440,0.68
March 31 2019,Ada,ID,Passenger,0,2,2,317,319,0.63
February 28 2021,Nueces,TX,Passenger,1,0,1,81,82,1.22
December 31 2021,Cowlitz,WA,Passenger,274,163,437,71545,71982,0.61
March 31 2020,Thurston,WA,Passenger,1131,727,1858,198528,200386,0.93
September 30 2019,Kitsap,WA,Passenger,1134,641,1775,181587,183362,0.97
October 31 2017,Saratoga,NY,Passenger,1,1,2,72,74,2.70
December 31 2017,Adams,WA,Passenger,4,5,9,12404,12413,0.07
October 31 2019,Arapahoe,CO,Passenger,1,0,1,149,150,0.67
September 30 2022,Anne Arundel,MD,Passenger,4,3,7,331,338,2.07
May 31 2017,New London,CT,Passenger,1,1,2,250,252,0.79
June 30 2019,Cascade,MT,Passenger,0,1,1,64,65,1.54
January 31 2023,Moore,NC,Passenger,0,1,1,107,108,0.93
April 30 2021,Plaquemines,LA,Passenger,0,1,1,16,17,5.88
May 31 2017,Eagle,CO,Passenger,1,0,1,7,8,12.50
March 31 2019,Skagit,WA,Passenger,281,189,470,91324,91794,0.51
January 31 2019,Douglas,WA,Passenger,51,35,86,28010,28096,0.31
May 31 2019,Columbia,WA,Truck,0,0,0,1532,1532,0.00
May 31 2022,Kitsap,WA,Truck,3,0,3,53656,53659,0.01
May 31 2020,Lewis,WA,Passenger,99,108,207,58233,58440,0.35
May 31 2017,Columbia,WA,Passenger,0,1,1,2360,2361,0.04
December 31 2018,Deschutes,OR,Passenger,3,0,3,170,173,1.73
September 30 2023,Klickitat,WA,Passenger,174,68,242,15043,15285,1.58
November 30 2019,New Haven,CT,Passenger,0,2,2,46,48,4.17
August 31 2023,Collin,TX,Passenger,2,0,2,31,33,6.06
May 31 2022,Fulton,GA,Passenger,1,0,1,65,66,1.52
August 31 2017,Franklin,MA,Passenger,0,1,1,4,5,20.00
August 31 2018,Sumter,FL,Passenger,0,1,1,10,11,9.09
December 31 2019,Eagle,CO,Passenger,1,0,1,7,8,12.50
July 31 2019,Garfield,WA,Truck,0,0,0,960,960,0.00
April 30 2018,Kootenai,ID,Passenger,0,1,1,223,224,0.45
May 31 2019,Ferry,WA,Truck,0,0,0,3590,3590,0.00
October 31 2018,Multnomah,OR,Passenger,3,4,7,765,772,0.91
December 31 2017,New London,CT,Passenger,1,1,2,247,249,0.80
December 31 2020,Arlington,VA,Passenger,0,2,2,147,149,1.34
October 31 2018,Whatcom,WA,Passenger,700,341,1041,148783,149824,0.69
August 31 2018,Skamania,WA,Truck,0,0,0,3949,3949,0.00
May 31 2022,Island,WA,Passenger,796,372,1168,61924,63092,1.85
December 31 2019,Douglas,NE,Passenger,0,1,1,59,60,1.67
October 31 2017,Hamilton,IN,Passenger,1,0,1,58,59,1.69
December 31 2021,Mercer,NJ,Passenger,0,1,1,14,15,6.67
April 30 2017,Collier,FL,Passenger,1,0,1,19,20,5.00
December 31 2018,St. Clair,IL,Passenger,0,1,1,163,164,0.61
July 31 2021,St. Clair,IL,Passenger,2,0,2,134,136,1.47
January 31 2020,Kittitas,WA,Passenger,93,47,140,30081,30221,0.46
May 31 2022,San Mateo,CA,Passenger,2,0,2,87,89,2.25
January 31 2021,Denver,CO,Passenger,1,0,1,116,117,0.85
December 31 2021,Miami-Dade,FL,Passenger,1,0,1,90,91,1.10
July 31 2020,Allegheny,PA,Passenger,1,0,1,78,79,1.27
November 30 2022,Houston,GA,Passenger,1,0,1,24,25,4.00
July 31 2023,Parker,TX,Passenger,0,1,1,13,14,7.14
November 30 2020,Lee,FL,Passenger,1,0,1,47,48,2.08
August 31 2021,Ray,MO,Passenger,0,1,1,1,2,50.00
October 31 2021,Powhatan,VA,Passenger,1,0,1,1,2,50.00
March 31 2020,Adams,WA,Truck,0,0,0,5219,5219,0.00
March 31 2018,Chelan,WA,Passenger,96,41,137,53348,53485,0.26
May 31 2019,Stevens,WA,Truck,0,0,0,18672,18672,0.00
September 30 2017,Montgomery,MD,Passenger,1,0,1,310,311,0.32
February 28 2021,Spokane,WA,Truck,0,0,0,100976,100976,0.00
October 31 2021,Onslow,NC,Passenger,0,1,1,176,177,0.56
May 31 2022,Rockingham,NH,Passenger,1,0,1,17,18,5.56
August 31 2023,Champaign,IL,Passenger,1,0,1,12,13,7.69
October 31 2022,Spokane,WA,Passenger,1835,910,2745,324394,327139,0.84
May 31 2018,Prince George's,MD,Passenger,1,1,2,184,186,1.08
July 31 2021,Hennepin,MN,Passenger,3,0,3,73,76,3.95
June 30 2022,Platte,MO,Passenger,1,0,1,24,25,4.00
June 30 2020,Dallas,TX,Passenger,1,0,1,201,202,0.50
May 31 2021,Alexandria,VA,Passenger,2,0,2,129,131,1.53
December 31 2021,Marin,CA,Passenger,0,1,1,36,37,2.70
March 31 2022,Pierce,WA,Passenger,4627,2229,6856,549775,556631,1.23
February 28 2022,Ferry,WA,Passenger,15,3,18,4441,4459,0.40
December 31 2019,St. Mary's,MD,Passenger,1,0,1,218,219,0.46
November 30 2021,Montgomery,MD,Passenger,3,2,5,214,219,2.28
February 28 2021,Yakima,WA,Passenger,185,135,320,167482,167802,0.19
March 31 2020,Shelby,TN,Passenger,0,1,1,92,93,1.08
April 30 2021,Klickitat,WA,Truck,0,0,0,8246,8246,0.00
June 30 2023,Harrison,MS,Passenger,1,0,1,31,32,3.12
April 30 2018,Sedgwick,KS,Passenger,0,1,1,101,102,0.98
February 28 2018,Orleans,LA,Passenger,0,1,1,47,48,2.08
April 30 2022,Sumter,SC,Passenger,0,1,1,28,29,3.45
November 30 2023,Elmore,ID,Passenger,1,0,1,8,9,11.11
December 31 2021,Allen,IN,Passenger,1,0,1,19,20,5.00
August 31 2019,Santa Cruz,CA,Passenger,1,0,1,40,41,2.44
July 31 2020,Lewis,WA,Passenger,107,115,222,58131,58353,0.38
March 31 2021,Harnett,NC,Passenger,1,1,2,185,187,1.07
May 31 2021,Garfield,WA,Truck,0,0,0,998,998,0.00
May 31 2018,Spokane,WA,Truck,1,0,1,92360,92361,0.00
October 31 2020,Sacramento,CA,Passenger,1,0,1,259,260,0.38
August 31 2022,Calvert,MD,Passenger,0,2,2,73,75,2.67
September 30 2017,Dale,AL,Passenger,0,1,1,63,64,1.56
December 31 2021,Wichita,TX,Passenger,1,0,1,43,44,2.27
July 31 2018,King,WA,Passenger,13477,5802,19279,1372276,1391555,1.39
January 31 2023,Okanogan,WA,Truck,2,0,2,16444,16446,0.01
March 31 2022,,,Passenger,3,2,5,301,306,1.63
March 31 2019,Kittitas,WA,Truck,0,0,0,14250,14250,0.00
January 31 2023,Columbia,WA,Passenger,8,1,9,2433,2442,0.37
May 31 2018,Portsmouth,VA,Passenger,0,1,1,72,73,1.37
September 30 2018,Ferry,WA,Passenger,2,2,4,4407,4411,0.09
January 31 2018,Arlington,VA,Passenger,1,2,3,176,179,1.68
November 30 2022,Palm Beach,FL,Passenger,1,0,1,49,50,2.00
December 31 2021,Washtenaw,MI,Passenger,0,1,1,30,31,3.23
January 31 2023,Lake,IN,Passenger,0,1,1,10,11,9.09
December 31 2018,Eagle,CO,Passenger,1,0,1,5,6,16.67
February 28 2019,Thurston,WA,Passenger,782,594,1376,195834,197210,0.70
June 30 2023,Whatcom,WA,Passenger,2494,879,3373,147651,151024,2.23
September 30 2017,San Juan,WA,Truck,0,0,0,5557,5557,0.00
February 28 2017,Bexar,TX,Passenger,1,2,3,1162,1165,0.26
May 31 2018,Bexar,TX,Passenger,2,3,5,772,777,0.64
February 28 2021,Washington,MD,Passenger,1,0,1,11,12,8.33
February 28 2022,Asotin,WA,Truck,0,0,0,6737,6737,0.00
April 30 2020,Skamania,WA,Passenger,29,16,45,8611,8656,0.52
January 31 2020,Cowlitz,WA,Passenger,127,111,238,73597,73835,0.32
July 31 2019,Spokane,WA,Truck,1,0,1,95227,95228,0.00
December 31 2017,Okanogan,WA,Truck,0,0,0,16270,16270,0.00
July 31 2018,Gwinnett,GA,Passenger,0,1,1,86,87,1.15
February 28 2019,St. Lucie,FL,Passenger,1,0,1,30,31,3.23
April 30 2022,Richland,SC,Passenger,0,2,2,133,135,1.48
September 30 2019,Portsmouth,VA,Passenger,0,1,1,79,80,1.25
January 31 2020,Yakima,WA,Truck,0,0,0,59634,59634,0.00
November 30 2018,Stevens,WA,Passenger,16,27,43,31782,31825,0.14
February 28 2022,San Diego,CA,Passenger,17,8,25,2470,2495,1.00
January 31 2018,Cook,IL,Passenger,1,0,1,288,289,0.35
July 31 2018,Douglas,WA,Truck,0,0,0,11969,11969,0.00
December 31 2021,Mason,WA,Passenger,266,158,424,47758,48182,0.88
January 31 2020,Kittitas,WA,Truck,0,0,0,14667,14667,0.00
April 30 2020,Klamath,OR,Passenger,1,0,1,35,36,2.78
April 30 2020,Twin Falls,ID,Passenger,0,1,1,30,31,3.23
July 31 2022,Wichita,TX,Passenger,1,0,1,40,41,2.44
September 30 2023,Bartow,GA,Passenger,0,1,1,2,3,33.33
May 31 2021,Fresno,CA,Passenger,1,0,1,182,183,0.55
January 31 2023,Monterey,CA,Passenger,1,2,3,120,123,2.44
March 31 2023,Miami-Dade,FL,Passenger,1,0,1,61,62,1.61
November 30 2022,Louisa,VA,Passenger,0,1,1,1,2,50.00
January 31 2022,Pierce,WA,Passenger,4365,2148,6513,553739,560252,1.16
January 31 2022,Whitman,WA,Truck,0,0,0,8569,8569,0.00
October 31 2018,Franklin,WA,Truck,0,0,0,18947,18947,0.00
January 31 2021,Skagit,WA,Truck,1,0,1,32857,32858,0.00
July 31 2017,Norfolk,VA,Passenger,1,1,2,315,317,0.63
April 30 2021,Allegheny,PA,Passenger,1,1,2,70,72,2.78
January 31 2019,Alexandria,VA,Passenger,1,0,1,160,161,0.62
April 30 2022,Klickitat,WA,Passenger,100,55,155,15238,15393,1.01
August 31 2023,Island,WA,Truck,35,0,35,20907,20942,0.17
March 31 2017,Jefferson,WA,Truck,0,0,0,9447,9447,0.00
June 30 2018,Orange,CA,Passenger,4,1,5,576,581,0.86
August 31 2018,New Haven,CT,Passenger,0,1,1,48,49,2.04
February 28 2023,Moore,NC,Passenger,0,1,1,106,107,0.93
September 30 2022,Queens,NY,Passenger,1,0,1,42,43,2.33
November 30 2021,Fairbanks North Star,AK,Passenger,0,1,1,78,79,1.27
December 31 2020,Twin Falls,ID,Passenger,0,1,1,26,27,3.70
June 30 2022,Wahkiakum,WA,Truck,0,0,0,1802,1802,0.00
May 31 2019,Clallam,WA,Passenger,167,137,304,50565,50869,0.60
April 30 2018,Grant,WA,Passenger,31,42,73,62798,62871,0.12
August 31 2022,Lincoln,WA,Truck,0,0,0,4843,4843,0.00
October 31 2019,Lake,IL,Passenger,1,0,1,173,174,0.57
July 31 2021,Sacramento,CA,Passenger,2,0,2,231,233,0.86
February 28 2022,Williamson,TX,Passenger,1,2,3,92,95,3.16
November 30 2017,Dallas,TX,Passenger,0,1,1,187,188,0.53
October 31 2018,Rogers,OK,Passenger,1,0,1,6,7,14.29
November 30 2022,Orange,NC,Passenger,0,1,1,4,5,20.00
February 28 2019,El Paso,CO,Passenger,3,2,5,762,767,0.65
August 31 2021,Yakima,WA,Passenger,248,163,411,168884,169295,0.24
May 31 2017,Skagit,WA,Passenger,134,102,236,87852,88088,0.27
November 30 2021,Maricopa,AZ,Passenger,8,4,12,1155,1167,1.03
August 31 2018,Fairfax,VA,Passenger,3,2,5,818,823,0.61
January 31 2017,Klickitat,WA,Truck,0,0,0,7942,7942,0.00
July 31 2021,Clark,WA,Truck,0,0,0,84247,84247,0.00
September 30 2021,Maricopa,AZ,Passenger,7,5,12,1181,1193,1.01
July 31 2018,Palm Beach,FL,Passenger,0,1,1,84,85,1.18
May 31 2020,Utah,UT,Passenger,0,1,1,138,139,0.72
October 31 2018,Kittitas,WA,Truck,0,0,0,14127,14127,0.00
May 31 2022,Grant,WA,Truck,0,0,0,27986,27986,0.00
December 31 2022,Orange,CA,Passenger,9,3,12,350,362,3.31
November 30 2021,Jefferson,WA,Passenger,371,195,566,24777,25343,2.23
January 31 2020,Spokane,WA,Truck,1,0,1,96886,96887,0.00
April 30 2020,Jefferson,WA,Truck,0,0,0,9530,9530,0.00
July 31 2022,Alameda,CA,Passenger,5,0,5,192,197,2.54
January 31 2019,Carroll,NH,Passenger,0,1,1,1,2,50.00
August 31 2021,Howard,IN,Passenger,0,1,1,5,6,16.67
June 30 2017,Lake,CA,Passenger,0,1,1,15,16,6.25
February 28 2023,Carroll,MD,Passenger,0,1,1,20,21,4.76
May 31 2018,Shelby,TN,Passenger,0,1,1,106,107,0.93
June 30 2017,Whatcom,WA,Passenger,462,175,637,143044,143681,0.44
January 31 2023,Grays Harbor,WA,Truck,2,0,2,21063,21065,0.01
May 31 2023,Clark,WA,Truck,90,0,90,81477,81567,0.11
November 30 2019,Columbia,WA,Passenger,3,2,5,2444,2449,0.20
September 30 2023,Shelby,AL,Passenger,1,0,1,5,6,16.67
August 31 2018,Utah,UT,Passenger,0,1,1,142,143,0.70
May 31 2019,Moore,NC,Passenger,0,1,1,187,188,0.53
July 31 2020,Alexandria,VA,Passenger,2,0,2,136,138,1.45
September 30 2022,Camden,NJ,Passenger,0,1,1,13,14,7.14
November 30 2020,Grays Harbor,WA,Passenger,122,117,239,48534,48773,0.49
August 31 2017,Benton,WA,Passenger,161,147,308,129034,129342,0.24
October 31 2019,District of Columbia,DC,Passenger,1,1,2,208,210,0.95
July 31 2017,Walla Walla,WA,Passenger,27,26,53,34886,34939,0.15
October 31 2023,Onslow,NC,Passenger,0,1,1,127,128,0.78
May 31 2020,Jones,GA,Passenger,1,0,1,1,2,50.00
April 30 2017,Palm Beach,FL,Passenger,0,1,1,99,100,1.00
August 31 2021,Frederick,MD,Passenger,1,1,2,71,73,2.74
October 31 2023,Galveston,TX,Passenger,0,1,1,14,15,6.67
April 30 2018,Lumpkin,GA,Passenger,1,0,1,7,8,12.50
January 31 2020,Randolph,NC,Passenger,1,0,1,7,8,12.50
February 28 2022,Placer,CA,Passenger,2,0,2,75,77,2.60
February 28 2021,Pacific,WA,Truck,0,0,0,7827,7827,0.00
March 31 2019,Lewis,WA,Passenger,95,90,185,58518,58703,0.32
March 31 2020,New Haven,CT,Passenger,0,2,2,40,42,4.76
January 31 2018,Kitsap,WA,Passenger,706,402,1108,176391,177499,0.62
May 31 2018,Pacific,WA,Truck,0,0,0,7587,7587,0.00
May 31 2019,Pierce,WA,Passenger,1751,1519,3270,541957,545227,0.60
April 30 2021,Miami-Dade,FL,Passenger,1,0,1,97,98,1.02
July 31 2023,Deschutes,OR,Passenger,1,0,1,54,55,1.82
October 31 2017,Pacific,WA,Truck,0,0,0,7520,7520,0.00
April 30 2017,Prince George's,MD,Passenger,0,1,1,182,183,0.55
February 28 2019,Whatcom,WA,Truck,2,0,2,42707,42709,0.00
May 31 2021,Alameda,CA,Passenger,4,0,4,247,251,1.59
January 31 2020,Klickitat,WA,Passenger,48,39,87,15679,15766,0.55
August 31 2019,Nassau,NY,Passenger,4,0,4,42,46,8.70
June 30 2023,Deschutes,OR,Passenger,1,0,1,56,57,1.75
December 31 2022,Whatcom,WA,Passenger,2114,807,2921,148795,151716,1.93
October 31 2018,Houston,GA,Passenger,1,0,1,52,53,1.89
April 30 2023,Bartow,GA,Passenger,0,1,1,3,4,25.00
June 30 2020,Snohomish,WA,Truck,0,0,0,123926,123926,0.00
June 30 2017,Grant,WA,Truck,0,0,0,25218,25218,0.00
March 31 2020,Grays Harbor,WA,Truck,0,0,0,20784,20784,0.00
October 31 2018,Montgomery,PA,Passenger,2,0,2,35,37,5.41
August 31 2022,Essex,NJ,Passenger,2,0,2,11,13,15.38
May 31 2022,Rockdale,GA,Passenger,1,0,1,7,8,12.50
August 31 2023,Ray,MO,Passenger,0,1,1,0,1,100.00
August 31 2019,King,WA,Passenger,20002,7202,27204,1392885,1420089,1.92
January 31 2022,Skamania,WA,Truck,0,0,0,3987,3987,0.00
June 30 2022,Ventura,CA,Passenger,1,2,3,243,246,1.22
January 31 2021,Island,WA,Truck,0,0,0,21386,21386,0.00
June 30 2021,Klickitat,WA,Truck,0,0,0,8298,8298,0.00
June 30 2022,St. Louis,MO,Passenger,2,0,2,65,67,2.99
February 28 2017,Moore,NC,Passenger,0,1,1,210,211,0.47
August 31 2022,Rockingham,NH,Passenger,1,0,1,16,17,5.88
July 31 2019,Saginaw,MI,Passenger,1,0,1,12,13,7.69
April 30 2022,Orange,NC,Passenger,0,1,1,8,9,11.11
April 30 2022,Maui,HI,Passenger,1,0,1,25,26,3.85
October 31 2019,Eagle,CO,Passenger,1,0,1,6,7,14.29
May 31 2018,Yakima,WA,Passenger,62,84,146,163639,163785,0.09
January 31 2022,Skamania,WA,Passenger,60,43,103,8304,8407,1.23
December 31 2021,Okanogan,WA,Truck,0,0,0,16684,16684,0.00
September 30 2021,Fresno,CA,Passenger,1,0,1,173,174,0.57
June 30 2022,King,WA,Truck,66,1,67,180860,180927,0.04
November 30 2020,Klickitat,WA,Passenger,62,42,104,14974,15078,0.69
March 31 2020,Fairbanks North Star,AK,Passenger,0,1,1,97,98,1.02
February 28 2018,Moore,NC,Passenger,0,1,1,198,199,0.50
January 31 2022,Williams,ND,Passenger,0,1,1,8,9,11.11
September 30 2022,Polk,OR,Passenger,0,1,1,21,22,4.55
April 30 2022,Kitsap,WA,Passenger,2322,1019,3341,178907,182248,1.83
December 31 2019,El Paso,TX,Passenger,3,0,3,464,467,0.64
January 31 2023,Skagit,WA,Truck,11,0,11,32090,32101,0.03
April 30 2022,Yakima,WA,Truck,0,0,0,61524,61524,0.00
December 31 2020,Adams,WA,Passenger,10,7,17,12958,12975,0.13
September 30 2020,Norfolk,VA,Passenger,2,2,4,351,355,1.13
January 31 2021,Milwaukee,WI,Passenger,1,0,1,43,44,2.27
October 31 2020,Charleston,SC,Passenger,2,0,2,96,98,2.04
August 31 2021,Rockingham,NH,Passenger,1,0,1,21,22,4.55
June 30 2017,Travis,TX,Passenger,1,1,2,193,195,1.03
July 31 2021,Essex,NJ,Passenger,1,0,1,12,13,7.69
January 31 2020,King,WA,Passenger,23194,7619,30813,1398902,1429715,2.16
March 31 2018,Garfield,OK,Passenger,1,0,1,21,22,4.55
February 28 2021,Jefferson,WA,Passenger,295,168,463,24780,25243,1.83
May 31 2018,Clallam,WA,Truck,0,0,0,21412,21412,0.00
February 28 2021,Klickitat,WA,Passenger,65,45,110,14997,15107,0.73
February 29 2020,Snohomish,WA,Passenger,4301,1728,6029,538080,544109,1.11
April 30 2019,Franklin,WA,Passenger,53,67,120,59463,59583,0.20
May 31 2023,Ferry,WA,Truck,0,0,0,3565,3565,0.00
October 31 2018,Shelby,TN,Passenger,0,1,1,106,107,0.93
January 31 2020,Fairfax,VA,Passenger,5,2,7,761,768,0.91
April 30 2020,Solano,CA,Passenger,1,0,1,216,217,0.46
October 31 2021,Hamilton,IN,Passenger,2,0,2,31,33,6.06
January 31 2018,Stevens,WA,Truck,0,0,0,18390,18390,0.00
March 31 2018,Skamania,WA,Truck,0,0,0,3926,3926,0.00
February 29 2020,Montgomery,TX,Passenger,1,0,1,57,58,1.72
July 31 2018,Charleston,SC,Passenger,1,0,1,130,131,0.76
August 31 2021,Dallas,IA,Passenger,0,1,1,9,10,10.00
February 28 2017,Ventura,CA,Passenger,0,2,2,382,384,0.52
June 30 2017,Skagit,WA,Passenger,140,103,243,88069,88312,0.28
January 31 2023,Lincoln,WA,Truck,0,0,0,4845,4845,0.00
August 31 2021,Richland,SC,Passenger,0,1,1,136,137,0.73
November 30 2021,Suffolk,VA,Passenger,1,0,1,122,123,0.81
April 30 2019,Fairfax,VA,Passenger,4,2,6,787,793,0.76
September 30 2017,Grays Harbor,WA,Passenger,38,38,76,45128,45204,0.17
May 31 2023,Franklin,WA,Passenger,301,138,439,62005,62444,0.70
October 31 2023,Harford,MD,Passenger,1,1,2,42,44,4.55
August 31 2022,Sarasota,FL,Passenger,2,0,2,26,28,7.14
June 30 2023,Fairfax,VA,Truck,1,0,1,84,85,1.18
January 31 2021,Collier,FL,Passenger,1,0,1,18,19,5.26
May 31 2021,Powhatan,VA,Passenger,1,0,1,1,2,50.00
October 31 2019,Thurston,WA,Passenger,1006,685,1691,199029,200720,0.84
June 30 2017,Klickitat,WA,Truck,0,0,0,7966,7966,0.00
May 31 2020,Travis,TX,Passenger,3,1,4,184,188,2.13
May 31 2022,Walla Walla,WA,Truck,0,0,0,13968,13968,0.00
September 30 2021,Yamhill,OR,Passenger,1,0,1,35,36,2.78
June 30 2017,Kent,MI,Passenger,0,1,1,37,38,2.63
March 31 2022,Nueces,TX,Passenger,1,1,2,59,61,3.28
September 30 2022,Dallas,TX,Passenger,1,0,1,105,106,0.94
May 31 2019,Williamson,TX,Passenger,0,1,1,146,147,0.68
February 28 2023,Polk,OR,Passenger,1,1,2,18,20,10.00
August 31 2020,Collier,FL,Passenger,1,0,1,19,20,5.00
February 28 2019,Wahkiakum,WA,Passenger,1,1,2,3018,3020,0.07
November 30 2023,Pacific,WA,Passenger,87,99,186,15122,15308,1.22
January 31 2022,Placer,CA,Passenger,2,0,2,76,78,2.56
January 31 2017,Grant,WA,Passenger,16,21,37,60385,60422,0.06
April 30 2017,Skamania,WA,Truck,0,0,0,3874,3874,0.00
April 30 2017,Anne Arundel,MD,Passenger,0,1,1,501,502,0.20
April 30 2019,Yakima,WA,Truck,0,0,0,58945,58945,0.00
March 31 2022,Douglas,WA,Truck,0,0,0,12723,12723,0.00
September 30 2021,New London,CT,Passenger,1,4,5,211,216,2.31
August 31 2020,Fort Bend,TX,Passenger,1,0,1,45,46,2.17
April 30 2020,Arlington,VA,Passenger,0,2,2,156,158,1.27
June 30 2022,Wood,OH,Passenger,0,1,1,5,6,16.67
May 31 2020,Collier,FL,Passenger,1,0,1,19,20,5.00
August 31 2019,Valencia,NM,Passenger,1,0,1,8,9,11.11
July 31 2021,Bartow,GA,Passenger,0,1,1,3,4,25.00
August 31 2021,Cowlitz,WA,Passenger,237,152,389,72102,72491,0.54
October 31 2018,Pima,AZ,Passenger,1,1,2,421,423,0.47
March 31 2017,Bergen,NJ,Passenger,0,2,2,32,34,5.88
November 30 2019,Harnett,NC,Passenger,1,1,2,215,217,0.92
May 31 2020,Nueces,TX,Passenger,1,0,1,81,82,1.22
November 30 2021,Okaloosa,FL,Passenger,0,1,1,117,118,0.85
September 30 2023,Beaufort,SC,Passenger,1,0,1,22,23,4.35
April 30 2017,Thurston,WA,Passenger,385,319,704,185700,186404,0.38
June 30 2022,Berkeley,SC,Passenger,0,1,1,122,123,0.81
November 30 2021,Kern,CA,Passenger,0,1,1,202,203,0.49
March 31 2017,Marion,OR,Passenger,1,0,1,199,200,0.50
May 31 2022,York,VA,Passenger,1,0,1,90,91,1.10
March 31 2022,Sumter,SC,Passenger,0,1,1,29,30,3.33
January 31 2017,Adams,WA,Passenger,1,1,2,12174,12176,0.02
October 31 2020,St. Clair,IL,Passenger,1,0,1,134,135,0.74
October 31 2017,Pinal,AZ,Passenger,2,0,2,225,227,0.88
July 31 2022,Fort Bend,TX,Passenger,1,0,1,24,25,4.00
March 31 2018,Caddo,LA,Passenger,0,1,1,22,23,4.35
April 30 2023,Galveston,TX,Passenger,0,1,1,17,18,5.56
September 30 2021,Wilson,NC,Passenger,1,0,1,0,1,100.00
September 30 2019,Spokane,WA,Truck,1,0,1,95749,95750,0.00
February 28 2019,Cook,IL,Passenger,1,0,1,247,248,0.40
June 30 2017,Fulton,GA,Passenger,1,0,1,114,115,0.87
September 30 2018,Jefferson,CO,Passenger,0,1,1,65,66,1.52
October 31 2022,Wood,OH,Passenger,0,1,1,4,5,20.00
June 30 2022,Gwinnett,GA,Passenger,1,0,1,50,51,1.96
September 30 2017,Cowlitz,WA,Passenger,52,64,116,70269,70385,0.16
November 30 2021,Sedgwick,KS,Passenger,1,1,2,86,88,2.27
July 31 2019,San Juan,WA,Passenger,220,72,292,14441,14733,1.98
August 31 2021,Denton,TX,Passenger,1,0,1,80,81,1.23
January 31 2018,Montgomery,MD,Passenger,1,0,1,303,304,0.33
September 30 2022,Kitsap,WA,Truck,23,0,23,53179,53202,0.04
August 31 2017,Skagit,WA,Truck,1,0,1,31514,31515,0.00
March 31 2022,Franklin,WA,Passenger,179,106,285,62064,62349,0.46
December 31 2019,Harford,MD,Passenger,0,1,1,61,62,1.61
September 30 2018,Flathead,MT,Passenger,1,0,1,54,55,1.82
March 31 2023,Rockingham,NH,Passenger,1,0,1,13,14,7.14
August 31 2017,Palm Beach,FL,Passenger,0,1,1,97,98,1.02
September 30 2019,Dakota,MN,Passenger,0,1,1,37,38,2.63
April 30 2023,Portsmouth,VA,Passenger,0,1,1,71,72,1.39
July 31 2020,Alameda,CA,Passenger,2,0,2,273,275,0.73
May 31 2017,Lincoln,WA,Passenger,2,5,7,7507,7514,0.09
November 30 2017,Volusia,FL,Passenger,0,1,1,41,42,2.38
September 30 2021,Skamania,WA,Passenger,53,39,92,8377,8469,1.09
November 30 2021,Orange,FL,Passenger,2,0,2,106,108,1.85
March 31 2023,Hennepin,MN,Passenger,1,0,1,38,39,2.56
January 31 2023,Kauai,HI,Passenger,1,1,2,15,17,11.76
December 31 2018,Grant,WA,Passenger,32,52,84,64193,64277,0.13
May 31 2020,Skagit,WA,Passenger,400,216,616,91164,91780,0.67
June 30 2018,Kittitas,WA,Truck,0,0,0,14057,14057,0.00
March 31 2018,Santa Rosa,FL,Passenger,1,0,1,102,103,0.97
August 31 2018,Lane,OR,Passenger,0,1,1,184,185,0.54
November 30 2018,Carson City,NV,Passenger,1,0,1,15,16,6.25
January 31 2022,Allen,IN,Passenger,1,0,1,19,20,5.00
December 31 2022,Walla Walla,WA,Passenger,201,105,306,35695,36001,0.85
April 30 2023,Lewis,WA,Passenger,301,197,498,58886,59384,0.84
January 31 2022,El Paso,TX,Passenger,2,0,2,367,369,0.54
May 31 2020,Bexar,TX,Passenger,2,5,7,623,630,1.11
July 31 2023,Benton,WA,Truck,26,0,26,43036,43062,0.06
April 30 2020,Montgomery,TX,Passenger,1,0,1,57,58,1.72
April 30 2022,Washington,MD,Passenger,2,0,2,14,16,12.50
November 30 2023,District of Columbia,DC,Passenger,3,0,3,130,133,2.26
January 31 2021,Oldham,KY,Passenger,0,1,1,4,5,20.00
November 30 2018,Santa Cruz,CA,Passenger,1,0,1,42,43,2.33
June 30 2021,Clark,WA,Passenger,2841,1422,4263,322472,326735,1.30
June 30 2022,Fresno,CA,Passenger,1,0,1,147,148,0.68
September 30 2023,Franklin,WA,Passenger,356,152,508,61440,61948,0.82
January 31 2023,Leavenworth,KS,Passenger,0,1,1,96,97,1.03
March 31 2019,Santa Rosa,FL,Passenger,1,0,1,89,90,1.11
June 30 2019,Shasta,CA,Passenger,1,0,1,45,46,2.17
November 30 2020,Spokane,WA,Passenger,858,541,1399,320181,321580,0.44
June 30 2018,Fairfax,VA,Passenger,3,2,5,835,840,0.60
June 30 2019,Shelby,TN,Passenger,0,1,1,95,96,1.04
February 28 2019,Allegheny,PA,Passenger,1,0,1,88,89,1.12
May 31 2018,Fulton,GA,Passenger,1,1,2,96,98,2.04
September 30 2019,Frederick,MD,Passenger,1,1,2,82,84,2.38
November 30 2020,St. Clair,IL,Passenger,1,0,1,136,137,0.73
July 31 2018,San Juan,WA,Passenger,149,62,211,14112,14323,1.47
January 31 2022,Clackamas,OR,Passenger,2,0,2,162,164,1.22
October 31 2020,Douglas,CO,Passenger,0,1,1,80,81,1.23
December 31 2017,Santa Fe,NM,Passenger,0,1,1,44,45,2.22
September 30 2018,Carroll,NH,Passenger,0,1,1,1,2,50.00
January 31 2022,Penobscot,ME,Passenger,0,1,1,8,9,11.11
August 31 2021,Shelby,OH,Passenger,0,1,1,2,3,33.33
December 31 2021,Elmore,ID,Passenger,1,0,1,19,20,5.00
October 31 2018,Collier,FL,Passenger,1,0,1,20,21,4.76
August 31 2020,Thurston,WA,Passenger,1193,752,1945,197007,198952,0.98
August 31 2018,Franklin,WA,Passenger,36,65,101,58369,58470,0.17
November 30 2023,Franklin,WA,Truck,9,0,9,20053,20062,0.04
December 31 2021,San Juan,WA,Passenger,478,149,627,14183,14810,4.23
September 30 2017,Clark,WA,Truck,0,0,0,77866,77866,0.00
November 30 2021,Columbia,WA,Truck,0,0,0,1551,1551,0.00
January 31 2018,Pacific,WA,Truck,0,0,0,7533,7533,0.00
March 31 2021,Milwaukee,WI,Passenger,1,0,1,42,43,2.33
April 30 2019,Richland,SC,Passenger,0,1,1,162,163,0.61
March 31 2021,Lane,OR,Passenger,0,2,2,134,136,1.47
June 30 2023,Lane,OR,Passenger,0,2,2,68,70,2.86
October 31 2018,Mercer,NJ,Passenger,0,1,1,21,22,4.55
December 31 2021,Juneau,AK,Passenger,0,1,1,27,28,3.57
July 31 2020,Kern,CA,Passenger,0,1,1,221,222,0.45
April 30 2018,Spokane,WA,Truck,1,0,1,92050,92051,0.00
June 30 2022,Bell,TX,Passenger,1,0,1,324,325,0.31
September 30 2017,Skagit,WA,Passenger,148,120,268,88640,88908,0.30
May 31 2022,Pinellas,FL,Passenger,0,1,1,83,84,1.19
January 31 2017,Arlington,VA,Passenger,1,1,2,179,181,1.10
November 30 2019,Moore,NC,Passenger,0,1,1,176,177,0.56
January 31 2021,Douglas,NE,Passenger,1,1,2,55,57,3.51
June 30 2023,Lake,IL,Passenger,3,0,3,115,118,2.54
October 31 2021,Kauai,HI,Passenger,1,0,1,19,20,5.00
April 30 2020,Spokane,WA,Passenger,710,473,1183,316243,317426,0.37
December 31 2021,Klickitat,WA,Passenger,89,53,142,15339,15481,0.92
May 31 2018,Grant,WA,Truck,0,0,0,25863,25863,0.00
September 30 2023,Jefferson,NY,Passenger,2,1,3,167,170,1.76
January 31 2023,Broward,FL,Passenger,1,0,1,70,71,1.41
February 29 2020,Suffolk,MA,Passenger,0,1,1,39,40,2.50
May 31 2019,Calvert,MD,Passenger,0,2,2,86,88,2.27
October 31 2020,Maui,HI,Passenger,2,0,2,30,32,6.25
October 31 2017,Cowlitz,WA,Passenger,54,65,119,70428,70547,0.17
October 31 2022,Honolulu,HI,Passenger,3,3,6,322,328,1.83
October 31 2020,Columbia,WA,Passenger,4,3,7,2438,2445,0.29
May 31 2017,Ventura,CA,Passenger,0,1,1,367,368,0.27
August 31 2022,St. Mary's,MD,Passenger,1,0,1,188,189,0.53
March 31 2021,Okanogan,WA,Truck,0,0,0,16666,16666,0.00
August 31 2023,Cumberland,NC,Passenger,1,3,4,297,301,1.33
March 31 2020,Bucks,PA,Passenger,1,0,1,22,23,4.35
February 28 2023,Gwinnett,GA,Passenger,1,0,1,48,49,2.04
November 30 2021,New Haven,CT,Passenger,0,2,2,32,34,5.88
April 30 2022,Randolph,NC,Passenger,1,0,1,6,7,14.29
November 30 2018,Chelan,WA,Passenger,135,60,195,54061,54256,0.36
September 30 2018,Columbia,WA,Truck,0,0,0,1521,1521,0.00
September 30 2021,Pacific,WA,Passenger,49,57,106,16067,16173,0.66
August 31 2017,Sacramento,CA,Passenger,1,0,1,351,352,0.28
April 30 2022,Pima,AZ,Passenger,1,1,2,245,247,0.81
September 30 2018,Dallas,TX,Passenger,0,1,1,202,203,0.49
May 31 2022,Rogers,OK,Passenger,1,0,1,2,3,33.33
March 31 2018,Sumter,FL,Passenger,0,1,1,10,11,9.09
October 31 2019,Ramsey,MN,Passenger,1,0,1,42,43,2.33
November 30 2018,Douglas,WA,Passenger,49,33,82,27967,28049,0.29
August 31 2023,Stevens,WA,Passenger,124,70,194,29458,29652,0.65
April 30 2021,Spokane,WA,Truck,0,0,0,101903,101903,0.00
December 31 2021,Contra Costa,CA,Passenger,1,4,5,258,263,1.90
May 31 2017,Chelan,WA,Passenger,60,36,96,51876,51972,0.18
April 30 2021,Yakima,WA,Passenger,207,139,346,169194,169540,0.20
July 31 2020,San Diego,CA,Passenger,15,5,20,2765,2785,0.72
September 30 2018,Santa Rosa,FL,Passenger,1,0,1,91,92,1.09
September 30 2019,Wilson,TX,Passenger,0,1,1,7,8,12.50
August 31 2018,Lee,FL,Passenger,1,0,1,59,60,1.67
August 31 2021,Rogers,OK,Passenger,1,0,1,4,5,20.00
July 31 2017,St. Lucie,FL,Passenger,1,0,1,32,33,3.03
March 31 2021,Dallas,IA,Passenger,0,1,1,10,11,9.09
October 31 2023,Sonoma,CA,Passenger,0,1,1,52,53,1.89
November 30 2021,Lincoln,WA,Truck,0,0,0,4809,4809,0.00
September 30 2022,Ventura,CA,Passenger,3,2,5,234,239,2.09
July 31 2023,Lake,IL,Passenger,3,0,3,113,116,2.59
June 30 2019,Kent,MI,Passenger,0,1,1,23,24,4.17
May 31 2017,Santa Fe,NM,Passenger,0,1,1,47,48,2.08
October 31 2018,Madison,ID,Passenger,1,0,1,37,38,2.63
December 31 2022,Dorchester,SC,Passenger,1,0,1,46,47,2.13
November 30 2022,Garfield,WA,Truck,0,0,0,980,980,0.00
June 30 2017,Saratoga,NY,Passenger,1,1,2,74,76,2.63
January 31 2022,Grays Harbor,WA,Passenger,197,158,355,49333,49688,0.71
August 31 2021,Harrison,MS,Passenger,2,0,2,54,56,3.57
January 31 2019,Sumter,FL,Passenger,0,1,1,10,11,9.09
April 30 2019,Clark,WA,Passenger,1414,896,2310,312552,314862,0.73
June 30 2023,Kittitas,WA,Passenger,358,106,464,29283,29747,1.56
January 31 2020,Harris,TX,Passenger,1,0,1,250,251,0.40
December 31 2019,Douglas,WA,Passenger,67,38,105,28294,28399,0.37
July 31 2022,Los Angeles,CA,Passenger,7,8,15,777,792,1.89
January 31 2020,Riverside,CA,Passenger,4,1,5,640,645,0.78
December 31 2022,Franklin,WA,Truck,4,0,4,20967,20971,0.02
February 28 2019,Jefferson,NY,Passenger,0,2,2,224,226,0.88
August 31 2023,Sedgwick,KS,Passenger,1,0,1,51,52,1.92
November 30 2023,Miami-Dade,FL,Passenger,1,0,1,45,46,2.17
June 30 2023,Marin,CA,Passenger,0,1,1,30,31,3.23
June 30 2020,Valencia,NM,Passenger,1,0,1,7,8,12.50
January 31 2023,Benton,WA,Passenger,960,512,1472,135921,137393,1.07
October 31 2017,Kittitas,WA,Passenger,33,23,56,28118,28174,0.20
October 31 2017,Contra Costa,CA,Passenger,0,1,1,484,485,0.21
December 31 2018,Pend Oreille,WA,Passenger,5,5,10,9531,9541,0.10
April 30 2020,Whitman,WA,Passenger,44,48,92,22303,22395,0.41
July 31 2017,King,WA,Passenger,10251,4174,14425,1373159,1387584,1.04
November 30 2017,Grant,WA,Passenger,24,33,57,61890,61947,0.09
June 30 2020,Pend Oreille,WA,Passenger,7,6,13,9241,9254,0.14
February 28 2022,Lincoln,WA,Truck,0,0,0,4843,4843,0.00
November 30 2019,Nassau,NY,Passenger,4,0,4,43,47,8.51
June 30 2018,Bexar,TX,Passenger,2,4,6,755,761,0.79
June 30 2017,Cascade,MT,Passenger,0,1,1,60,61,1.64
May 31 2017,Harnett,NC,Passenger,1,0,1,269,270,0.37
October 31 2017,Canyon,ID,Passenger,0,1,1,94,95,1.05
January 31 2020,Nueces,TX,Passenger,1,0,1,84,85,1.18
October 31 2023,Anne Arundel,MD,Passenger,6,3,9,267,276,3.26
March 31 2023,Yellowstone,MT,Passenger,0,1,1,16,17,5.88
November 30 2023,Rockingham,NH,Passenger,1,0,1,10,11,9.09
March 31 2021,Rogers,OK,Passenger,1,0,1,5,6,16.67
March 31 2021,Shelby,OH,Passenger,0,1,1,1,2,50.00
March 31 2018,DeKalb,IN,Passenger,1,0,1,1,2,50.00
October 31 2022,Chesapeake,VA,Passenger,3,2,5,313,318,1.57
May 31 2023,King,WA,Truck,685,2,687,175808,176495,0.39
September 30 2023,Grant,WA,Truck,12,0,12,27771,27783,0.04
August 31 2021,Onslow,NC,Passenger,0,1,1,184,185,0.54
August 31 2023,St. Louis,MO,Passenger,1,0,1,45,46,2.17
August 31 2017,Arlington,VA,Passenger,1,2,3,169,172,1.74
October 31 2023,Collier,FL,Passenger,1,0,1,10,11,9.09
August 31 2019,Contra Costa,CA,Passenger,2,2,4,364,368,1.09
May 31 2018,Clark,WA,Truck,0,0,0,78912,78912,0.00
July 31 2020,Placer,CA,Passenger,2,0,2,92,94,2.13
March 31 2022,Mason,WA,Passenger,286,171,457,47624,48081,0.95
January 31 2020,Snohomish,WA,Passenger,4243,1717,5960,537840,543800,1.10
April 30 2022,New London,CT,Passenger,2,5,7,200,207,3.38
July 31 2018,Wahkiakum,WA,Truck,0,0,0,1681,1681,0.00
November 30 2023,Calvert,MD,Passenger,1,1,2,62,64,3.12
May 31 2022,Middlesex,MA,Passenger,1,1,2,78,80,2.50
February 29 2020,Lake,CA,Passenger,0,1,1,9,10,10.00
March 31 2020,Clallam,WA,Truck,1,0,1,21811,21812,0.00
January 31 2020,Okanogan,WA,Truck,0,0,0,16554,16554,0.00
May 31 2020,Columbia,WA,Passenger,4,3,7,2406,2413,0.29
May 31 2022,Alameda,CA,Passenger,5,0,5,200,205,2.44
December 31 2021,Salt Lake,UT,Passenger,1,1,2,158,160,1.25
November 30 2023,Richmond,NY,Passenger,1,0,1,4,5,20.00
February 28 2017,Dale,AL,Passenger,0,1,1,65,66,1.52
December 31 2022,Charleston,SC,Passenger,2,2,4,61,65,6.15
May 31 2021,Boulder,CO,Passenger,1,1,2,50,52,3.85
January 31 2019,Montgomery,TX,Passenger,2,0,2,64,66,3.03
September 30 2021,Jefferson,WA,Truck,0,0,0,9618,9618,0.00
March 31 2021,Spokane,WA,Truck,0,0,0,101410,101410,0.00
January 31 2022,Lewis,WA,Passenger,212,165,377,59498,59875,0.63
March 31 2021,Pend Oreille,WA,Passenger,12,6,18,9278,9296,0.19
March 31 2021,Snohomish,WA,Passenger,5380,1929,7309,538790,546099,1.34
June 30 2018,St. Clair,IL,Passenger,0,1,1,153,154,0.65
July 31 2023,Douglas,WA,Truck,6,0,6,13008,13014,0.05
September 30 2022,Grays Harbor,WA,Passenger,224,166,390,48763,49153,0.79
September 30 2020,Montgomery,TX,Passenger,1,0,1,52,53,1.89
January 31 2022,Orange,FL,Passenger,2,0,2,101,103,1.94
December 31 2020,San Francisco,CA,Passenger,1,1,2,98,100,2.00
September 30 2019,San Francisco,CA,Passenger,2,1,3,108,111,2.70
March 31 2021,Williams,ND,Passenger,0,1,1,10,11,9.09
March 31 2020,Powhatan,VA,Passenger,1,0,1,0,1,100.00
January 31 2022,Bexar,TX,Passenger,3,4,7,503,510,1.37
June 30 2018,Montgomery,TX,Passenger,1,0,1,66,67,1.49
July 31 2021,San Diego,CA,Passenger,19,7,26,2572,2598,1.00
November 30 2020,Yakima,WA,Passenger,167,122,289,166991,167280,0.17
September 30 2023,Clallam,WA,Truck,19,0,19,21475,21494,0.09
September 30 2019,Allegheny,PA,Passenger,1,0,1,84,85,1.18
July 31 2017,Polk,FL,Passenger,1,0,1,64,65,1.54
February 28 2021,Erie,NY,Passenger,1,0,1,45,46,2.17
October 31 2022,Gwinnett,GA,Passenger,1,0,1,51,52,1.92
October 31 2017,Eagle,CO,Passenger,1,0,1,7,8,12.50
April 30 2021,Garfield,WA,Passenger,0,2,2,1374,1376,0.15
September 30 2020,Cumberland,NC,Passenger,0,3,3,466,469,0.64
March 31 2022,Grays Harbor,WA,Truck,0,0,0,21360,21360,0.00
March 31 2017,Snohomish,WA,Passenger,1656,848,2504,513355,515859,0.49
August 31 2019,Alameda,CA,Passenger,4,1,5,298,303,1.65
December 31 2019,Prince George's,MD,Passenger,1,1,2,175,177,1.13
December 31 2020,San Mateo,CA,Passenger,1,1,2,116,118,1.69
August 31 2020,Okaloosa,FL,Passenger,0,1,1,147,148,0.68
June 30 2017,Albemarle,VA,Passenger,0,1,1,32,33,3.03
April 30 2022,Richmond,GA,Passenger,0,1,1,72,73,1.37
April 30 2023,Nassau,NY,Passenger,2,0,2,24,26,7.69
November 30 2023,Kitsap,WA,Passenger,3759,1435,5194,170589,175783,2.95
January 31 2017,Skagit,WA,Truck,1,0,1,31404,31405,0.00
November 30 2018,Columbia,WA,Truck,0,0,0,1516,1516,0.00
July 31 2020,Collin,TX,Passenger,2,1,3,124,127,2.36
September 30 2022,Kings,CA,Passenger,2,1,3,300,303,0.99
October 31 2020,Skamania,WA,Truck,0,0,0,3994,3994,0.00
April 30 2021,Milwaukee,WI,Passenger,1,0,1,42,43,2.33
February 28 2021,Lake,IL,Passenger,2,0,2,162,164,1.22
August 31 2019,Brevard,FL,Passenger,0,1,1,89,90,1.11
January 31 2019,Jefferson,CO,Passenger,0,2,2,63,65,3.08
March 31 2023,Walla Walla,WA,Passenger,209,111,320,35544,35864,0.89
October 31 2019,Walla Walla,WA,Passenger,62,62,124,36324,36448,0.34
December 31 2017,Stevens,WA,Passenger,10,21,31,31529,31560,0.10
February 28 2018,Clark,NV,Passenger,2,2,4,746,750,0.53
June 30 2023,Pend Oreille,WA,Passenger,30,13,43,8883,8926,0.48
December 31 2022,Kings,CA,Passenger,2,1,3,292,295,1.02
March 31 2023,Charles,MD,Passenger,1,1,2,55,57,3.51
December 31 2017,Hardin,KY,Passenger,0,1,1,116,117,0.85
November 30 2023,Washington,MD,Passenger,1,0,1,13,14,7.14
October 31 2017,Mercer,NJ,Passenger,0,1,1,18,19,5.26
January 31 2023,Snohomish,WA,Truck,113,0,113,122428,122541,0.09
February 28 2023,Charles,MD,Passenger,1,1,2,55,57,3.51
May 31 2020,Garfield,WA,Passenger,0,1,1,1346,1347,0.07
August 31 2018,Dallas,TX,Passenger,0,1,1,202,203,0.49
August 31 2023,Yavapai,AZ,Passenger,0,1,1,17,18,5.56
October 31 2023,Kitsap,WA,Truck,92,0,92,51096,51188,0.18
November 30 2023,Berkeley,SC,Passenger,1,1,2,84,86,2.33
February 28 2022,Clackamas,OR,Passenger,2,0,2,162,164,1.22
October 31 2019,RÃ­o Grande,PR,Passenger,1,0,1,1,2,50.00
November 30 2022,Hudson,NJ,Passenger,1,0,1,33,34,2.94
November 30 2019,Flathead,MT,Passenger,1,0,1,71,72,1.39
November 30 2023,Albemarle,VA,Passenger,1,0,1,13,14,7.14
April 30 2021,Dallas,IA,Passenger,0,1,1,9,10,10.00
June 30 2017,Kitsap,WA,Passenger,605,319,924,173373,174297,0.53
August 31 2023,Clallam,WA,Passenger,597,300,897,48760,49657,1.81
March 31 2022,Fresno,CA,Passenger,1,0,1,159,160,0.62
November 30 2019,El Paso,TX,Passenger,3,0,3,469,472,0.64
December 31 2021,El Paso,CO,Passenger,3,1,4,665,669,0.60
February 28 2019,Travis,TX,Passenger,3,1,4,206,210,1.90
December 31 2019,Allegheny,PA,Passenger,1,0,1,80,81,1.23
June 30 2021,Orange,FL,Passenger,1,0,1,113,114,0.88
August 31 2022,Yellowstone,MT,Passenger,0,1,1,21,22,4.55
October 31 2021,Juneau,AK,Passenger,0,1,1,27,28,3.57
January 31 2023,Marion,IA,Passenger,1,0,1,0,1,100.00
June 30 2020,St. Mary's,MD,Passenger,1,0,1,220,221,0.45
September 30 2018,King,WA,Truck,7,1,8,182846,182854,0.00
June 30 2017,Santa Clara,CA,Passenger,5,2,7,406,413,1.69
January 31 2018,Allegheny,PA,Passenger,1,0,1,84,85,1.18
March 31 2023,Pend Oreille,WA,Truck,0,0,0,5590,5590,0.00
May 31 2021,Allegheny,PA,Passenger,1,1,2,70,72,2.78
June 30 2022,San Mateo,CA,Passenger,2,0,2,86,88,2.27
December 31 2021,Suffolk,VA,Passenger,1,0,1,124,125,0.80
July 31 2023,Anne Arundel,MD,Passenger,6,3,9,286,295,3.05
June 30 2021,Orange,NC,Passenger,0,1,1,11,12,8.33
June 30 2021,Kings,NY,Passenger,1,0,1,69,70,1.43
September 30 2020,Flathead,MT,Passenger,1,0,1,63,64,1.56
September 30 2023,Boulder,CO,Passenger,2,0,2,26,28,7.14
February 29 2020,Fairfax,VA,Passenger,5,3,8,757,765,1.05
May 31 2021,Lewis,WA,Passenger,157,135,292,59801,60093,0.49
November 30 2019,Honolulu,HI,Passenger,4,2,6,495,501,1.20
May 31 2021,Grant,WA,Truck,0,0,0,27869,27869,0.00
November 30 2021,Bexar,TX,Passenger,3,4,7,513,520,1.35
January 31 2022,Snohomish,WA,Truck,3,0,3,125271,125274,0.00
February 28 2022,Richmond,NY,Passenger,1,0,1,4,5,20.00
August 31 2018,Hardin,KY,Passenger,0,1,1,117,118,0.85
May 31 2023,Hardin,KY,Passenger,1,0,1,55,56,1.79
October 31 2022,Oldham,KY,Passenger,0,1,1,4,5,20.00
November 30 2020,Bexar,TX,Passenger,4,5,9,589,598,1.51
January 31 2021,Prince William,VA,Passenger,1,1,2,221,223,0.90
June 30 2021,Maricopa,AZ,Passenger,6,5,11,1236,1247,0.88
July 31 2021,Fresno,CA,Passenger,1,0,1,177,178,0.56
April 30 2018,Northampton,PA,Passenger,0,1,1,64,65,1.54
January 31 2021,Deschutes,OR,Passenger,2,0,2,127,129,1.55
January 31 2023,Harnett,NC,Passenger,2,0,2,143,145,1.38
November 30 2019,Douglas,NE,Passenger,0,1,1,61,62,1.61
August 31 2017,Pierce,WA,Truck,0,0,0,137219,137219,0.00
November 30 2019,Kitsap,WA,Passenger,1189,649,1838,182207,184045,1.00
March 31 2017,Douglas,OR,Passenger,0,1,1,75,76,1.32
January 31 2019,Columbia,WA,Passenger,2,2,4,2424,2428,0.16
April 30 2022,Charles,MD,Passenger,0,1,1,60,61,1.64
January 31 2023,Lake,IL,Passenger,1,0,1,125,126,0.79
September 30 2020,Manassas,VA,Passenger,0,1,1,6,7,14.29
October 31 2022,Currituck,NC,Passenger,1,0,1,17,18,5.56
January 31 2020,Denton,TX,Passenger,1,0,1,91,92,1.09
July 31 2020,Powhatan,VA,Passenger,1,0,1,0,1,100.00
January 31 2023,Harris,TX,Passenger,1,0,1,134,135,0.74
May 31 2018,Jefferson,NY,Passenger,1,1,2,228,230,0.87
June 30 2020,Klickitat,WA,Truck,0,0,0,8101,8101,0.00
August 31 2018,Benton,WA,Passenger,189,198,387,132200,132587,0.29
May 31 2020,Ventura,CA,Passenger,1,1,2,298,300,0.67
December 31 2020,Montgomery,MD,Passenger,1,0,1,233,234,0.43
November 30 2022,Washtenaw,MI,Passenger,0,1,1,23,24,4.17
August 31 2020,Santa Cruz,CA,Passenger,1,0,1,34,35,2.86
April 30 2021,Whitman,WA,Truck,0,0,0,8568,8568,0.00
September 30 2020,Travis,TX,Passenger,3,1,4,175,179,2.23
December 31 2020,Skagit,WA,Passenger,497,238,735,91408,92143,0.80
November 30 2020,Harris,TX,Passenger,1,0,1,228,229,0.44
April 30 2019,Columbia,WA,Passenger,2,2,4,2442,2446,0.16
June 30 2020,Monterey,CA,Passenger,0,1,1,164,165,0.61
January 31 2017,Howard,MD,Passenger,0,2,2,92,94,2.13
August 31 2022,Harnett,NC,Passenger,2,0,2,153,155,1.29
August 31 2021,Hudson,NJ,Passenger,1,0,1,43,44,2.27
November 30 2021,Sevier,AR,Passenger,0,1,1,0,1,100.00
February 28 2021,Bradley,TN,Passenger,1,0,1,0,1,100.00
July 31 2020,St. Louis,MO,Passenger,1,0,1,100,101,0.99
July 31 2022,Fairfax,VA,Passenger,6,3,9,615,624,1.44
February 29 2020,King,WA,Passenger,23444,7674,31118,1400012,1431130,2.17
May 31 2017,King,WA,Truck,8,1,9,188253,188262,0.00
November 30 2020,Honolulu,HI,Passenger,5,2,7,452,459,1.53
October 31 2022,Philadelphia,PA,Passenger,1,0,1,45,46,2.17
January 31 2023,Maui,HI,Passenger,1,0,1,25,26,3.85
January 31 2020,Mason,WA,Truck,0,0,0,20562,20562,0.00
November 30 2020,El Paso,TX,Passenger,3,0,3,412,415,0.72
September 30 2018,Mason,WA,Truck,0,0,0,20088,20088,0.00
June 30 2023,Grant,WA,Truck,11,0,11,28080,28091,0.04
January 31 2018,Cowlitz,WA,Truck,0,0,0,28200,28200,0.00
January 31 2018,Adams,WA,Passenger,4,4,8,12439,12447,0.06
June 30 2021,Platte,MO,Passenger,1,0,1,20,21,4.76
December 31 2018,Hardin,KY,Passenger,0,1,1,105,106,0.94
July 31 2022,Stafford,VA,Passenger,2,1,3,88,91,3.30
July 31 2022,Yellowstone,MT,Passenger,0,1,1,22,23,4.35
January 31 2023,Charleston,SC,Passenger,2,2,4,60,64,6.25
February 29 2020,Monroe,IL,Passenger,1,0,1,3,4,25.00
April 30 2019,Thurston,WA,Truck,0,0,0,55022,55022,0.00
February 28 2021,Ventura,CA,Passenger,1,2,3,283,286,1.05
October 31 2023,Adams,WA,Truck,3,0,3,5197,5200,0.06
June 30 2020,Houston,GA,Passenger,1,0,1,55,56,1.79
January 31 2022,St. Clair,IL,Passenger,2,0,2,118,120,1.67
March 31 2019,District of Columbia,DC,Passenger,1,1,2,201,203,0.99
July 31 2021,Jones,GA,Passenger,1,0,1,1,2,50.00
July 31 2021,Orange,FL,Passenger,2,0,2,109,111,1.80
April 30 2023,Washington,MD,Passenger,2,0,2,13,15,13.33
March 31 2021,Sarasota,FL,Passenger,2,0,2,28,30,6.67
February 29 2020,Rogers,OK,Passenger,1,0,1,6,7,14.29
January 31 2020,Valencia,NM,Passenger,1,0,1,7,8,12.50
June 30 2023,Hawaii,HI,Passenger,1,0,1,31,32,3.12
September 30 2017,Whatcom,WA,Passenger,496,190,686,143841,144527,0.47
March 31 2018,Bexar,TX,Passenger,2,2,4,793,797,0.50
April 30 2022,Arapahoe,CO,Passenger,0,1,1,89,90,1.11
May 31 2023,Skagit,WA,Truck,19,0,19,31911,31930,0.06
December 31 2021,Bexar,TX,Passenger,3,4,7,509,516,1.36
July 31 2021,Richland,SC,Passenger,0,1,1,137,138,0.72
June 30 2022,Currituck,NC,Passenger,1,0,1,21,22,4.55
January 31 2022,Kauai,HI,Passenger,1,0,1,19,20,5.00
January 31 2023,Polk,OR,Passenger,1,1,2,18,20,10.00
October 31 2020,Eagle,CO,Passenger,1,0,1,9,10,10.00
April 30 2019,Cook,IL,Passenger,1,0,1,249,250,0.40
April 30 2022,Wake,NC,Passenger,1,0,1,101,102,0.98
October 31 2021,Prince George's,MD,Passenger,2,1,3,146,149,2.01
October 31 2018,Montgomery,TX,Passenger,2,0,2,65,67,2.99
January 31 2017,Norfolk,VA,Passenger,1,1,2,306,308,0.65
November 30 2019,Collin,TX,Passenger,2,1,3,137,140,2.14
September 30 2019,Kootenai,ID,Passenger,1,1,2,223,225,0.89
October 31 2021,Clackamas,OR,Passenger,2,0,2,169,171,1.17
September 30 2019,Owyhee,ID,Passenger,1,0,1,4,5,20.00
August 31 2019,Pacific,WA,Passenger,23,29,52,16041,16093,0.32
July 31 2020,Adams,WA,Passenger,9,7,16,12862,12878,0.12
April 30 2022,Garfield,WA,Passenger,0,3,3,1328,1331,0.23
May 31 2022,Lewis,WA,Truck,0,0,0,26416,26416,0.00
September 30 2022,Klickitat,WA,Passenger,109,53,162,15130,15292,1.06
September 30 2017,Mason,WA,Passenger,61,73,134,44173,44307,0.30
March 31 2020,Honolulu,HI,Passenger,4,2,6,481,487,1.23
December 31 2020,Harnett,NC,Passenger,1,0,1,195,196,0.51
December 31 2022,James City,VA,Passenger,1,0,1,39,40,2.50
August 31 2021,Nueces,TX,Passenger,1,0,1,69,70,1.43
November 30 2022,Placer,CA,Passenger,2,0,2,66,68,2.94
November 30 2023,Douglas,NE,Passenger,1,1,2,24,26,7.69
August 31 2020,Kent,MI,Passenger,0,1,1,26,27,3.70
February 28 2017,St. Lucie,FL,Passenger,1,0,1,31,32,3.12
November 30 2020,Powhatan,VA,Passenger,1,0,1,0,1,100.00
December 31 2018,Benton,WA,Passenger,226,235,461,132917,133378,0.35
April 30 2017,Pierce,WA,Truck,0,0,0,137808,137808,0.00
November 30 2018,Okanogan,WA,Truck,0,0,0,16492,16492,0.00
November 30 2017,Allegheny,PA,Passenger,1,0,1,92,93,1.08
March 31 2022,Lincoln,WA,Passenger,7,18,25,7666,7691,0.33
April 30 2017,Cowlitz,WA,Truck,0,0,0,27854,27854,0.00
November 30 2020,Denver,CO,Passenger,1,0,1,114,115,0.87
November 30 2019,Hudson,NJ,Passenger,1,0,1,40,41,2.44
July 31 2022,Queens,NY,Passenger,1,0,1,45,46,2.17
October 31 2022,Arlington,VA,Passenger,1,0,1,116,117,0.85
November 30 2020,Dallas,IA,Passenger,0,1,1,10,11,9.09
July 31 2020,Santa Cruz,CA,Passenger,1,0,1,33,34,2.94
December 31 2020,Monroe,IL,Passenger,1,0,1,2,3,33.33
April 30 2018,,,Passenger,4,2,6,432,438,1.37
December 31 2019,Klickitat,WA,Truck,0,0,0,8317,8317,0.00
March 31 2019,Santa Clara,CA,Passenger,8,1,9,370,379,2.37
January 31 2017,Stevens,WA,Passenger,6,21,27,31525,31552,0.09
February 28 2021,Chelan,WA,Passenger,301,88,389,54484,54873,0.71
July 31 2019,Klamath,OR,Passenger,1,0,1,39,40,2.50
January 31 2020,St. Mary's,MD,Passenger,1,0,1,215,216,0.46
March 31 2021,DuPage,IL,Passenger,2,1,3,57,60,5.00
March 31 2018,Carroll,NH,Passenger,0,1,1,1,2,50.00
November 30 2020,Penobscot,ME,Passenger,0,1,1,11,12,8.33
June 30 2020,Owyhee,ID,Passenger,1,0,1,3,4,25.00
July 31 2021,Lincoln,WA,Passenger,6,15,21,7719,7740,0.27
April 30 2018,Skagit,WA,Truck,1,0,1,31981,31982,0.00
November 30 2018,Island,WA,Truck,0,0,0,21166,21166,0.00
April 30 2020,Pacific,WA,Truck,0,0,0,7664,7664,0.00
August 31 2021,Ferry,WA,Truck,0,0,0,3633,3633,0.00
December 31 2021,Henrico,VA,Passenger,0,1,1,13,14,7.14
February 28 2022,Sumter,SC,Passenger,0,1,1,30,31,3.23
May 31 2022,Sarpy,NE,Passenger,1,0,1,58,59,1.69
May 31 2023,Albemarle,VA,Passenger,1,0,1,14,15,6.67
May 31 2021,Sevier,AR,Passenger,0,1,1,0,1,100.00
November 30 2021,Asotin,WA,Passenger,21,17,38,12748,12786,0.30
July 31 2022,Lincoln,WA,Passenger,9,16,25,7711,7736,0.32
August 31 2019,Prince George's,MD,Passenger,1,1,2,179,181,1.10
July 31 2018,Garfield,WA,Truck,0,0,0,955,955,0.00
May 31 2020,Duval,FL,Passenger,0,2,2,364,366,0.55
May 31 2021,Franklin,WA,Truck,0,0,0,20652,20652,0.00
October 31 2020,Platte,MO,Passenger,1,0,1,20,21,4.76
October 31 2018,Tulsa,OK,Passenger,1,1,2,50,52,3.85
July 31 2022,Wood,OH,Passenger,0,1,1,4,5,20.00
June 30 2019,Sumter,FL,Passenger,0,1,1,10,11,9.09
October 31 2020,Kitsap,WA,Passenger,1464,729,2193,179654,181847,1.21
July 31 2017,Riverside,CA,Passenger,1,1,2,784,786,0.25
November 30 2018,St. Clair,IL,Passenger,0,1,1,162,163,0.61
July 31 2020,Shelby,TN,Passenger,0,1,1,88,89,1.12
October 31 2023,Grays Harbor,WA,Passenger,346,212,558,47327,47885,1.17
June 30 2019,Virginia Beach,VA,Passenger,1,0,1,714,715,0.14
May 31 2022,San Juan,WA,Passenger,499,152,651,14085,14736,4.42
January 31 2019,Hardin,KY,Passenger,0,1,1,102,103,0.97
December 31 2021,Carson City,NV,Passenger,1,0,1,9,10,10.00
March 31 2023,Lincoln,OR,Passenger,0,1,1,13,14,7.14
July 31 2023,Galveston,TX,Passenger,0,1,1,15,16,6.25
June 30 2022,Rock Island,IL,Passenger,0,1,1,11,12,8.33
February 28 2022,Randolph,NC,Passenger,1,0,1,6,7,14.29
April 30 2018,Clark,WA,Truck,0,0,0,78731,78731,0.00
February 28 2017,Stevens,WA,Truck,0,0,0,18331,18331,0.00
September 30 2023,Garfield,OK,Passenger,1,0,1,12,13,7.69
February 28 2021,Whatcom,WA,Passenger,1277,572,1849,150002,151851,1.22
January 31 2023,Multnomah,OR,Passenger,1,2,3,464,467,0.64
March 31 2018,Shelby,TN,Passenger,0,1,1,104,105,0.95
November 30 2021,Sacramento,CA,Passenger,2,0,2,237,239,0.84
October 31 2018,Howard,MD,Passenger,0,1,1,88,89,1.12
May 31 2018,Charles,MD,Passenger,0,1,1,85,86,1.16
June 30 2023,Newport News,VA,Passenger,1,0,1,96,97,1.03
October 31 2021,Sumter,SC,Passenger,0,1,1,33,34,2.94
August 31 2020,Bradley,TN,Passenger,1,0,1,1,2,50.00
January 31 2019,Grant,WA,Truck,0,0,0,26324,26324,0.00
October 31 2020,Adams,WA,Truck,0,0,0,5335,5335,0.00
September 30 2020,Okanogan,WA,Truck,0,0,0,16542,16542,0.00
February 28 2017,Los Angeles,CA,Passenger,3,1,4,1386,1390,0.29
December 31 2020,Frederick,MD,Passenger,1,1,2,73,75,2.67
December 31 2021,Richland,SC,Passenger,0,2,2,136,138,1.45
December 31 2021,Walla Walla,WA,Truck,0,0,0,14089,14089,0.00
November 30 2023,James City,VA,Passenger,1,0,1,36,37,2.70
January 31 2018,Contra Costa,CA,Passenger,0,1,1,463,464,0.22
August 31 2021,Mason,WA,Passenger,227,147,374,48062,48436,0.77
April 30 2018,Clark,NV,Passenger,2,2,4,753,757,0.53
September 30 2018,Broward,FL,Passenger,1,1,2,137,139,1.44
January 31 2023,Adams,WA,Passenger,22,11,33,13008,13041,0.25
April 30 2021,Klickitat,WA,Passenger,67,47,114,15183,15297,0.75
June 30 2020,Clark,NV,Passenger,3,2,5,687,692,0.72
December 31 2020,Clackamas,OR,Passenger,3,0,3,181,184,1.63
July 31 2023,Arlington,VA,Passenger,1,0,1,108,109,0.92
January 31 2019,Camden,NJ,Passenger,0,1,1,27,28,3.57
January 31 2023,Jackson,OK,Passenger,0,1,1,30,31,3.23
July 31 2019,Frederick,MD,Passenger,1,1,2,83,85,2.35
February 28 2019,Asotin,WA,Truck,0,0,0,6643,6643,0.00
April 30 2023,Garfield,WA,Truck,0,0,0,981,981,0.00
July 31 2021,Saratoga,NY,Passenger,1,0,1,43,44,2.27
December 31 2017,Grant,WA,Passenger,26,35,61,62098,62159,0.10
June 30 2019,Nantucket,MA,Passenger,1,0,1,2,3,33.33
February 28 2021,Grant,WA,Truck,0,0,0,27658,27658,0.00
November 30 2022,Thurston,WA,Passenger,2553,1115,3668,192349,196017,1.87
June 30 2020,Ramsey,MN,Passenger,1,0,1,41,42,2.38
December 31 2019,Grays Harbor,WA,Truck,0,0,0,20769,20769,0.00
February 28 2017,Mason,WA,Passenger,47,63,110,42774,42884,0.26
January 31 2020,Sarasota,FL,Passenger,2,0,2,28,30,6.67
January 31 2023,Lee,FL,Passenger,1,0,1,31,32,3.12
February 29 2020,Lake,FL,Passenger,1,0,1,22,23,4.35
December 31 2018,Stevens,WA,Passenger,16,27,43,31777,31820,0.14
October 31 2020,Asotin,WA,Passenger,17,14,31,12397,12428,0.25
July 31 2020,Columbia,WA,Truck,0,0,0,1540,1540,0.00
March 31 2020,Washington,OR,Passenger,1,0,1,461,462,0.22
May 31 2018,Flathead,MT,Passenger,1,0,1,53,54,1.85
May 31 2018,Stevens,WA,Passenger,11,25,36,31562,31598,0.11
August 31 2019,Oklahoma,OK,Passenger,0,1,1,129,130,0.77
January 31 2017,Hamilton,IN,Passenger,1,0,1,73,74,1.35
June 30 2021,Oldham,KY,Passenger,0,1,1,4,5,20.00
December 31 2022,Berkeley,SC,Passenger,0,1,1,117,118,0.85
January 31 2019,Bucks,PA,Passenger,1,0,1,18,19,5.26
February 28 2022,Duval,FL,Passenger,0,2,2,314,316,0.63
May 31 2018,Island,WA,Passenger,187,178,365,62425,62790,0.58
November 30 2023,Asotin,WA,Passenger,40,24,64,11989,12053,0.53
February 28 2019,Virginia Beach,VA,Passenger,2,1,3,698,701,0.43
July 31 2019,Alameda,CA,Passenger,4,2,6,307,313,1.92
March 31 2023,Essex,MA,Passenger,1,0,1,16,17,5.88
August 31 2019,Ferry,WA,Passenger,5,2,7,4415,4422,0.16
November 30 2019,New London,CT,Passenger,0,2,2,244,246,0.81
March 31 2017,Dallas,TX,Passenger,1,1,2,208,210,0.95
August 31 2019,Washoe,NV,Passenger,2,0,2,116,118,1.69
April 30 2022,Larimer,CO,Passenger,1,0,1,47,48,2.08
February 28 2018,Mason,WA,Passenger,64,80,144,45044,45188,0.32
January 31 2018,Prince George's,MD,Passenger,0,1,1,180,181,0.55
October 31 2021,Benton,WA,Passenger,594,426,1020,135966,136986,0.74
June 30 2018,Island,WA,Truck,0,0,0,20943,20943,0.00
March 31 2020,Loudoun,VA,Passenger,1,0,1,88,89,1.12
August 31 2021,St. Louis,MO,Passenger,1,0,1,82,83,1.20
December 31 2022,Virginia Beach,VA,Passenger,4,1,5,477,482,1.04
October 31 2023,Monterey,CA,Passenger,1,1,2,98,100,2.00
December 31 2018,Montgomery,TX,Passenger,2,0,2,65,67,2.99
November 30 2019,Shelby,TN,Passenger,0,1,1,99,100,1.00
January 31 2023,Nassau,NY,Passenger,2,0,2,24,26,7.69
November 30 2023,Wichita,TX,Passenger,2,0,2,28,30,6.67
June 30 2023,Columbia,WA,Passenger,11,1,12,2411,2423,0.50
November 30 2020,Cumberland,NC,Passenger,0,3,3,460,463,0.65
December 31 2017,Clark,WA,Passenger,851,573,1424,304255,305679,0.47
February 28 2019,Grays Harbor,WA,Passenger,66,79,145,47452,47597,0.30
September 30 2019,Polk,FL,Passenger,1,0,1,67,68,1.47
April 30 2018,Carroll,NH,Passenger,0,1,1,1,2,50.00
June 30 2023,Rock Island,IL,Passenger,0,1,1,10,11,9.09
February 28 2023,Champaign,IL,Passenger,1,0,1,13,14,7.14
November 30 2021,Owyhee,ID,Passenger,1,0,1,2,3,33.33
February 28 2023,Goochland,VA,Passenger,1,2,3,62,65,4.62
July 31 2018,Stevens,WA,Truck,0,0,0,18647,18647,0.00
May 31 2022,Douglas,WA,Passenger,131,58,189,28507,28696,0.66
February 28 2022,San Juan,WA,Passenger,485,152,637,14171,14808,4.30
September 30 2021,Kitsap,WA,Passenger,1992,906,2898,180690,183588,1.58
August 31 2018,Grays Harbor,WA,Passenger,54,65,119,46986,47105,0.25
December 31 2020,Cowlitz,WA,Truck,0,0,0,28929,28929,0.00
April 30 2020,Walla Walla,WA,Truck,0,0,0,13619,13619,0.00
April 30 2022,San Mateo,CA,Passenger,2,0,2,86,88,2.27
May 31 2020,Shelby,TN,Passenger,0,1,1,89,90,1.11
August 31 2023,Houston,GA,Passenger,1,0,1,26,27,3.70
August 31 2020,Jefferson,CO,Passenger,0,1,1,58,59,1.69
April 30 2019,Juneau,AK,Passenger,0,2,2,31,33,6.06
October 31 2023,Albemarle,VA,Passenger,1,0,1,13,14,7.14
November 30 2019,Valencia,NM,Passenger,1,0,1,7,8,12.50
August 31 2022,El Paso,CO,Passenger,3,1,4,589,593,0.67
November 30 2020,Benton,WA,Truck,0,0,0,43110,43110,0.00
June 30 2018,,,Passenger,3,2,5,426,431,1.16
March 31 2022,Baltimore,MD,Passenger,1,0,1,80,81,1.23
February 29 2020,Clay,FL,Passenger,0,1,1,84,85,1.18
November 30 2020,Marion,IA,Passenger,1,0,1,1,2,50.00
June 30 2021,Santa Cruz,CA,Passenger,1,0,1,27,28,3.57
May 31 2017,Orleans,LA,Passenger,0,1,1,49,50,2.00
January 31 2018,Madison,ID,Passenger,1,0,1,39,40,2.50
October 31 2020,Bradley,TN,Passenger,1,0,1,0,1,100.00
September 30 2018,Cowlitz,WA,Truck,0,0,0,28599,28599,0.00
October 31 2021,Pinellas,FL,Passenger,0,1,1,97,98,1.02
January 31 2022,Cumberland,NC,Passenger,1,4,5,402,407,1.23
April 30 2018,Lee,AL,Passenger,1,0,1,32,33,3.03
May 31 2017,Middlesex,MA,Passenger,1,0,1,148,149,0.67
April 30 2017,Hawaii,HI,Passenger,1,0,1,85,86,1.16
November 30 2018,Tulsa,OK,Passenger,1,1,2,50,52,3.85
October 31 2020,Nassau,NY,Passenger,4,0,4,31,35,11.43
March 31 2021,Erie,NY,Passenger,1,0,1,43,44,2.27
November 30 2020,Island,WA,Passenger,480,288,768,62884,63652,1.21
August 31 2020,Washington,OR,Passenger,1,0,1,438,439,0.23
February 28 2018,Tarrant,TX,Passenger,1,0,1,229,230,0.43
May 31 2017,Norfolk,VA,Passenger,1,1,2,310,312,0.64
July 31 2021,Alexandria,VA,Passenger,2,0,2,121,123,1.63
September 30 2023,Richmond,GA,Passenger,0,1,1,55,56,1.79
March 31 2023,Essex,NJ,Passenger,2,0,2,8,10,20.00
April 30 2023,Plaquemines,LA,Passenger,1,1,2,17,19,10.53
February 29 2020,Bexar,TX,Passenger,2,5,7,654,661,1.06
May 31 2017,Whatcom,WA,Truck,2,0,2,41518,41520,0.00
August 31 2021,El Paso,CO,Passenger,3,1,4,678,682,0.59
October 31 2021,Douglas,CO,Passenger,0,1,1,84,85,1.18
June 30 2022,Loudoun,VA,Passenger,2,1,3,64,67,4.48
July 31 2018,Camden,NJ,Passenger,0,1,1,32,33,3.03
April 30 2022,Washtenaw,MI,Passenger,0,1,1,28,29,3.45
June 30 2023,New Haven,CT,Passenger,0,2,2,26,28,7.14
November 30 2020,King,WA,Passenger,26595,8082,34677,1370803,1405480,2.47
May 31 2017,Clark,WA,Passenger,770,489,1259,298792,300051,0.42
September 30 2022,Franklin,WA,Passenger,231,112,343,61868,62211,0.55
October 31 2022,Benton,WA,Passenger,866,486,1352,135678,137030,0.99
December 31 2018,Island,WA,Passenger,276,226,502,63156,63658,0.79
December 31 2019,Franklin,WA,Truck,0,0,0,19776,19776,0.00
March 31 2022,Mason,WA,Truck,0,0,0,21158,21158,0.00
June 30 2020,San Diego,CA,Passenger,15,6,21,2762,2783,0.75
June 30 2021,Lincoln,WA,Truck,0,0,0,4753,4753,0.00
January 31 2018,Brevard,FL,Passenger,0,1,1,105,106,0.94
June 30 2022,Goochland,VA,Passenger,3,3,6,123,129,4.65
March 31 2020,Richland,SC,Passenger,0,1,1,155,156,0.64
May 31 2022,San Joaquin,CA,Passenger,1,1,2,97,99,2.02
March 31 2022,Salt Lake,UT,Passenger,1,1,2,150,152,1.32
August 31 2020,Shasta,CA,Passenger,1,0,1,38,39,2.56
April 30 2023,Houston,GA,Passenger,1,0,1,26,27,3.70
January 31 2021,Saginaw,MI,Passenger,2,0,2,11,13,15.38
March 31 2018,Jefferson,WA,Truck,0,0,0,9513,9513,0.00
April 30 2018,Prince George's,MD,Passenger,1,1,2,186,188,1.06
July 31 2018,Ventura,CA,Passenger,0,2,2,318,320,0.62
February 28 2021,Walla Walla,WA,Passenger,105,69,174,36132,36306,0.48
April 30 2020,Wahkiakum,WA,Truck,0,0,0,1760,1760,0.00
March 31 2018,Yakima,WA,Truck,0,0,0,58172,58172,0.00
December 31 2018,Ada,ID,Passenger,0,2,2,321,323,0.62
May 31 2020,Anne Arundel,MD,Passenger,0,1,1,416,417,0.24
November 30 2020,New York,NY,Passenger,1,0,1,54,55,1.82
June 30 2023,Madison,IL,Passenger,1,0,1,14,15,6.67
February 28 2019,Lake,CA,Passenger,0,1,1,11,12,8.33
April 30 2018,Jefferson,CO,Passenger,0,1,1,72,73,1.37
December 31 2022,Vernon,LA,Passenger,1,0,1,79,80,1.25
May 31 2023,Pend Oreille,WA,Truck,0,0,0,5625,5625,0.00
October 31 2019,Okanogan,WA,Truck,0,0,0,16522,16522,0.00
March 31 2017,Utah,UT,Passenger,0,1,1,172,173,0.58
February 29 2020,Wayne,MI,Passenger,0,1,1,60,61,1.64
October 31 2017,Dallas,TX,Passenger,0,1,1,186,187,0.53
April 30 2023,Camden,NJ,Passenger,0,1,1,13,14,7.14
December 31 2018,Manassas,VA,Passenger,0,1,1,9,10,10.00
August 31 2023,Berkeley,SC,Passenger,0,1,1,93,94,1.06
April 30 2021,Okanogan,WA,Passenger,60,36,96,26407,26503,0.36
May 31 2017,Garfield,WA,Truck,0,0,0,931,931,0.00
December 31 2019,Norfolk,VA,Passenger,1,2,3,351,354,0.85
December 31 2018,Wahkiakum,WA,Truck,0,0,0,1722,1722,0.00
July 31 2019,Broward,FL,Passenger,2,1,3,129,132,2.27
June 30 2017,Marion,OR,Passenger,1,0,1,169,170,0.59
October 31 2017,Polk,FL,Passenger,1,0,1,64,65,1.54
May 31 2022,District of Columbia,DC,Passenger,4,0,4,178,182,2.20
November 30 2018,Lee,FL,Passenger,1,0,1,53,54,1.85
June 30 2023,Hamilton,OH,Truck,1,0,1,3,4,25.00
November 30 2017,New London,CT,Passenger,1,1,2,249,251,0.80
January 31 2018,Skagit,WA,Truck,1,0,1,31839,31840,0.00
December 31 2019,Grant,WA,Passenger,55,68,123,65620,65743,0.19
January 31 2020,Garfield,WA,Truck,0,0,0,968,968,0.00
January 31 2021,Lewis,WA,Truck,0,0,0,26713,26713,0.00
December 31 2019,Broward,FL,Passenger,2,1,3,129,132,2.27
June 30 2022,Leavenworth,KS,Passenger,0,1,1,106,107,0.93
November 30 2021,Jefferson,NY,Passenger,1,1,2,208,210,0.95
July 31 2020,Lake,FL,Passenger,1,0,1,22,23,4.35
December 31 2019,Grays Harbor,WA,Passenger,105,100,205,48388,48593,0.42
August 31 2023,Klickitat,WA,Truck,11,0,11,8207,8218,0.13
November 30 2019,Douglas,WA,Passenger,65,38,103,28283,28386,0.36
February 28 2022,Douglas,WA,Truck,0,0,0,12683,12683,0.00
April 30 2018,Clackamas,OR,Passenger,0,1,1,225,226,0.44
February 28 2017,Cascade,MT,Passenger,0,1,1,60,61,1.64
December 31 2018,Lee,AL,Passenger,1,0,1,36,37,2.70
December 31 2019,Prince William,VA,Passenger,1,3,4,237,241,1.66
January 31 2018,Chelan,WA,Truck,0,0,0,21677,21677,0.00
June 30 2020,Skagit,WA,Truck,1,0,1,32468,32469,0.00
August 31 2021,Ferry,WA,Passenger,9,3,12,4387,4399,0.27
October 31 2017,Columbia,WA,Passenger,1,1,2,2394,2396,0.08
September 30 2017,Maui,HI,Passenger,1,0,1,70,71,1.41
March 31 2023,Anchorage,AK,Passenger,1,0,1,107,108,0.93
February 28 2022,San Luis Obispo,CA,Passenger,1,0,1,60,61,1.64
March 31 2019,Montgomery,AL,Passenger,0,1,1,43,44,2.27
January 31 2021,Suffolk,MA,Passenger,0,2,2,32,34,5.88
July 31 2021,Pacific,WA,Passenger,46,53,99,16023,16122,0.61
July 31 2022,Ventura,CA,Passenger,3,2,5,240,245,2.04
November 30 2018,Santa Rosa,FL,Passenger,1,0,1,90,91,1.10
November 30 2021,Garfield,WA,Truck,0,0,0,994,994,0.00
September 30 2020,Orange,CA,Passenger,5,3,8,490,498,1.61
November 30 2021,Escambia,FL,Passenger,0,1,1,143,144,0.69
April 30 2023,Lincoln,WA,Passenger,18,17,35,7667,7702,0.45
May 31 2018,Multnomah,OR,Passenger,3,4,7,809,816,0.86
July 31 2017,Pacific,WA,Truck,0,0,0,7494,7494,0.00
December 31 2021,New York,NY,Passenger,1,0,1,38,39,2.56
July 31 2020,Island,WA,Passenger,430,273,703,62825,63528,1.11
September 30 2022,,,Passenger,2,1,3,283,286,1.05
April 30 2018,Ramsey,MN,Passenger,1,0,1,41,42,2.38
July 31 2020,Carroll,NH,Passenger,0,1,1,4,5,20.00
December 31 2019,Lake,CA,Passenger,0,1,1,10,11,9.09
April 30 2019,Mason,WA,Passenger,117,118,235,46855,47090,0.50
March 31 2019,Orange,CA,Passenger,5,1,6,553,559,1.07
December 31 2018,Garfield,OK,Passenger,1,0,1,14,15,6.67
August 31 2020,Palm Beach,FL,Passenger,0,1,1,77,78,1.28
April 30 2021,Carson City,NV,Passenger,1,0,1,11,12,8.33
September 30 2022,Snohomish,WA,Passenger,9067,2622,11689,530924,542613,2.15
June 30 2022,Snohomish,WA,Truck,12,0,12,123869,123881,0.01
December 31 2022,Pend Oreille,WA,Truck,0,0,0,5588,5588,0.00
May 31 2023,Island,WA,Truck,29,0,29,21008,21037,0.14
July 31 2022,Stevens,WA,Passenger,72,54,126,30043,30169,0.42
January 31 2018,Duval,FL,Passenger,1,2,3,367,370,0.81
June 30 2021,Goochland,VA,Passenger,4,2,6,227,233,2.58
April 30 2018,Travis,TX,Passenger,1,1,2,193,195,1.03
October 31 2019,Jefferson,NY,Passenger,0,2,2,213,215,0.93
September 30 2023,Middlesex,MA,Passenger,2,1,3,58,61,4.92
June 30 2018,Washoe,NV,Passenger,1,0,1,121,122,0.82
July 31 2021,Columbia,WA,Truck,0,0,0,1554,1554,0.00
March 31 2021,Yakima,WA,Truck,0,0,0,61378,61378,0.00
December 31 2020,Solano,CA,Passenger,1,0,1,207,208,0.48
August 31 2018,Monterey,CA,Passenger,0,1,1,185,186,0.54
December 31 2021,Sedgwick,KS,Passenger,1,1,2,86,88,2.27
December 31 2019,Suffolk,MA,Passenger,0,1,1,35,36,2.78
September 30 2020,Jefferson,CO,Passenger,0,1,1,57,58,1.72
February 28 2022,Wilson,TX,Passenger,0,1,1,3,4,25.00
September 30 2023,Clark,WA,Passenger,6522,2488,9010,310533,319543,2.82
July 31 2018,Pend Oreille,WA,Passenger,5,5,10,9580,9590,0.10
August 31 2020,Maricopa,AZ,Passenger,5,9,14,1430,1444,0.97
February 28 2017,Grant,WA,Passenger,16,21,37,60192,60229,0.06
November 30 2019,Klickitat,WA,Truck,0,0,0,8305,8305,0.00
January 31 2017,Cowlitz,WA,Truck,0,0,0,27947,27947,0.00
December 31 2018,Hennepin,MN,Passenger,2,0,2,103,105,1.90
June 30 2020,Spartanburg,SC,Passenger,0,1,1,48,49,2.04
July 31 2023,Ulster,NY,Passenger,1,0,1,7,8,12.50
January 31 2023,Alameda,CA,Passenger,4,0,4,175,179,2.23
October 31 2020,Lincoln,WA,Truck,0,0,0,4658,4658,0.00
February 28 2019,Orange,CA,Passenger,5,2,7,553,560,1.25
January 31 2022,Wahkiakum,WA,Truck,0,0,0,1815,1815,0.00
November 30 2019,Clark,WA,Passenger,1806,1025,2831,317484,320315,0.88
July 31 2020,Wahkiakum,WA,Truck,0,0,0,1742,1742,0.00
November 30 2018,Saratoga,NY,Passenger,1,0,1,60,61,1.64
October 31 2021,Flathead,MT,Passenger,1,0,1,53,54,1.85
January 31 2021,Lake,FL,Passenger,1,0,1,21,22,4.55
October 31 2021,Sevier,AR,Passenger,0,1,1,0,1,100.00
October 31 2021,Clinton,PA,Passenger,1,0,1,0,1,100.00
October 31 2017,Yakima,WA,Passenger,57,72,129,161001,161130,0.08
January 31 2020,DeKalb,GA,Passenger,1,0,1,88,89,1.12
July 31 2023,Garfield,WA,Passenger,0,3,3,1305,1308,0.23
September 30 2023,Okanogan,WA,Truck,7,0,7,16181,16188,0.04
January 31 2023,Philadelphia,PA,Passenger,1,0,1,43,44,2.27
August 31 2019,Hillsborough,FL,Passenger,0,1,1,200,201,0.50
November 30 2022,Collin,TX,Passenger,3,0,3,64,67,4.48
September 30 2022,Lincoln,OR,Passenger,0,1,1,22,23,4.35
May 31 2023,Pierce,WA,Truck,153,0,153,137307,137460,0.11
April 30 2020,King,WA,Truck,5,1,6,181500,181506,0.00
June 30 2022,Skagit,WA,Passenger,779,337,1116,90092,91208,1.22
December 31 2022,Grays Harbor,WA,Passenger,246,160,406,48648,49054,0.83
July 31 2018,Mason,WA,Passenger,87,93,180,45858,46038,0.39
September 30 2020,Ramsey,MN,Passenger,1,0,1,38,39,2.56
November 30 2020,Clark,WA,Truck,0,0,0,83207,83207,0.00
July 31 2022,Thurston,WA,Truck,8,0,8,55307,55315,0.01
August 31 2023,Skagit,WA,Passenger,1185,434,1619,88159,89778,1.80
September 30 2017,Palm Beach,FL,Passenger,0,1,1,95,96,1.04
May 31 2023,Broward,FL,Passenger,1,0,1,64,65,1.54
May 31 2020,Washtenaw,MI,Passenger,1,0,1,34,35,2.86
December 31 2018,Shasta,CA,Passenger,1,0,1,45,46,2.17
July 31 2019,San Juan,WA,Truck,0,0,0,5887,5887,0.00
December 31 2018,Benton,WA,Truck,0,0,0,41560,41560,0.00
May 31 2018,Asotin,WA,Passenger,8,6,14,12600,12614,0.11
August 31 2019,Spokane,WA,Truck,1,0,1,95514,95515,0.00
October 31 2022,Allegheny,PA,Passenger,1,1,2,56,58,3.45
December 31 2018,Travis,TX,Passenger,2,1,3,203,206,1.46
September 30 2021,Middlesex,MA,Passenger,1,1,2,90,92,2.17
April 30 2021,Arlington,VA,Passenger,0,1,1,146,147,0.68
November 30 2021,Maui,HI,Passenger,1,0,1,27,28,3.57
December 31 2019,Larimer,CO,Passenger,1,0,1,55,56,1.79
December 31 2018,Nassau,NY,Passenger,3,0,3,37,40,7.50
August 31 2023,Yakima,WA,Passenger,552,271,823,165326,166149,0.50
April 30 2017,Kittitas,WA,Passenger,21,17,38,27202,27240,0.14
May 31 2022,Carroll,NH,Passenger,0,1,1,5,6,16.67
April 30 2021,Carroll,NH,Passenger,0,1,1,5,6,16.67
March 31 2022,Grant,WA,Passenger,151,100,251,66840,67091,0.37
September 30 2018,Adams,WA,Passenger,5,5,10,12679,12689,0.08
October 31 2022,Charles,MD,Passenger,1,1,2,55,57,3.51
September 30 2019,New London,CT,Passenger,0,2,2,242,244,0.82
April 30 2021,Island,WA,Passenger,582,308,890,63186,64076,1.39
June 30 2021,Los Angeles,CA,Passenger,9,11,20,909,929,2.15
February 28 2021,,,Passenger,3,1,4,341,345,1.16
January 31 2022,St. Mary's,MD,Passenger,1,0,1,207,208,0.48
July 31 2019,New Haven,CT,Passenger,0,2,2,46,48,4.17
June 30 2022,Douglas,NE,Passenger,1,2,3,44,47,6.38
November 30 2022,Bryan,GA,Passenger,0,1,1,34,35,2.86
August 31 2017,Thurston,WA,Passenger,421,359,780,187749,188529,0.41
March 31 2018,Grant,WA,Truck,0,0,0,25745,25745,0.00
May 31 2020,Walla Walla,WA,Truck,0,0,0,13668,13668,0.00
May 31 2019,Whitman,WA,Truck,0,0,0,8551,8551,0.00
March 31 2019,Franklin,WA,Truck,0,0,0,19130,19130,0.00
April 30 2020,Charleston,SC,Passenger,1,0,1,109,110,0.91
June 30 2020,Washtenaw,MI,Passenger,1,0,1,36,37,2.70
May 31 2023,Bell,TX,Passenger,1,0,1,262,263,0.38
July 31 2017,Montgomery,TN,Passenger,1,0,1,284,285,0.35
December 31 2020,Snohomish,WA,Passenger,5035,1846,6881,538519,545400,1.26
January 31 2023,Portsmouth,VA,Passenger,0,1,1,74,75,1.33
August 31 2022,Stevens,WA,Truck,1,0,1,18901,18902,0.01
February 28 2023,Ventura,CA,Passenger,3,2,5,221,226,2.21
March 31 2018,Okaloosa,FL,Passenger,1,0,1,178,179,0.56
February 29 2020,Twin Falls,ID,Passenger,0,1,1,31,32,3.12
January 31 2023,Montgomery,AL,Passenger,0,1,1,34,35,2.86
February 28 2021,New Haven,CT,Passenger,0,2,2,36,38,5.26
June 30 2021,Spokane,WA,Passenger,1068,646,1714,326341,328055,0.52
September 30 2019,Clark,WA,Passenger,1700,982,2682,316051,318733,0.84
December 31 2022,Walla Walla,WA,Truck,3,0,3,13873,13876,0.02
September 30 2022,Ferry,WA,Truck,0,0,0,3614,3614,0.00
February 28 2017,Alameda,CA,Passenger,3,1,4,393,397,1.01
April 30 2019,Whatcom,WA,Passenger,823,394,1217,150053,151270,0.80
July 31 2020,Arapahoe,CO,Passenger,1,0,1,132,133,0.75
January 31 2019,Dale,AL,Passenger,0,1,1,55,56,1.79
July 31 2019,Oklahoma,OK,Passenger,0,1,1,129,130,0.77
December 31 2018,Norfolk,MA,Passenger,1,0,1,36,37,2.70
April 30 2019,Eagle,CO,Passenger,1,0,1,6,7,14.29
June 30 2021,Harnett,NC,Passenger,1,1,2,176,178,1.12
April 30 2022,Snohomish,WA,Truck,4,0,4,124594,124598,0.00
November 30 2020,Stafford,VA,Passenger,1,1,2,96,98,2.04
November 30 2017,Albemarle,VA,Passenger,0,1,1,32,33,3.03
November 30 2020,Hamilton,IN,Passenger,2,0,2,36,38,5.26
November 30 2022,Polk,OR,Passenger,0,1,1,21,22,4.55
February 29 2020,Chesapeake,VA,Passenger,0,1,1,431,432,0.23
July 31 2019,Whitman,WA,Truck,0,0,0,8631,8631,0.00
May 31 2020,Asotin,WA,Truck,0,0,0,6588,6588,0.00
May 31 2017,Columbia,WA,Truck,0,0,0,1537,1537,0.00
October 31 2021,Collin,TX,Passenger,2,0,2,104,106,1.89
April 30 2019,Fulton,GA,Passenger,1,2,3,111,114,2.63
May 31 2019,Lake,CA,Passenger,0,1,1,10,11,9.09
July 31 2018,Pacific,WA,Passenger,19,21,40,15616,15656,0.26
September 30 2023,Santa Cruz,CA,Passenger,1,0,1,18,19,5.26
October 31 2017,Sangamon,IL,Passenger,1,0,1,11,12,8.33
April 30 2022,Yellowstone,MT,Passenger,0,1,1,27,28,3.57
April 30 2020,Dallas,IA,Passenger,0,1,1,10,11,9.09
November 30 2018,Eagle,CO,Passenger,1,0,1,5,6,16.67
June 30 2018,Walla Walla,WA,Passenger,34,43,77,35659,35736,0.22
July 31 2021,Clallam,WA,Truck,1,0,1,22029,22030,0.00
November 30 2022,Yakima,WA,Passenger,411,218,629,166435,167064,0.38
September 30 2022,Honolulu,HI,Passenger,3,3,6,329,335,1.79
October 31 2022,Riverside,CA,Passenger,7,0,7,431,438,1.60
August 31 2020,Sacramento,CA,Passenger,1,0,1,270,271,0.37
October 31 2023,Spokane,WA,Passenger,2668,1292,3960,317246,321206,1.23
July 31 2022,Lane,OR,Passenger,0,2,2,97,99,2.02
July 31 2022,Okanogan,WA,Truck,1,0,1,16583,16584,0.01
July 31 2020,Clackamas,OR,Passenger,2,0,2,191,193,1.04
April 30 2020,Tulsa,OK,Passenger,1,1,2,45,47,4.26
September 30 2023,Rock Island,IL,Passenger,0,1,1,10,11,9.09
December 31 2022,Placer,CA,Passenger,2,0,2,64,66,3.03
February 28 2022,Nassau,NY,Passenger,3,0,3,30,33,9.09
April 30 2018,Norfolk,MA,Passenger,1,0,1,37,38,2.63
August 31 2017,Marin,CA,Passenger,1,0,1,59,60,1.67
March 31 2022,Honolulu,HI,Passenger,5,4,9,356,365,2.47
November 30 2022,Grant,WA,Truck,4,0,4,27970,27974,0.01
June 30 2018,Northampton,PA,Passenger,0,1,1,66,67,1.49
June 30 2019,Clallam,WA,Truck,1,0,1,21736,21737,0.00
May 31 2019,Ferry,WA,Passenger,5,2,7,4382,4389,0.16
January 31 2019,San Diego,CA,Passenger,10,2,12,2596,2608,0.46
February 28 2021,Ulster,NY,Passenger,1,0,1,11,12,8.33
September 30 2020,Thurston,WA,Passenger,1210,753,1963,197114,199077,0.99
September 30 2020,Virginia Beach,VA,Passenger,1,0,1,664,665,0.15
August 31 2018,Brevard,FL,Passenger,0,1,1,95,96,1.04
May 31 2017,Jackson,MO,Passenger,1,0,1,64,65,1.54
July 31 2022,Manassas,VA,Passenger,0,1,1,9,10,10.00
March 31 2019,Carson City,NV,Passenger,1,0,1,14,15,6.67
August 31 2021,Lee,FL,Passenger,1,0,1,38,39,2.56
March 31 2020,Rogers,OK,Passenger,1,0,1,6,7,14.29
May 31 2021,Eagle,CO,Passenger,1,0,1,10,11,9.09
August 31 2020,Pacific,WA,Passenger,32,33,65,15705,15770,0.41
September 30 2021,Washington,OR,Passenger,1,0,1,372,373,0.27
December 31 2018,Lewis,WA,Passenger,93,77,170,58322,58492,0.29
November 30 2017,Clallam,WA,Passenger,98,86,184,48864,49048,0.38
March 31 2018,Ventura,CA,Passenger,0,1,1,333,334,0.30
June 30 2023,Kootenai,ID,Truck,1,0,1,24,25,4.00
June 30 2019,Sarasota,FL,Passenger,1,0,1,26,27,3.70
September 30 2017,Klickitat,WA,Passenger,23,26,49,14775,14824,0.33
August 31 2017,Grant,WA,Truck,0,0,0,25350,25350,0.00
July 31 2018,Adams,WA,Passenger,5,5,10,12638,12648,0.08
June 30 2017,Stevens,WA,Truck,0,0,0,18272,18272,0.00
January 31 2021,Whatcom,WA,Passenger,1253,564,1817,150055,151872,1.20
November 30 2021,Douglas,WA,Truck,0,0,0,12690,12690,0.00
August 31 2022,Ulster,NY,Passenger,1,0,1,10,11,9.09
February 29 2020,,,Passenger,5,2,7,403,410,1.71
January 31 2022,Yamhill,OR,Passenger,1,0,1,35,36,2.78
June 30 2023,,,Passenger,3,0,3,244,247,1.21
August 31 2021,Boone,MO,Passenger,0,1,1,10,11,9.09
October 31 2021,Ray,MO,Passenger,0,1,1,1,2,50.00
December 31 2018,Yakima,WA,Truck,0,0,0,58844,58844,0.00
April 30 2020,Spokane,WA,Truck,1,0,1,97383,97384,0.00
November 30 2020,Ventura,CA,Passenger,1,1,2,284,286,0.70
September 30 2020,Okanogan,WA,Passenger,45,36,81,25964,26045,0.31
April 30 2017,Tulare,CA,Passenger,1,0,1,194,195,0.51
February 28 2017,Canyon,ID,Passenger,0,1,1,109,110,0.91
September 30 2022,Hardin,KY,Passenger,1,0,1,64,65,1.54
July 31 2018,Washtenaw,MI,Passenger,1,0,1,38,39,2.56
August 31 2022,Spartanburg,SC,Passenger,0,1,1,35,36,2.78
October 31 2022,Clallam,WA,Truck,7,0,7,21883,21890,0.03
August 31 2017,Mason,WA,Truck,0,0,0,19331,19331,0.00
June 30 2021,Lewis,WA,Truck,0,0,0,26857,26857,0.00
June 30 2021,Yamhill,OR,Passenger,1,0,1,40,41,2.44
February 28 2018,Klickitat,WA,Passenger,25,27,52,14943,14995,0.35
November 30 2021,Montgomery,TX,Passenger,1,1,2,44,46,4.35
February 28 2023,Alexandria,VA,Passenger,4,1,5,92,97,5.15
November 30 2021,Flathead,MT,Passenger,1,0,1,51,52,1.92
November 30 2021,Queens,NY,Passenger,1,0,1,51,52,1.92
May 31 2021,Wahkiakum,WA,Passenger,13,7,20,3112,3132,0.64
April 30 2021,New London,CT,Passenger,1,2,3,224,227,1.32
October 31 2018,Thurston,WA,Truck,0,0,0,54802,54802,0.00
November 30 2022,Adams,WA,Truck,1,0,1,5401,5402,0.02
May 31 2017,Okanogan,WA,Truck,0,0,0,16215,16215,0.00
March 31 2017,Fairfax,VA,Passenger,3,2,5,868,873,0.57
May 31 2019,Cascade,MT,Passenger,0,1,1,61,62,1.61
August 31 2021,Alexandria,VA,Passenger,2,0,2,122,124,1.61
December 31 2022,Alexandria,VA,Passenger,4,1,5,96,101,4.95
June 30 2019,Juneau,AK,Passenger,0,2,2,29,31,6.45
February 28 2022,Queens,NY,Passenger,1,0,1,52,53,1.89
April 30 2023,Wilson,TX,Passenger,0,1,1,3,4,25.00
April 30 2017,Chelan,WA,Passenger,55,31,86,51696,51782,0.17
January 31 2022,Lewis,WA,Truck,0,0,0,26649,26649,0.00
July 31 2022,Onslow,NC,Passenger,0,1,1,168,169,0.59
March 31 2020,King,WA,Passenger,23882,7719,31601,1396799,1428400,2.21
October 31 2017,Kittitas,WA,Truck,0,0,0,13694,13694,0.00
August 31 2022,Monterey,CA,Passenger,1,2,3,129,132,2.27
July 31 2020,Deschutes,OR,Passenger,3,0,3,136,139,2.16
May 31 2022,Clackamas,OR,Passenger,2,0,2,149,151,1.32
August 31 2023,Broward,FL,Passenger,1,0,1,57,58,1.72
May 31 2022,Douglas,NE,Passenger,1,2,3,47,50,6.00
February 28 2019,DuPage,IL,Passenger,1,0,1,64,65,1.54
November 30 2023,Galveston,TX,Passenger,0,1,1,14,15,6.67
November 30 2021,Hamilton,OH,Passenger,1,0,1,38,39,2.56
April 30 2020,Klickitat,WA,Passenger,53,41,94,15421,15515,0.61
March 31 2023,Whatcom,WA,Truck,48,0,48,42932,42980,0.11
July 31 2022,Wahkiakum,WA,Truck,0,0,0,1799,1799,0.00
April 30 2023,Garfield,WA,Passenger,1,3,4,1315,1319,0.30
January 31 2021,Philadelphia,PA,Passenger,1,0,1,62,63,1.59
July 31 2018,Williamson,TX,Passenger,0,1,1,162,163,0.61
September 30 2022,Sheridan,WY,Passenger,1,0,1,6,7,14.29
November 30 2018,Multnomah,OR,Passenger,3,5,8,762,770,1.04
March 31 2018,Klickitat,WA,Passenger,26,27,53,14972,15025,0.35
November 30 2020,Franklin,WA,Truck,0,0,0,20374,20374,0.00
February 28 2018,Stevens,WA,Truck,0,0,0,18402,18402,0.00
April 30 2022,Escambia,FL,Passenger,0,1,1,139,140,0.71
February 28 2023,St. Mary's,MD,Passenger,1,0,1,177,178,0.56
August 31 2017,Adams,WA,Truck,0,0,0,5097,5097,0.00
December 31 2022,Whatcom,WA,Truck,26,0,26,43074,43100,0.06
July 31 2023,Chesapeake,VA,Passenger,2,2,4,266,270,1.48
September 30 2019,Shelby,TN,Passenger,0,1,1,96,97,1.03
April 30 2021,San Joaquin,CA,Passenger,1,0,1,110,111,0.90
September 30 2020,Okaloosa,FL,Passenger,0,1,1,148,149,0.67
July 31 2022,Carroll,NH,Passenger,0,1,1,5,6,16.67
June 30 2021,Arapahoe,CO,Passenger,1,0,1,119,120,0.83
May 31 2019,Columbia,WA,Passenger,2,2,4,2444,2448,0.16
May 31 2017,Riverside,CA,Passenger,1,1,2,818,820,0.24
October 31 2019,Los Angeles,CA,Passenger,8,9,17,1095,1112,1.53
July 31 2022,DeKalb,GA,Passenger,1,0,1,54,55,1.82
October 31 2020,Allegheny,PA,Passenger,1,0,1,74,75,1.33
October 31 2018,Pacific,WA,Truck,0,0,0,7628,7628,0.00
November 30 2021,San Joaquin,CA,Passenger,1,1,2,101,103,1.94
December 31 2019,Collin,TX,Passenger,2,1,3,137,140,2.14
August 31 2019,Broward,FL,Passenger,2,1,3,131,134,2.24
June 30 2019,Dakota,MN,Passenger,0,1,1,37,38,2.63
September 30 2021,Gwinnett,GA,Passenger,1,0,1,60,61,1.64
July 31 2018,Pend Oreille,WA,Truck,0,0,0,5697,5697,0.00
March 31 2020,Jefferson,WA,Truck,0,0,0,9593,9593,0.00
June 30 2019,Garfield,WA,Passenger,1,1,2,1297,1299,0.15
December 31 2018,Shelby,TN,Passenger,0,1,1,101,102,0.98
April 30 2020,Allegheny,PA,Passenger,1,0,1,80,81,1.23
October 31 2021,Richmond,NY,Passenger,1,0,1,4,5,20.00
May 31 2017,Manassas,VA,Passenger,0,1,1,9,10,10.00
January 31 2023,Hamilton,OH,Truck,1,0,1,3,4,25.00
December 31 2017,Benton,WA,Passenger,172,168,340,130225,130565,0.26
April 30 2019,Orange,CA,Passenger,6,1,7,550,557,1.26
October 31 2018,Volusia,FL,Passenger,0,1,1,40,41,2.44
December 31 2020,Hawaii,HI,Passenger,1,0,1,57,58,1.72
October 31 2018,Clay,FL,Passenger,0,1,1,89,90,1.11
November 30 2022,Parker,TX,Passenger,0,1,1,17,18,5.56
March 31 2019,Mercer,NJ,Passenger,0,1,1,20,21,4.76
March 31 2023,Ray,MO,Passenger,0,1,1,0,1,100.00
November 30 2022,Moore,NC,Passenger,0,1,1,111,112,0.89
March 31 2022,Garfield,WA,Passenger,0,3,3,1330,1333,0.23
September 30 2021,Denton,TX,Passenger,1,0,1,77,78,1.28
September 30 2023,Saratoga,NY,Passenger,1,1,2,32,34,5.88
November 30 2019,Clark,WA,Truck,0,0,0,81272,81272,0.00
May 31 2021,Hennepin,MN,Passenger,2,0,2,76,78,2.56
September 30 2019,Nueces,TX,Passenger,1,1,2,91,93,2.15
May 31 2018,Manatee,FL,Passenger,1,0,1,39,40,2.50
August 31 2019,Owyhee,ID,Passenger,1,0,1,4,5,20.00
April 30 2022,Pacific,WA,Truck,0,0,0,7975,7975,0.00
February 28 2023,Pend Oreille,WA,Truck,0,0,0,5585,5585,0.00
March 31 2018,Tarrant,TX,Passenger,1,0,1,223,224,0.45
December 31 2017,Maricopa,AZ,Passenger,2,1,3,1655,1658,0.18
February 28 2019,Klamath,OR,Passenger,1,0,1,38,39,2.56
December 31 2019,Clay,FL,Passenger,0,1,1,85,86,1.16
June 30 2023,Palm Beach,FL,Passenger,1,0,1,44,45,2.22
May 31 2023,Middlesex,MA,Passenger,2,1,3,65,68,4.41
September 30 2021,Larimer,CO,Passenger,1,0,1,46,47,2.13
July 31 2020,Kitsap,WA,Passenger,1376,696,2072,179840,181912,1.14
December 31 2022,Thurston,WA,Passenger,2624,1134,3758,192072,195830,1.92
August 31 2020,Whitman,WA,Passenger,46,48,94,22011,22105,0.43
November 30 2020,Wahkiakum,WA,Truck,0,0,0,1766,1766,0.00
March 31 2023,Orange,CA,Passenger,9,3,12,327,339,3.54
July 31 2019,Lincoln,WA,Truck,0,0,0,4683,4683,0.00
February 28 2019,Santa Rosa,FL,Passenger,1,0,1,91,92,1.09
September 30 2018,Prince George,VA,Passenger,0,1,1,77,78,1.28
October 31 2023,Beaufort,SC,Passenger,1,0,1,22,23,4.35
October 31 2020,Flathead,MT,Passenger,1,0,1,61,62,1.61
November 30 2023,Bartow,GA,Passenger,0,1,1,2,3,33.33
July 31 2021,Pacific,WA,Truck,0,0,0,7960,7960,0.00
June 30 2020,Chelan,WA,Passenger,231,78,309,54178,54487,0.57
October 31 2017,Klickitat,WA,Passenger,23,27,50,14806,14856,0.34
April 30 2021,Franklin,WA,Passenger,109,95,204,61929,62133,0.33
August 31 2023,Benton,OR,Passenger,1,0,1,28,29,3.45
November 30 2018,Chelan,WA,Truck,0,0,0,22083,22083,0.00
July 31 2018,Wahkiakum,WA,Passenger,1,1,2,2937,2939,0.07
April 30 2021,Contra Costa,CA,Passenger,3,4,7,278,285,2.46
September 30 2019,Columbia,WA,Truck,0,0,0,1536,1536,0.00
June 30 2018,Grays Harbor,WA,Truck,0,0,0,20224,20224,0.00
May 31 2020,Moore,NC,Passenger,0,1,1,165,166,0.60
April 30 2023,Hennepin,MN,Passenger,1,0,1,38,39,2.56
November 30 2022,Cumberland,PA,Passenger,1,0,1,40,41,2.44
May 31 2021,Marion,IA,Passenger,1,0,1,1,2,50.00
February 28 2017,Franklin,MA,Passenger,0,1,1,4,5,20.00
July 31 2017,Sumter,FL,Passenger,0,1,1,10,11,9.09
May 31 2018,Grant,WA,Passenger,30,44,74,63015,63089,0.12
October 31 2022,Kitsap,WA,Passenger,2630,1124,3754,177381,181135,2.07
April 30 2020,Clallam,WA,Truck,1,0,1,21689,21690,0.00
August 31 2021,Lincoln,WA,Passenger,7,15,22,7693,7715,0.29
December 31 2018,San Diego,CA,Passenger,9,2,11,2583,2594,0.42
November 30 2021,Goochland,VA,Passenger,3,2,5,195,200,2.50
May 31 2023,Garfield,WA,Passenger,1,3,4,1310,1314,0.30
January 31 2019,Penobscot,ME,Passenger,0,1,1,13,14,7.14
August 31 2017,Moore,NC,Passenger,0,1,1,199,200,0.50
July 31 2017,Lane,OR,Passenger,0,1,1,231,232,0.43
January 31 2023,Nueces,TX,Passenger,0,1,1,51,52,1.92
August 31 2022,Fulton,GA,Passenger,1,0,1,63,64,1.56
January 31 2022,Galveston,TX,Passenger,0,1,1,22,23,4.35
July 31 2021,Las Animas,CO,Passenger,1,0,1,0,1,100.00
May 31 2017,Lincoln,WA,Truck,0,0,0,4457,4457,0.00
March 31 2019,Spokane,WA,Passenger,490,393,883,307744,308627,0.29
May 31 2017,Charles,MD,Passenger,0,1,1,90,91,1.10
September 30 2018,Hawaii,HI,Passenger,1,0,1,72,73,1.37
February 28 2018,Hawaii,HI,Passenger,1,0,1,83,84,1.19
July 31 2023,Platte,MO,Passenger,1,0,1,22,23,4.35
May 31 2021,Bucks,PA,Passenger,1,0,1,19,20,5.00
November 30 2020,Shelby,OH,Passenger,0,1,1,1,2,50.00
April 30 2021,Clinton,PA,Passenger,1,0,1,0,1,100.00
August 31 2017,Yakima,WA,Passenger,54,67,121,160142,160263,0.08
January 31 2020,Honolulu,HI,Passenger,4,2,6,492,498,1.20
October 31 2020,Douglas,WA,Truck,0,0,0,12412,12412,0.00
August 31 2022,DeKalb,GA,Passenger,1,0,1,53,54,1.85
February 29 2020,Lincoln,WA,Passenger,1,12,13,7781,7794,0.17
December 31 2019,Skamania,WA,Passenger,26,18,44,8762,8806,0.50
July 31 2021,Harnett,NC,Passenger,1,1,2,177,179,1.12
May 31 2018,Arlington,VA,Passenger,1,2,3,175,178,1.69
May 31 2021,Washington,MD,Passenger,1,0,1,13,14,7.14
January 31 2022,Larimer,CO,Passenger,1,0,1,48,49,2.04
April 30 2020,Valencia,NM,Passenger,1,0,1,7,8,12.50
August 31 2020,Walla Walla,WA,Passenger,81,65,146,35889,36035,0.41
December 31 2018,Flathead,MT,Passenger,1,0,1,59,60,1.67
August 31 2023,Kitsap,WA,Truck,85,0,85,51901,51986,0.16
May 31 2022,Island,WA,Truck,1,0,1,21406,21407,0.00
December 31 2017,Ramsey,MN,Passenger,1,0,1,40,41,2.44
May 31 2022,Nueces,TX,Passenger,1,1,2,56,58,3.45
August 31 2022,San Mateo,CA,Passenger,1,0,1,79,80,1.25
February 28 2017,Marin,CA,Passenger,1,0,1,60,61,1.64
June 30 2022,Pend Oreille,WA,Passenger,17,11,28,9046,9074,0.31
September 30 2020,Franklin,WA,Passenger,68,76,144,60915,61059,0.24
May 31 2023,Riverside,CA,Passenger,6,1,7,367,374,1.87
June 30 2019,Clark,WA,Passenger,1538,926,2464,313824,316288,0.78
June 30 2018,Honolulu,HI,Passenger,1,2,3,531,534,0.56
May 31 2020,New London,CT,Passenger,1,2,3,242,245,1.22
May 31 2018,Kitsap,WA,Truck,1,0,1,53094,53095,0.00
April 30 2023,Hillsborough,FL,Passenger,1,2,3,105,108,2.78
June 30 2023,District of Columbia,DC,Passenger,4,0,4,141,145,2.76
December 31 2022,Hamilton,OH,Passenger,1,0,1,31,32,3.12
May 31 2023,Bartow,GA,Passenger,0,1,1,3,4,25.00
March 31 2017,Honolulu,HI,Passenger,4,2,6,621,627,0.96
March 31 2018,Ada,ID,Passenger,0,2,2,344,346,0.58
December 31 2021,Kitsap,WA,Passenger,2126,957,3083,179983,183066,1.68
January 31 2020,Fresno,CA,Passenger,1,0,1,200,201,0.50
April 30 2023,Henrico,VA,Passenger,0,1,1,5,6,16.67
January 31 2019,Larimer,CO,Passenger,1,0,1,58,59,1.69
July 31 2020,Boulder,CO,Passenger,1,1,2,48,50,4.00
November 30 2020,Sumter,FL,Passenger,0,1,1,10,11,9.09
November 30 2017,Stevens,WA,Passenger,10,21,31,31548,31579,0.10
November 30 2020,Klickitat,WA,Truck,0,0,0,8084,8084,0.00
April 30 2019,Asotin,WA,Passenger,12,8,20,12658,12678,0.16
November 30 2017,Bexar,TX,Passenger,1,1,2,830,832,0.24
August 31 2022,Kitsap,WA,Truck,19,0,19,53234,53253,0.04
June 30 2018,Garfield,OK,Passenger,1,0,1,18,19,5.26
May 31 2018,DeKalb,GA,Passenger,1,0,1,84,85,1.18
August 31 2023,Sarpy,NE,Passenger,1,0,1,48,49,2.04
August 31 2021,Champaign,IL,Passenger,1,0,1,12,13,7.69
March 31 2019,Yakima,WA,Passenger,89,102,191,164196,164387,0.12
May 31 2023,Allen,IN,Passenger,1,0,1,13,14,7.14
August 31 2018,Houston,GA,Passenger,1,0,1,53,54,1.85
May 31 2019,Pacific,WA,Truck,0,0,0,7657,7657,0.00
March 31 2018,Spokane,WA,Passenger,304,273,577,301251,301828,0.19
September 30 2019,Kitsap,WA,Truck,1,0,1,54210,54211,0.00
August 31 2022,Cowlitz,WA,Truck,2,0,2,28441,28443,0.01
April 30 2022,Clallam,WA,Truck,1,0,1,21987,21988,0.00
June 30 2022,Lincoln,OR,Passenger,0,1,1,26,27,3.70
January 31 2020,Kent,MI,Passenger,0,1,1,26,27,3.70
April 30 2020,Bucks,PA,Passenger,1,0,1,22,23,4.35
June 30 2020,Ulster,NY,Passenger,1,0,1,11,12,8.33
August 31 2021,Allegheny,PA,Passenger,1,1,2,69,71,2.82
August 31 2019,Goochland,VA,Passenger,1,1,2,260,262,0.76
April 30 2019,Skagit,WA,Truck,1,0,1,32322,32323,0.00
September 30 2019,Yakima,WA,Truck,0,0,0,59394,59394,0.00
January 31 2017,Spokane,WA,Truck,1,0,1,90422,90423,0.00
March 31 2023,Jefferson,NY,Passenger,2,1,3,185,188,1.60
September 30 2020,Suffolk,MA,Passenger,0,2,2,36,38,5.26
November 30 2022,Ulster,NY,Passenger,1,0,1,8,9,11.11
February 28 2018,DuPage,IL,Passenger,1,0,1,67,68,1.47
June 30 2021,Larimer,CO,Passenger,1,0,1,49,50,2.00
December 31 2020,Sumter,FL,Passenger,0,1,1,10,11,9.09
August 31 2023,Maui,HI,Passenger,1,0,1,20,21,4.76
May 31 2022,Franklin,WA,Passenger,181,110,291,62000,62291,0.47
September 30 2022,Whitman,WA,Truck,2,0,2,8582,8584,0.02
November 30 2023,Kittitas,WA,Truck,18,0,18,14030,14048,0.13
July 31 2020,Travis,TX,Passenger,3,1,4,175,179,2.23
January 31 2018,Riverside,CA,Passenger,1,2,3,725,728,0.41
June 30 2022,Walla Walla,WA,Passenger,172,100,272,35910,36182,0.75
December 31 2019,Honolulu,HI,Passenger,4,2,6,494,500,1.20
April 30 2023,Bell,TX,Passenger,1,0,1,270,271,0.37
October 31 2019,Camden,NJ,Passenger,0,1,1,23,24,4.17
February 28 2022,Las Animas,CO,Passenger,1,0,1,1,2,50.00
October 31 2022,Harris,TX,Passenger,1,0,1,140,141,0.71
December 31 2021,Yamhill,OR,Passenger,1,0,1,36,37,2.70
September 30 2021,Skamania,WA,Truck,0,0,0,4040,4040,0.00
April 30 2023,Adams,WA,Truck,2,0,2,5340,5342,0.04
July 31 2021,Charleston,SC,Passenger,1,1,2,89,91,2.20
February 28 2018,San Mateo,CA,Passenger,0,1,1,140,141,0.71
December 31 2021,Baltimore,MD,Passenger,1,0,1,84,85,1.18
July 31 2021,Dallas,TX,Passenger,1,0,1,155,156,0.64
June 30 2022,DuPage,IL,Passenger,1,1,2,49,51,3.92
June 30 2021,Wilson,NC,Passenger,1,0,1,0,1,100.00
December 31 2020,Whatcom,WA,Passenger,1218,550,1768,150002,151770,1.16
February 28 2022,Okanogan,WA,Truck,0,0,0,16709,16709,0.00
July 31 2019,Multnomah,OR,Passenger,5,6,11,754,765,1.44
December 31 2018,Maui,HI,Passenger,2,0,2,51,53,3.77
July 31 2020,Shasta,CA,Passenger,1,0,1,40,41,2.44
May 31 2021,Manassas,VA,Passenger,0,1,1,8,9,11.11
April 30 2017,Middlesex,MA,Passenger,1,0,1,150,151,0.66
April 30 2018,Hamilton,IN,Passenger,1,0,1,47,48,2.08
June 30 2023,Pend Oreille,WA,Truck,0,0,0,5609,5609,0.00
November 30 2021,Camden,NJ,Passenger,0,1,1,14,15,6.67
October 31 2020,Owyhee,ID,Passenger,1,0,1,3,4,25.00
March 31 2018,St. Lucie,FL,Passenger,1,0,1,27,28,3.57
September 30 2022,Garfield,WA,Passenger,1,3,4,1318,1322,0.30
December 31 2019,Maricopa,AZ,Passenger,7,7,14,1559,1573,0.89
February 29 2020,Jefferson,WA,Truck,0,0,0,9642,9642,0.00
September 30 2018,Whitman,WA,Passenger,20,32,52,22686,22738,0.23
February 28 2017,Bergen,NJ,Passenger,0,2,2,32,34,5.88
October 31 2022,Lake,IN,Passenger,0,1,1,11,12,8.33
April 30 2018,Santa Fe,NM,Passenger,0,1,1,42,43,2.33
January 31 2017,Hamilton,TN,Passenger,1,0,1,28,29,3.45
February 28 2023,Hudson,NJ,Passenger,1,0,1,27,28,3.57
April 30 2018,Grays Harbor,WA,Truck,0,0,0,20129,20129,0.00
June 30 2023,St. Louis,MO,Passenger,1,0,1,48,49,2.04
September 30 2019,Columbia,WA,Passenger,3,2,5,2447,2452,0.20
May 31 2021,Williamson,TX,Passenger,0,2,2,113,115,1.74
November 30 2017,Garfield,WA,Passenger,1,0,1,1313,1314,0.08
May 31 2020,Loudoun,VA,Passenger,1,0,1,87,88,1.14
September 30 2017,Norfolk,MA,Passenger,1,0,1,39,40,2.50
January 31 2022,Elmore,ID,Passenger,1,0,1,18,19,5.26
October 31 2020,Powhatan,VA,Passenger,1,0,1,0,1,100.00
January 31 2018,Okanogan,WA,Truck,0,0,0,16333,16333,0.00
January 31 2022,Garfield,WA,Passenger,0,3,3,1354,1357,0.22
November 30 2018,Riverside,CA,Passenger,2,2,4,681,685,0.58
June 30 2019,Maricopa,AZ,Passenger,6,4,10,1577,1587,0.63
October 31 2022,Klickitat,WA,Truck,3,0,3,8245,8248,0.04
May 31 2021,Okanogan,WA,Truck,0,0,0,16749,16749,0.00
June 30 2017,Bergen,NJ,Passenger,0,2,2,31,33,6.06
June 30 2017,DeKalb,GA,Passenger,1,0,1,87,88,1.14
August 31 2017,Lake,CA,Passenger,0,1,1,14,15,6.67
October 31 2020,Bartow,GA,Passenger,0,1,1,4,5,20.00
December 31 2018,DeKalb,IN,Passenger,1,0,1,1,2,50.00
May 31 2020,DeKalb,IN,Passenger,1,0,1,1,2,50.00
December 31 2020,Placer,CA,Passenger,2,0,2,87,89,2.25
October 31 2021,Contra Costa,CA,Passenger,1,4,5,262,267,1.87
June 30 2023,Alameda,CA,Passenger,4,0,4,163,167,2.40
January 31 2019,Grays Harbor,WA,Passenger,67,76,143,47446,47589,0.30
July 31 2018,Bexar,TX,Passenger,2,4,6,747,753,0.80
October 31 2022,Douglas,WA,Passenger,158,59,217,28424,28641,0.76
October 31 2017,Montgomery,TN,Passenger,1,0,1,277,278,0.36
January 31 2018,El Paso,TX,Passenger,1,0,1,525,526,0.19
February 28 2023,Lake,IL,Passenger,1,0,1,124,125,0.80
April 30 2023,Douglas,CO,Passenger,0,1,1,61,62,1.61
July 31 2018,Sedgwick,KS,Passenger,0,1,1,101,102,0.98
June 30 2020,Rockingham,NH,Passenger,1,0,1,23,24,4.17
January 31 2022,Wilson,NC,Passenger,1,0,1,0,1,100.00
March 31 2017,Prince George's,MD,Passenger,0,1,1,183,184,0.54
March 31 2019,Skagit,WA,Truck,1,0,1,32252,32253,0.00
June 30 2017,Lewis,WA,Truck,0,0,0,24842,24842,0.00
May 31 2020,Orange,CA,Passenger,7,2,9,517,526,1.71
August 31 2022,Asotin,WA,Truck,0,0,0,6684,6684,0.00
January 31 2021,Goochland,VA,Passenger,4,3,7,247,254,2.76
January 31 2018,Northampton,PA,Passenger,0,1,1,65,66,1.52
April 30 2021,Vigo,IN,Passenger,1,0,1,5,6,16.67
February 28 2023,Okaloosa,FL,Passenger,0,1,1,96,97,1.03
January 31 2017,Manassas,VA,Passenger,0,1,1,8,9,11.11
November 30 2018,Lumpkin,GA,Passenger,1,0,1,7,8,12.50
July 31 2022,Boulder,CO,Passenger,2,0,2,42,44,4.55
November 30 2023,Benton,OR,Passenger,1,0,1,25,26,3.85
January 31 2017,Clark,WA,Passenger,673,426,1099,297813,298912,0.37
March 31 2022,Los Angeles,CA,Passenger,7,7,14,838,852,1.64
August 31 2023,Cowlitz,WA,Truck,10,0,10,27955,27965,0.04
October 31 2020,Prince William,VA,Passenger,2,2,4,224,228,1.75
April 30 2022,Sacramento,CA,Passenger,2,0,2,220,222,0.90
March 31 2017,Jefferson,WA,Passenger,94,57,151,23647,23798,0.63
March 31 2018,Chelan,WA,Truck,0,0,0,21721,21721,0.00
March 31 2017,Salt Lake,UT,Passenger,0,1,1,308,309,0.32
October 31 2018,DeKalb,GA,Passenger,1,0,1,81,82,1.22
December 31 2020,Philadelphia,PA,Passenger,1,0,1,64,65,1.54
November 30 2022,Howard,MD,Passenger,0,2,2,52,54,3.70
July 31 2022,Richmond,NY,Passenger,1,0,1,4,5,20.00
July 31 2023,Palm Beach,FL,Passenger,1,0,1,42,43,2.33
January 31 2020,Placer,CA,Passenger,1,0,1,100,101,0.99
February 28 2018,Santa Clara,CA,Passenger,7,1,8,385,393,2.04
January 31 2020,Allegheny,PA,Passenger,1,0,1,80,81,1.23
June 30 2017,Pacific,WA,Truck,0,0,0,7470,7470,0.00
April 30 2020,Chelan,WA,Truck,0,0,0,22462,22462,0.00
March 31 2020,Solano,CA,Passenger,1,0,1,217,218,0.46
October 31 2021,Maui,HI,Passenger,1,0,1,26,27,3.70
January 31 2018,Lumpkin,GA,Passenger,1,0,1,7,8,12.50
November 30 2020,Monroe,IL,Passenger,1,0,1,2,3,33.33
December 31 2019,Cumberland,NC,Passenger,0,2,2,498,500,0.40
December 31 2022,Okaloosa,FL,Passenger,0,1,1,97,98,1.02
June 30 2022,Elmore,ID,Passenger,1,0,1,15,16,6.25
October 31 2018,Kittitas,WA,Passenger,57,35,92,29280,29372,0.31
March 31 2020,Duval,FL,Passenger,0,2,2,371,373,0.54
February 28 2021,Asotin,WA,Truck,0,0,0,6692,6692,0.00
October 31 2020,Norfolk,VA,Passenger,2,3,5,350,355,1.41
May 31 2018,Asotin,WA,Truck,0,0,0,6629,6629,0.00
April 30 2019,Multnomah,OR,Passenger,4,5,9,760,769,1.17
October 31 2020,Contra Costa,CA,Passenger,4,3,7,287,294,2.38
January 31 2019,Anne Arundel,MD,Passenger,0,1,1,453,454,0.22
January 31 2021,Twin Falls,ID,Passenger,0,1,1,27,28,3.57
September 30 2021,Suffolk,VA,Passenger,1,0,1,126,127,0.79
March 31 2022,Grant,WA,Truck,0,0,0,28038,28038,0.00
January 31 2019,Santa Clara,CA,Passenger,8,1,9,378,387,2.33
January 31 2021,Fairfax,VA,Passenger,5,3,8,705,713,1.12
November 30 2023,Mason,WA,Truck,17,0,17,19768,19785,0.09
June 30 2022,Sonoma,CA,Passenger,0,1,1,83,84,1.19
April 30 2021,Ray,MO,Passenger,0,1,1,1,2,50.00
October 31 2023,Ferry,WA,Passenger,22,4,26,4209,4235,0.61
September 30 2019,Clark,WA,Truck,0,0,0,80963,80963,0.00
June 30 2022,Wahkiakum,WA,Passenger,23,11,34,3070,3104,1.10
May 31 2021,San Juan,WA,Truck,0,0,0,5922,5922,0.00
September 30 2020,Ventura,CA,Passenger,1,1,2,286,288,0.69
October 31 2020,Kern,CA,Passenger,0,1,1,219,220,0.45
August 31 2018,Prince George,VA,Passenger,0,1,1,79,80,1.25
February 28 2021,Pacific,WA,Passenger,37,38,75,15814,15889,0.47
October 31 2018,Cumberland,NC,Passenger,0,1,1,534,535,0.19
April 30 2022,Clallam,WA,Passenger,404,241,645,49811,50456,1.28
July 31 2019,Lewis,WA,Truck,0,0,0,25961,25961,0.00
May 31 2018,Pacific,WA,Passenger,16,19,35,15547,15582,0.22
January 31 2018,Flathead,MT,Passenger,1,0,1,55,56,1.79
March 31 2023,El Paso,CO,Passenger,3,2,5,511,516,0.97
April 30 2023,Cowlitz,WA,Truck,8,0,8,28264,28272,0.03
June 30 2019,Whitman,WA,Truck,0,0,0,8586,8586,0.00
August 31 2021,Richmond,GA,Passenger,0,1,1,77,78,1.28
August 31 2019,Island,WA,Truck,0,0,0,21264,21264,0.00
October 31 2022,Monterey,CA,Passenger,1,2,3,125,128,2.34
May 31 2019,Dallas,TX,Passenger,1,0,1,209,210,0.48
October 31 2021,Rogers,OK,Passenger,1,0,1,4,5,20.00
January 31 2021,Mercer,NJ,Passenger,0,1,1,13,14,7.14
June 30 2021,Allen,IN,Passenger,1,0,1,18,19,5.26
September 30 2022,Wahkiakum,WA,Passenger,24,12,36,3077,3113,1.16
July 31 2020,Adams,WA,Truck,0,0,0,5283,5283,0.00
October 31 2022,Mason,WA,Passenger,350,187,537,46949,47486,1.13
October 31 2019,Solano,CA,Passenger,1,0,1,208,209,0.48
April 30 2023,Anchorage,AK,Passenger,1,0,1,101,102,0.98
December 31 2019,Pinal,AZ,Passenger,1,0,1,195,196,0.51
February 28 2021,San Diego,CA,Passenger,14,5,19,2688,2707,0.70
January 31 2017,Thurston,WA,Passenger,336,299,635,184937,185572,0.34
August 31 2019,Shelby,TN,Passenger,0,1,1,94,95,1.05
August 31 2017,Multnomah,OR,Passenger,1,3,4,938,942,0.42
August 31 2018,Island,WA,Passenger,216,205,421,62702,63123,0.67
May 31 2020,Vigo,IN,Passenger,1,0,1,5,6,16.67
August 31 2020,Fresno,CA,Passenger,1,0,1,185,186,0.54
October 31 2023,Anchorage,AK,Passenger,1,0,1,82,83,1.20
June 30 2022,Queens,NY,Passenger,1,0,1,44,45,2.22
April 30 2020,DeKalb,IN,Passenger,1,0,1,1,2,50.00
April 30 2019,Montgomery,MD,Passenger,1,0,1,276,277,0.36
August 31 2023,Los Angeles,CA,Passenger,6,4,10,556,566,1.77
February 28 2023,El Paso,CO,Passenger,3,2,5,527,532,0.94
May 31 2023,Chelan,WA,Passenger,617,159,776,54248,55024,1.41
February 28 2021,Clallam,WA,Truck,1,0,1,21895,21896,0.00
July 31 2019,Mecklenburg,NC,Passenger,1,0,1,90,91,1.10
March 31 2017,Manatee,FL,Passenger,1,0,1,52,53,1.89
August 31 2017,Madison,ID,Passenger,1,0,1,37,38,2.63
September 30 2023,Ferry,WA,Passenger,23,4,27,4273,4300,0.63
December 31 2019,Island,WA,Passenger,375,254,629,63573,64202,0.98
August 31 2021,Wahkiakum,WA,Truck,0,0,0,1801,1801,0.00
May 31 2020,Chesapeake,VA,Passenger,0,1,1,419,420,0.24
September 30 2020,Utah,UT,Passenger,0,1,1,136,137,0.73
February 28 2022,Cumberland,NC,Passenger,1,4,5,395,400,1.25
November 30 2020,San Mateo,CA,Passenger,1,1,2,117,119,1.68
March 31 2019,Harnett,NC,Passenger,1,0,1,223,224,0.45
April 30 2023,Prince George's,MD,Passenger,2,1,3,112,115,2.61
August 31 2022,Stafford,VA,Passenger,2,1,3,87,90,3.33
October 31 2019,Greene,MO,Passenger,0,1,1,34,35,2.86
March 31 2019,St. Lucie,FL,Passenger,1,0,1,30,31,3.23
May 31 2023,St. Mary's,MD,Passenger,1,0,1,171,172,0.58
April 30 2019,Kern,CA,Passenger,0,1,1,224,225,0.44
July 31 2020,Goochland,VA,Passenger,3,1,4,261,265,1.51
March 31 2017,Island,WA,Truck,0,0,0,20493,20493,0.00
September 30 2020,El Paso,CO,Passenger,2,1,3,719,722,0.42
September 30 2018,Jefferson,WA,Passenger,153,99,252,24691,24943,1.01
January 31 2023,Burlington,NJ,Passenger,0,2,2,94,96,2.08
May 31 2021,Calvert,MD,Passenger,0,2,2,87,89,2.25
November 30 2023,Mobile,AL,Passenger,1,0,1,22,23,4.35
February 28 2023,Nueces,TX,Passenger,0,1,1,51,52,1.92
August 31 2017,Clark,WA,Passenger,794,528,1322,300766,302088,0.44
August 31 2023,Snohomish,WA,Passenger,13933,3213,17146,524642,541788,3.16
October 31 2023,Pierce,WA,Truck,191,0,191,132615,132806,0.14
November 30 2017,Monterey,CA,Passenger,0,2,2,196,198,1.01
July 31 2023,Prince George's,MD,Passenger,3,1,4,106,110,3.64
January 31 2019,Clay,FL,Passenger,0,1,1,84,85,1.18
October 31 2020,Plaquemines,LA,Passenger,0,1,1,13,14,7.14
September 30 2023,Santa Barbara,CA,Passenger,1,0,1,60,61,1.64
April 30 2018,DuPage,IL,Passenger,1,0,1,65,66,1.52
October 31 2021,Rockdale,GA,Passenger,1,0,1,6,7,14.29
March 31 2023,Deschutes,OR,Passenger,1,0,1,64,65,1.54
April 30 2020,Snohomish,WA,Passenger,4399,1750,6149,535125,541274,1.14
July 31 2021,Asotin,WA,Passenger,21,17,38,12701,12739,0.30
June 30 2023,Norfolk,VA,Passenger,2,2,4,268,272,1.47
March 31 2017,Ventura,CA,Passenger,0,2,2,381,383,0.52
October 31 2021,Pima,AZ,Passenger,1,1,2,275,277,0.72
August 31 2023,Alameda,CA,Passenger,4,0,4,155,159,2.52
June 30 2018,Clay,FL,Passenger,0,1,1,92,93,1.08
December 31 2020,Carson City,NV,Passenger,1,0,1,12,13,7.69
January 31 2022,Las Animas,CO,Passenger,1,0,1,1,2,50.00
July 31 2022,Grant,WA,Passenger,183,100,283,66641,66924,0.42
June 30 2019,Clackamas,OR,Passenger,1,1,2,212,214,0.93
May 31 2020,Placer,CA,Passenger,2,0,2,94,96,2.08
July 31 2019,San Diego,CA,Passenger,11,3,14,2740,2754,0.51
April 30 2021,San Mateo,CA,Passenger,1,1,2,110,112,1.79
August 31 2019,Jones,GA,Passenger,1,0,1,1,2,50.00
July 31 2021,Wichita,TX,Passenger,1,0,1,41,42,2.38
June 30 2019,Norfolk,MA,Passenger,1,0,1,37,38,2.63
February 28 2017,Durham,NC,Passenger,0,1,1,38,39,2.56
May 31 2020,Polk,FL,Passenger,1,0,1,68,69,1.45
July 31 2019,Norfolk,VA,Passenger,2,2,4,354,358,1.12
July 31 2020,Suffolk,VA,Passenger,1,0,1,126,127,0.79
November 30 2019,Wahkiakum,WA,Passenger,4,3,7,3037,3044,0.23
November 30 2022,Platte,MO,Passenger,1,0,1,23,24,4.17
June 30 2023,El Paso,TX,Passenger,3,0,3,275,278,1.08
June 30 2021,Flathead,MT,Passenger,1,0,1,51,52,1.92
November 30 2020,Gwinnett,GA,Passenger,1,0,1,71,72,1.39
October 31 2022,Hamilton,OH,Truck,1,0,1,3,4,25.00
May 31 2021,Bartow,GA,Passenger,0,1,1,4,5,20.00
October 31 2021,Pend Oreille,WA,Passenger,18,7,25,9203,9228,0.27
February 28 2022,Cowlitz,WA,Passenger,280,168,448,71244,71692,0.62
November 30 2023,San Juan,WA,Passenger,668,188,856,13277,14133,6.06
March 31 2019,Grays Harbor,WA,Passenger,69,80,149,47586,47735,0.31
December 31 2019,Clark,WA,Truck,0,0,0,81308,81308,0.00
December 31 2018,Franklin,WA,Passenger,45,66,111,59119,59230,0.19
June 30 2018,King,WA,Truck,7,1,8,183030,183038,0.00
February 29 2020,San Francisco,CA,Passenger,2,1,3,103,106,2.83
March 31 2018,Whatcom,WA,Passenger,574,260,834,146097,146931,0.57
May 31 2019,Benton,WA,Passenger,252,272,524,133619,134143,0.39
September 30 2019,,,Passenger,5,2,7,411,418,1.67
August 31 2022,Benton,WA,Passenger,814,472,1286,135304,136590,0.94
April 30 2018,Asotin,WA,Truck,0,0,0,6592,6592,0.00
December 31 2018,Columbia,WA,Passenger,2,2,4,2422,2426,0.16
July 31 2020,Henrico,VA,Passenger,0,1,1,18,19,5.26
August 31 2019,Boone,MO,Passenger,0,1,1,10,11,9.09
December 31 2018,Kalamazoo,MI,Passenger,1,0,1,16,17,5.88
November 30 2022,Plaquemines,LA,Passenger,1,1,2,18,20,10.00
May 31 2023,Kings,CA,Passenger,2,2,4,277,281,1.42
October 31 2017,Chelan,WA,Truck,0,0,0,21491,21491,0.00
August 31 2017,Lane,OR,Passenger,0,1,1,225,226,0.44
June 30 2022,Manassas,VA,Passenger,0,1,1,9,10,10.00
May 31 2021,Okaloosa,FL,Passenger,0,1,1,128,129,0.78
November 30 2022,Bartow,GA,Passenger,0,1,1,3,4,25.00
July 31 2017,New Haven,CT,Passenger,0,1,1,56,57,1.75
February 29 2020,Wahkiakum,WA,Truck,0,0,0,1762,1762,0.00
August 31 2019,Chelan,WA,Truck,0,0,0,22368,22368,0.00
September 30 2017,Richland,SC,Passenger,0,1,1,186,187,0.53
July 31 2020,Montgomery,PA,Passenger,1,0,1,29,30,3.33
March 31 2021,Bucks,PA,Passenger,1,0,1,21,22,4.55
April 30 2022,Montgomery,AL,Passenger,0,1,1,36,37,2.70
December 31 2019,Lake,FL,Passenger,1,0,1,22,23,4.35
July 31 2019,Yakima,WA,Passenger,109,107,216,165387,165603,0.13
July 31 2017,Pend Oreille,WA,Truck,0,0,0,5580,5580,0.00
November 30 2021,Harrison,MS,Passenger,2,0,2,49,51,3.92
October 31 2017,Jefferson,WA,Passenger,116,68,184,24070,24254,0.76
June 30 2023,Middlesex,MA,Passenger,2,1,3,66,69,4.35
May 31 2022,Montgomery,PA,Passenger,2,0,2,21,23,8.70
December 31 2020,Queens,NY,Passenger,1,0,1,55,56,1.79
January 31 2019,Oldham,KY,Passenger,0,1,1,5,6,16.67
November 30 2023,Pend Oreille,WA,Passenger,32,20,52,8523,8575,0.61
August 31 2020,Cowlitz,WA,Truck,0,0,0,28907,28907,0.00
December 31 2018,Clay,FL,Passenger,0,1,1,85,86,1.16
December 31 2018,Suffolk,MA,Passenger,0,1,1,43,44,2.27
February 28 2023,Norfolk,VA,Passenger,3,3,6,284,290,2.07
July 31 2017,Stevens,WA,Truck,0,0,0,18210,18210,0.00
November 30 2023,Clallam,WA,Truck,27,0,27,20918,20945,0.13
October 31 2021,Wahkiakum,WA,Passenger,17,8,25,3064,3089,0.81
November 30 2017,Multnomah,OR,Passenger,3,3,6,904,910,0.66
March 31 2021,Anne Arundel,MD,Passenger,4,1,5,400,405,1.23
March 31 2020,,,Passenger,6,1,7,395,402,1.74
November 30 2017,El Paso,TX,Passenger,1,0,1,528,529,0.19
July 31 2017,Canyon,ID,Passenger,0,1,1,98,99,1.01
November 30 2020,DeKalb,IN,Passenger,1,0,1,0,1,100.00
December 31 2018,Fairfax,VA,Passenger,4,2,6,811,817,0.73
January 31 2018,Ventura,CA,Passenger,0,1,1,334,335,0.30
September 30 2021,San Joaquin,CA,Passenger,1,1,2,103,105,1.90
October 31 2019,Stevens,WA,Passenger,29,28,57,31614,31671,0.18
October 31 2017,Grant,WA,Passenger,20,33,53,61667,61720,0.09
September 30 2023,Fairfax,VA,Passenger,5,3,8,512,520,1.54
April 30 2017,Garfield,WA,Truck,0,0,0,937,937,0.00
November 30 2020,Virginia Beach,VA,Passenger,1,0,1,652,653,0.15
June 30 2021,Prince George's,MD,Passenger,2,1,3,147,150,2.00
November 30 2018,Allegheny,PA,Passenger,1,0,1,89,90,1.11
May 31 2021,Hamilton,IN,Passenger,2,0,2,36,38,5.26
June 30 2021,Washtenaw,MI,Passenger,0,1,1,28,29,3.45
September 30 2022,Oldham,KY,Passenger,0,1,1,4,5,20.00
October 31 2020,Suffolk,VA,Passenger,1,0,1,125,126,0.79
September 30 2017,Jefferson,WA,Truck,0,0,0,9419,9419,0.00
June 30 2017,Duval,FL,Passenger,1,1,2,383,385,0.52
June 30 2021,Clark,WA,Truck,0,0,0,84325,84325,0.00
July 31 2020,New London,CT,Passenger,1,2,3,238,241,1.24
August 31 2023,Lincoln,WA,Passenger,21,21,42,7590,7632,0.55
November 30 2022,Kittitas,WA,Truck,5,0,5,14579,14584,0.03
April 30 2017,Canyon,ID,Passenger,0,1,1,103,104,0.96
February 28 2022,Fairbanks North Star,AK,Passenger,0,1,1,78,79,1.27
February 28 2021,DeKalb,IN,Passenger,1,0,1,0,1,100.00
May 31 2021,Pacific,WA,Passenger,43,47,90,16062,16152,0.56
December 31 2021,Skamania,WA,Passenger,60,42,102,8311,8413,1.21
June 30 2018,Orange,FL,Passenger,2,1,3,175,178,1.69
June 30 2022,Douglas,CO,Passenger,0,1,1,79,80,1.25
October 31 2022,Orange,CA,Passenger,5,3,8,350,358,2.23
June 30 2018,Lewis,WA,Passenger,80,59,139,57684,57823,0.24
March 31 2020,Columbia,WA,Truck,0,0,0,1533,1533,0.00
March 31 2019,St. Clair,IL,Passenger,0,1,1,161,162,0.62
July 31 2023,Riverside,CA,Passenger,6,0,6,346,352,1.70
August 31 2019,Montgomery,TX,Passenger,1,0,1,64,65,1.54
June 30 2017,San Juan,WA,Passenger,107,40,147,13551,13698,1.07
December 31 2021,Howard,MD,Passenger,0,2,2,58,60,3.33
March 31 2021,St. Louis,MO,Passenger,1,0,1,95,96,1.04
August 31 2022,Nassau,NY,Passenger,3,0,3,28,31,9.68
January 31 2023,Henrico,VA,Passenger,0,1,1,7,8,12.50
December 31 2017,Manatee,FL,Passenger,1,0,1,39,40,2.50
November 30 2022,Fulton,GA,Passenger,1,0,1,59,60,1.67
October 31 2023,Garfield,WA,Passenger,0,4,4,1284,1288,0.31
November 30 2018,Clallam,WA,Passenger,147,121,268,50325,50593,0.53
May 31 2021,Clallam,WA,Passenger,321,208,529,50418,50947,1.04
January 31 2022,Clark,WA,Truck,2,0,2,83867,83869,0.00
May 31 2017,Whatcom,WA,Passenger,455,167,622,142668,143290,0.43
May 31 2023,Columbia,WA,Passenger,9,1,10,2416,2426,0.41
November 30 2021,Alexandria,VA,Passenger,2,0,2,119,121,1.65
December 31 2021,Washington,MD,Passenger,2,0,2,14,16,12.50
February 28 2017,Lewis,NY,Passenger,0,1,1,10,11,9.09
March 31 2020,Walla Walla,WA,Passenger,68,63,131,36237,36368,0.36
April 30 2022,Island,WA,Passenger,778,366,1144,62114,63258,1.81
May 31 2019,Riverside,CA,Passenger,2,2,4,654,658,0.61
November 30 2021,Orange,NC,Passenger,0,1,1,10,11,9.09
October 31 2019,Tulsa,OK,Passenger,1,1,2,50,52,3.85
October 31 2023,York,VA,Passenger,1,0,1,65,66,1.52
May 31 2023,Polk,OR,Passenger,1,1,2,16,18,11.11
August 31 2022,Oldham,KY,Passenger,0,1,1,4,5,20.00
December 31 2019,Valencia,NM,Passenger,1,0,1,7,8,12.50
October 31 2022,Leavenworth,KS,Passenger,0,1,1,97,98,1.02
August 31 2017,Ferry,WA,Passenger,1,1,2,4397,4399,0.05
June 30 2021,Asotin,WA,Truck,0,0,0,6787,6787,0.00
June 30 2019,Portsmouth,VA,Passenger,0,1,1,75,76,1.32
June 30 2020,Adams,WA,Truck,0,0,0,5263,5263,0.00
September 30 2019,Cumberland,NC,Passenger,0,2,2,500,502,0.40
October 31 2021,Harris,TX,Passenger,1,1,2,183,185,1.08
August 31 2021,Denver,CO,Passenger,1,0,1,117,118,0.85
September 30 2023,Fulton,GA,Passenger,1,0,1,43,44,2.27
September 30 2023,Albemarle,VA,Passenger,1,0,1,13,14,7.14
November 30 2020,Lincoln,WA,Passenger,5,11,16,7616,7632,0.21
January 31 2018,Pend Oreille,WA,Passenger,4,4,8,9443,9451,0.08
December 31 2019,San Mateo,CA,Passenger,1,1,2,127,129,1.55
April 30 2017,,,Passenger,2,0,2,464,466,0.43
December 31 2017,Chelan,WA,Truck,0,0,0,21620,21620,0.00
January 31 2018,Montgomery,TX,Passenger,1,0,1,62,63,1.59
June 30 2023,Suffolk,VA,Passenger,1,0,1,98,99,1.01
April 30 2021,New York,NY,Passenger,1,0,1,48,49,2.04
July 31 2021,Lee,FL,Passenger,1,0,1,37,38,2.63
April 30 2023,Franklin,WA,Passenger,299,134,433,61942,62375,0.69
February 28 2018,Chelan,WA,Truck,0,0,0,21669,21669,0.00
December 31 2019,Kittitas,WA,Truck,0,0,0,14625,14625,0.00
July 31 2021,Orange,CA,Passenger,5,3,8,434,442,1.81
August 31 2019,Franklin,WA,Truck,0,0,0,19490,19490,0.00
June 30 2018,Sangamon,IL,Passenger,1,0,1,11,12,8.33
August 31 2021,Currituck,NC,Passenger,1,0,1,24,25,4.00
August 31 2021,Santa Cruz,CA,Passenger,1,0,1,28,29,3.45
February 28 2021,Sumter,FL,Passenger,0,1,1,10,11,9.09
May 31 2023,Wahkiakum,WA,Passenger,26,17,43,3031,3074,1.40
May 31 2020,San Juan,WA,Truck,0,0,0,5857,5857,0.00
October 31 2020,El Paso,CO,Passenger,2,1,3,711,714,0.42
December 31 2020,Douglas,CO,Passenger,0,1,1,82,83,1.20
February 28 2018,Riverside,CA,Passenger,2,2,4,717,721,0.55
September 30 2018,Klickitat,WA,Passenger,24,32,56,15360,15416,0.36
September 30 2019,St. Mary's,MD,Passenger,1,0,1,220,221,0.45
May 31 2023,Benton,WA,Passenger,1120,561,1681,135543,137224,1.23
April 30 2020,Cochise,AZ,Passenger,0,1,1,99,100,1.00
November 30 2022,DuPage,IL,Passenger,0,1,1,42,43,2.33
August 31 2018,Washtenaw,MI,Passenger,1,0,1,38,39,2.56
November 30 2022,Whatcom,WA,Passenger,2057,798,2855,148759,151614,1.88
December 31 2019,Lewis,WA,Passenger,106,102,208,59547,59755,0.35
May 31 2018,Santa Rosa,FL,Passenger,1,0,1,99,100,1.00
November 30 2017,Skagit,WA,Truck,1,0,1,31684,31685,0.00
May 31 2017,Canyon,ID,Passenger,0,1,1,103,104,0.96
September 30 2023,Loudoun,VA,Passenger,2,0,2,54,56,3.57
May 31 2017,Manatee,FL,Passenger,1,0,1,47,48,2.08
August 31 2020,Suffolk,MA,Passenger,0,2,2,37,39,5.13
May 31 2020,Gwinnett,GA,Passenger,1,0,1,76,77,1.30
October 31 2023,Meade,KY,Passenger,1,0,1,12,13,7.69
August 31 2021,Wilson,TX,Passenger,0,1,1,4,5,20.00
May 31 2021,Washington,OR,Passenger,1,0,1,395,396,0.25
October 31 2023,Los Angeles,CA,Passenger,6,4,10,519,529,1.89
July 31 2019,Vigo,IN,Passenger,1,0,1,6,7,14.29
May 31 2022,Solano,CA,Passenger,1,0,1,168,169,0.59
May 31 2020,Howard,MD,Passenger,0,1,1,73,74,1.35
February 28 2019,Pierce,WA,Truck,0,0,0,138918,138918,0.00
August 31 2020,Douglas,CO,Passenger,0,1,1,82,83,1.20
August 31 2022,Clark,WA,Truck,17,0,17,82362,82379,0.02
November 30 2019,Pinellas,FL,Passenger,1,1,2,115,117,1.71
June 30 2020,Skamania,WA,Truck,0,0,0,4010,4010,0.00
June 30 2023,Franklin,WA,Truck,5,0,5,20928,20933,0.02
January 31 2022,Island,WA,Passenger,733,344,1077,62499,63576,1.69
September 30 2022,Lincoln,WA,Passenger,10,16,26,7720,7746,0.34
September 30 2020,El Dorado,CA,Passenger,1,0,1,36,37,2.70
January 31 2023,Shasta,CA,Passenger,1,0,1,23,24,4.17
February 28 2022,Currituck,NC,Passenger,1,0,1,22,23,4.35
March 31 2019,Santa Cruz,CA,Passenger,1,0,1,43,44,2.27
January 31 2019,Chelan,WA,Passenger,140,64,204,54204,54408,0.37
November 30 2018,Washington,OR,Passenger,0,1,1,472,473,0.21
May 31 2021,Mason,WA,Passenger,207,136,343,48107,48450,0.71
July 31 2022,Anne Arundel,MD,Passenger,4,3,7,342,349,2.01
October 31 2018,San Francisco,CA,Passenger,1,1,2,118,120,1.67
January 31 2018,Santa Fe,NM,Passenger,0,1,1,45,46,2.17
November 30 2017,Queens,NY,Passenger,1,0,1,61,62,1.61
June 30 2018,Chelan,WA,Passenger,110,53,163,53555,53718,0.30
August 31 2018,Pierce,WA,Passenger,1303,1224,2527,534796,537323,0.47
October 31 2023,Chelan,WA,Passenger,692,197,889,53361,54250,1.64
November 30 2019,Ventura,CA,Passenger,0,2,2,313,315,0.63
March 31 2018,Asotin,WA,Passenger,8,5,13,12623,12636,0.10
December 31 2022,Lincoln,WA,Passenger,12,18,30,7766,7796,0.38
November 30 2021,Thurston,WA,Truck,0,0,0,56148,56148,0.00
November 30 2019,Duval,FL,Passenger,1,2,3,376,379,0.79
December 31 2021,Calvert,MD,Passenger,0,2,2,79,81,2.47
September 30 2021,Vigo,IN,Passenger,1,0,1,5,6,16.67
July 31 2023,Kauai,HI,Passenger,0,1,1,15,16,6.25
October 31 2018,Asotin,WA,Truck,0,0,0,6635,6635,0.00
November 30 2018,Monroe,IL,Passenger,1,0,1,3,4,25.00
March 31 2019,Benton,WA,Passenger,235,251,486,132981,133467,0.36
September 30 2022,Adams,WA,Passenger,22,10,32,13001,13033,0.25
June 30 2019,Jefferson,NY,Passenger,0,2,2,217,219,0.91
September 30 2023,Hillsborough,FL,Passenger,1,2,3,84,87,3.45
February 28 2018,Carroll,NH,Passenger,0,1,1,1,2,50.00
July 31 2019,Snohomish,WA,Passenger,3555,1616,5171,532673,537844,0.96
July 31 2021,Skamania,WA,Passenger,51,36,87,8403,8490,1.02
October 31 2019,Wahkiakum,WA,Passenger,4,3,7,3049,3056,0.23
February 28 2018,,,Passenger,3,1,4,434,438,0.91
March 31 2018,Madison,ID,Passenger,1,0,1,39,40,2.50
April 30 2018,Polk,FL,Passenger,1,0,1,64,65,1.54
December 31 2021,Albemarle,VA,Passenger,2,0,2,20,22,9.09
December 31 2019,Fresno,CA,Passenger,1,0,1,198,199,0.50
June 30 2020,Alexandria,VA,Passenger,1,0,1,138,139,0.72
May 31 2022,Galveston,TX,Passenger,0,1,1,19,20,5.00
July 31 2019,Island,WA,Truck,0,0,0,21301,21301,0.00
May 31 2021,San Mateo,CA,Passenger,1,0,1,111,112,0.89
January 31 2018,Lewis,WA,Truck,0,0,0,25326,25326,0.00
February 28 2021,Dallas,TX,Passenger,1,0,1,173,174,0.57
August 31 2019,Frederick,MD,Passenger,1,1,2,82,84,2.38
November 30 2023,Coryell,TX,Passenger,1,0,1,61,62,1.61
October 31 2019,Manassas,VA,Passenger,0,1,1,7,8,12.50
July 31 2023,Lake,IN,Passenger,0,1,1,6,7,14.29
June 30 2023,Walla Walla,WA,Passenger,220,110,330,35440,35770,0.92
December 31 2021,San Francisco,CA,Passenger,0,1,1,96,97,1.03
July 31 2017,Arlington,VA,Passenger,1,1,2,170,172,1.16
August 31 2019,Calvert,MD,Passenger,0,2,2,87,89,2.25
March 31 2018,Mason,WA,Truck,0,0,0,19793,19793,0.00
March 31 2017,Dale,AL,Passenger,0,1,1,64,65,1.54
November 30 2017,Sangamon,IL,Passenger,1,0,1,11,12,8.33
November 30 2022,Leavenworth,KS,Passenger,0,1,1,96,97,1.03
September 30 2023,Honolulu,HI,Passenger,2,3,5,224,229,2.18
May 31 2021,Salt Lake,UT,Passenger,0,1,1,180,181,0.55
April 30 2019,San Juan,WA,Truck,0,0,0,5831,5831,0.00
July 31 2020,Shelby,OH,Passenger,0,1,1,1,2,50.00
August 31 2022,Clark,WA,Passenger,4344,1852,6196,315347,321543,1.93
August 31 2019,Mason,WA,Truck,0,0,0,20411,20411,0.00
November 30 2021,Tarrant,TX,Passenger,1,0,1,142,143,0.70
September 30 2022,Williamson,TX,Passenger,0,2,2,76,78,2.56
October 31 2023,Plaquemines,LA,Passenger,1,1,2,14,16,12.50
December 31 2018,Chelan,WA,Passenger,140,61,201,54137,54338,0.37
January 31 2021,Skamania,WA,Passenger,34,23,57,8336,8393,0.68
March 31 2022,Maricopa,AZ,Passenger,7,4,11,1064,1075,1.02
February 28 2022,Clark,NV,Passenger,7,2,9,564,573,1.57
February 28 2017,Lane,OR,Passenger,0,1,1,260,261,0.38
July 31 2019,Owyhee,ID,Passenger,1,0,1,5,6,16.67
March 31 2021,Tulsa,OK,Passenger,1,0,1,43,44,2.27
September 30 2019,Montgomery,TX,Passenger,1,0,1,62,63,1.59
September 30 2018,Chelan,WA,Passenger,117,59,176,53802,53978,0.33
July 31 2018,Multnomah,OR,Passenger,3,4,7,794,801,0.87
December 31 2022,Moore,NC,Passenger,0,1,1,108,109,0.92
June 30 2017,Palm Beach,FL,Passenger,0,1,1,97,98,1.02
February 28 2023,New Haven,CT,Passenger,0,2,2,28,30,6.67
March 31 2019,Oldham,KY,Passenger,0,1,1,5,6,16.67
April 30 2023,San Diego,CA,Passenger,19,9,28,2109,2137,1.31
October 31 2019,Franklin,WA,Truck,0,0,0,19653,19653,0.00
June 30 2019,Lake,FL,Passenger,1,0,1,20,21,4.76
July 31 2023,Clallam,WA,Truck,19,0,19,21673,21692,0.09
October 31 2020,San Joaquin,CA,Passenger,1,0,1,118,119,0.84
June 30 2020,New Haven,CT,Passenger,0,2,2,37,39,5.13
December 31 2019,Kittitas,WA,Passenger,90,46,136,30053,30189,0.45
March 31 2021,Fresno,CA,Passenger,1,0,1,181,182,0.55
October 31 2023,Kauai,HI,Passenger,0,1,1,14,15,6.67
November 30 2021,Marion,IA,Passenger,1,0,1,1,2,50.00
March 31 2021,Howard,IN,Passenger,0,1,1,3,4,25.00
January 31 2021,Ferry,WA,Passenger,9,3,12,4341,4353,0.28
September 30 2018,Asotin,WA,Truck,0,0,0,6629,6629,0.00
July 31 2022,Grant,WA,Truck,0,0,0,27953,27953,0.00
August 31 2019,Loudoun,VA,Passenger,1,0,1,92,93,1.08
October 31 2022,Ventura,CA,Passenger,3,2,5,229,234,2.14
November 30 2021,Danville,VA,Passenger,1,0,1,0,1,100.00
July 31 2020,Skamania,WA,Passenger,31,19,50,8424,8474,0.59
July 31 2020,Ventura,CA,Passenger,1,1,2,292,294,0.68
December 31 2018,Pierce,WA,Truck,0,0,0,139106,139106,0.00
November 30 2018,Stevens,WA,Truck,0,0,0,18727,18727,0.00
July 31 2020,Okanogan,WA,Passenger,37,34,71,25922,25993,0.27
April 30 2021,Williamson,TX,Passenger,0,2,2,118,120,1.67
December 31 2020,Montgomery,PA,Passenger,1,0,1,25,26,3.85
February 28 2022,Galveston,TX,Passenger,0,1,1,22,23,4.35
January 31 2018,DeKalb,GA,Passenger,1,0,1,87,88,1.14
July 31 2017,Benton,WA,Passenger,155,148,303,128662,128965,0.23
October 31 2022,Frederick,MD,Passenger,1,0,1,63,64,1.56
July 31 2017,Orange,FL,Passenger,1,1,2,130,132,1.52
November 30 2018,Beaufort,SC,Passenger,1,0,1,36,37,2.70
September 30 2023,King,WA,Truck,863,2,865,172368,173233,0.50
April 30 2023,Los Angeles,CA,Passenger,6,5,11,645,656,1.68
June 30 2022,Philadelphia,PA,Passenger,1,0,1,40,41,2.44
November 30 2020,Juneau,AK,Passenger,0,1,1,25,26,3.85
February 28 2022,Lewis,WA,Passenger,220,166,386,59433,59819,0.65
July 31 2018,St. Clair,IL,Passenger,0,1,1,152,153,0.65
February 28 2018,Lee,AL,Passenger,1,0,1,34,35,2.86
August 31 2019,Pend Oreille,WA,Truck,0,0,0,5719,5719,0.00
September 30 2022,Currituck,NC,Passenger,1,0,1,17,18,5.56
September 30 2019,Middlesex,MA,Passenger,1,1,2,109,111,1.80
July 31 2017,Lewis,WA,Passenger,52,36,88,55557,55645,0.16
August 31 2023,Plaquemines,LA,Passenger,1,1,2,15,17,11.76
April 30 2022,Suffolk,MA,Passenger,0,1,1,25,26,3.85
March 31 2022,Saratoga,NY,Passenger,1,0,1,42,43,2.33
December 31 2022,Eagle,CO,Passenger,1,0,1,9,10,10.00
October 31 2020,Sarasota,FL,Passenger,2,0,2,27,29,6.90
April 30 2017,Lewis,NY,Passenger,0,1,1,10,11,9.09
February 28 2019,Jefferson,WA,Truck,0,0,0,9621,9621,0.00
August 31 2022,Broward,FL,Passenger,1,0,1,79,80,1.25
February 28 2017,Travis,TX,Passenger,1,1,2,200,202,0.99
March 31 2021,Denver,CO,Passenger,1,0,1,112,113,0.88
February 28 2019,Volusia,FL,Passenger,0,1,1,40,41,2.44
January 31 2017,Richmond,GA,Passenger,0,1,1,103,104,0.96
June 30 2023,Collier,FL,Passenger,1,0,1,12,13,7.69
April 30 2023,Las Animas,CO,Passenger,1,0,1,0,1,100.00
April 30 2022,Douglas,WA,Passenger,126,57,183,28517,28700,0.64
April 30 2022,Plaquemines,LA,Passenger,1,1,2,17,19,10.53
May 31 2017,Yakima,WA,Passenger,42,55,97,159372,159469,0.06
June 30 2020,King,WA,Truck,5,1,6,182151,182157,0.00
October 31 2021,Wilson,TX,Passenger,0,1,1,3,4,25.00
October 31 2022,Spokane,WA,Truck,14,0,14,101819,101833,0.01
June 30 2018,Ramsey,MN,Passenger,1,0,1,41,42,2.38
May 31 2020,Solano,CA,Passenger,1,0,1,211,212,0.47
February 28 2023,Lewis,WA,Passenger,291,187,478,59769,60247,0.79
March 31 2022,Riverside,CA,Passenger,7,1,8,475,483,1.66
December 31 2022,Salt Lake,UT,Passenger,0,1,1,119,120,0.83
May 31 2020,Spartanburg,SC,Passenger,0,1,1,49,50,2.00
February 28 2018,Palm Beach,FL,Passenger,0,1,1,85,86,1.16
June 30 2021,Kittitas,WA,Truck,0,0,0,14784,14784,0.00
November 30 2017,Polk,FL,Passenger,1,0,1,63,64,1.56
February 28 2017,Benton,WA,Truck,0,0,0,39745,39745,0.00
November 30 2017,San Mateo,CA,Passenger,0,1,1,149,150,0.67
June 30 2023,Hoke,NC,Passenger,1,0,1,59,60,1.67
January 31 2023,Platte,MO,Passenger,1,0,1,22,23,4.35
July 31 2023,Williamsburg,VA,Passenger,0,1,1,6,7,14.29
July 31 2020,Virginia Beach,VA,Passenger,1,0,1,673,674,0.15
March 31 2018,Orange,CA,Passenger,3,1,4,590,594,0.67
February 28 2023,District of Columbia,DC,Passenger,3,0,3,153,156,1.92
October 31 2020,Spokane,WA,Passenger,827,524,1351,319659,321010,0.42
August 31 2020,Shelby,TN,Passenger,0,1,1,88,89,1.12
August 31 2020,Monroe,IL,Passenger,1,0,1,3,4,25.00
October 31 2021,Pennington,SD,Passenger,1,0,1,32,33,3.03
March 31 2022,Coryell,TX,Passenger,1,0,1,103,104,0.96
October 31 2021,Bartow,GA,Passenger,0,1,1,3,4,25.00
September 30 2017,Nantucket,MA,Passenger,1,0,1,3,4,25.00
January 31 2023,Whatcom,WA,Passenger,2162,820,2982,148721,151703,1.97
November 30 2018,Mason,WA,Passenger,103,110,213,46417,46630,0.46
February 29 2020,Loudoun,VA,Passenger,1,0,1,89,90,1.11
April 30 2017,Asotin,WA,Truck,0,0,0,6503,6503,0.00
February 28 2022,King,WA,Truck,22,1,23,182441,182464,0.01
December 31 2021,Thurston,WA,Passenger,1866,964,2830,196616,199446,1.42
June 30 2021,Leavenworth,KS,Passenger,0,1,1,118,119,0.84
June 30 2022,Santa Cruz,CA,Passenger,1,0,1,27,28,3.57
December 31 2017,Sedgwick,KS,Passenger,0,1,1,108,109,0.92
March 31 2021,Henrico,VA,Passenger,0,1,1,17,18,5.56
July 31 2018,Lee,AL,Passenger,1,0,1,37,38,2.63
October 31 2019,Ferry,WA,Truck,0,0,0,3576,3576,0.00
June 30 2022,Harford,MD,Passenger,1,1,2,53,55,3.64
December 31 2018,New Haven,CT,Passenger,0,1,1,48,49,2.04
March 31 2022,Manassas,VA,Passenger,0,1,1,8,9,11.11
May 31 2021,Danville,VA,Passenger,1,0,1,0,1,100.00
January 31 2023,Grant,WA,Passenger,231,113,344,66908,67252,0.51
April 30 2018,Honolulu,HI,Passenger,2,2,4,541,545,0.73
August 31 2018,San Diego,CA,Passenger,8,2,10,2574,2584,0.39
June 30 2020,San Juan,WA,Truck,0,0,0,5851,5851,0.00
September 30 2020,Thurston,WA,Truck,0,0,0,56129,56129,0.00
May 31 2018,Benton,WA,Truck,0,0,0,40987,40987,0.00
December 31 2020,Stafford,VA,Passenger,2,1,3,95,98,3.06
July 31 2023,Anchorage,AK,Passenger,1,0,1,95,96,1.04
March 31 2017,DeKalb,GA,Passenger,1,0,1,85,86,1.16
July 31 2021,Wilson,TX,Passenger,0,1,1,4,5,20.00
September 30 2021,,,Passenger,3,2,5,317,322,1.55
September 30 2018,Guadalupe,TX,Passenger,1,0,1,85,86,1.16
February 28 2022,Mason,WA,Truck,0,0,0,21173,21173,0.00
October 31 2023,Gwinnett,GA,Passenger,1,0,1,33,34,2.94
June 30 2018,Eagle,CO,Passenger,1,0,1,6,7,14.29
October 31 2018,Benton,WA,Truck,0,0,0,41428,41428,0.00
September 30 2020,Santa Cruz,CA,Passenger,1,0,1,33,34,2.94
June 30 2021,Powhatan,VA,Passenger,1,0,1,1,2,50.00
September 30 2017,Adams,WA,Passenger,3,3,6,12261,12267,0.05
June 30 2023,Orange,FL,Passenger,1,0,1,55,56,1.79
May 31 2021,Hampshire,MA,Passenger,1,0,1,7,8,12.50
June 30 2019,Ramsey,MN,Passenger,1,0,1,45,46,2.17
September 30 2022,Galveston,TX,Passenger,0,1,1,18,19,5.26
May 31 2022,Lincoln,WA,Passenger,8,18,26,7690,7716,0.34
June 30 2018,Chelan,WA,Truck,0,0,0,21873,21873,0.00
September 30 2023,San Joaquin,CA,Passenger,0,1,1,63,64,1.56
January 31 2017,Oklahoma,OK,Passenger,0,1,1,214,215,0.47
April 30 2021,Douglas,WA,Truck,0,0,0,12621,12621,0.00
April 30 2019,Benton,WA,Passenger,247,263,510,133291,133801,0.38
August 31 2021,Chelan,WA,Passenger,364,102,466,54709,55175,0.84
February 28 2022,Cook,IL,Passenger,2,0,2,206,208,0.96
February 28 2017,Jefferson,NY,Passenger,1,1,2,256,258,0.78
June 30 2019,Alexandria,VA,Passenger,1,0,1,144,145,0.69
August 31 2018,,,Passenger,3,2,5,428,433,1.15
May 31 2019,Orange,CA,Passenger,6,1,7,549,556,1.26
February 28 2023,Honolulu,HI,Passenger,2,3,5,292,297,1.68
July 31 2020,Whitman,WA,Truck,0,0,0,8511,8511,0.00
August 31 2023,Fairfax,VA,Passenger,5,3,8,522,530,1.51
March 31 2017,Yakima,WA,Passenger,36,50,86,159225,159311,0.05
July 31 2021,Mason,WA,Passenger,216,139,355,48086,48441,0.73
June 30 2022,Ferry,WA,Passenger,19,4,23,4408,4431,0.52
January 31 2021,Los Angeles,CA,Passenger,9,11,20,961,981,2.04
October 31 2021,Whatcom,WA,Truck,4,0,4,43760,43764,0.01
August 31 2020,,,Passenger,5,1,6,360,366,1.64
August 31 2018,Benton,WA,Truck,0,0,0,41231,41231,0.00
September 30 2022,St. Mary's,MD,Passenger,1,0,1,186,187,0.53
April 30 2023,Oldham,KY,Passenger,0,1,1,4,5,20.00
August 31 2018,Madison,ID,Passenger,1,0,1,36,37,2.70
January 31 2021,Grays Harbor,WA,Passenger,133,126,259,48768,49027,0.53
December 31 2021,Wahkiakum,WA,Passenger,17,10,27,3081,3108,0.87
January 31 2020,Frederick,MD,Passenger,1,1,2,83,85,2.35
July 31 2018,DeKalb,GA,Passenger,1,0,1,82,83,1.20
September 30 2018,Shelby,TN,Passenger,0,1,1,105,106,0.94
February 28 2021,Spokane,WA,Passenger,922,559,1481,321315,322796,0.46
July 31 2022,Harrison,MS,Passenger,1,0,1,43,44,2.27
January 31 2018,Mercer,NJ,Passenger,0,1,1,21,22,4.55
August 31 2022,Ferry,WA,Truck,0,0,0,3584,3584,0.00
February 28 2017,Virginia Beach,VA,Passenger,2,1,3,650,653,0.46
November 30 2020,Ulster,NY,Passenger,1,0,1,12,13,7.69
March 31 2019,Kent,MI,Passenger,0,1,1,23,24,4.17
December 31 2019,Kent,MI,Passenger,0,1,1,26,27,3.70
May 31 2020,Yakima,WA,Truck,0,0,0,59568,59568,0.00
October 31 2020,Moore,NC,Passenger,0,1,1,157,158,0.63
December 31 2019,Ada,ID,Passenger,0,1,1,299,300,0.33
June 30 2023,Vernon,LA,Passenger,1,0,1,70,71,1.41
October 31 2022,Clark,WA,Passenger,4603,1923,6526,314954,321480,2.03
July 31 2019,,,Passenger,4,2,6,405,411,1.46
July 31 2019,El Paso,CO,Passenger,2,2,4,742,746,0.54
September 30 2023,Richland,SC,Passenger,0,1,1,92,93,1.08
March 31 2018,Sangamon,IL,Passenger,1,0,1,11,12,8.33
February 29 2020,Greene,MO,Passenger,0,1,1,33,34,2.94
February 28 2019,Snohomish,WA,Passenger,3145,1497,4642,527601,532243,0.87
April 30 2020,Jefferson,WA,Passenger,234,142,376,24903,25279,1.49
July 31 2019,Fairfax,VA,Passenger,4,2,6,786,792,0.76
October 31 2020,Los Angeles,CA,Passenger,8,10,18,998,1016,1.77
March 31 2022,Arlington,VA,Passenger,1,0,1,135,136,0.74
January 31 2020,Columbia,WA,Truck,0,0,0,1534,1534,0.00
May 31 2017,Prince William,VA,Passenger,0,3,3,277,280,1.07
June 30 2019,Randolph,NC,Passenger,1,0,1,6,7,14.29
March 31 2017,Clark,WA,Passenger,718,454,1172,298265,299437,0.39
January 31 2018,Franklin,WA,Truck,0,0,0,18559,18559,0.00
September 30 2023,Pend Oreille,WA,Truck,0,0,0,5555,5555,0.00
July 31 2020,Ferry,WA,Truck,0,0,0,3569,3569,0.00
August 31 2019,Duval,FL,Passenger,1,2,3,383,386,0.78
May 31 2023,Island,WA,Passenger,1046,433,1479,61217,62696,2.36
January 31 2022,Pima,AZ,Passenger,1,1,2,267,269,0.74
November 30 2018,Twin Falls,ID,Passenger,0,1,1,24,25,4.00
May 31 2021,Gwinnett,GA,Passenger,1,0,1,65,66,1.52
November 30 2017,Honolulu,HI,Passenger,2,2,4,568,572,0.70
May 31 2022,Whitman,WA,Truck,0,0,0,8564,8564,0.00
January 31 2017,Tulare,CA,Passenger,1,0,1,203,204,0.49
October 31 2022,St. Louis,MO,Passenger,2,0,2,59,61,3.28
September 30 2017,Charles,MD,Passenger,0,1,1,85,86,1.16
January 31 2019,DeKalb,GA,Passenger,1,0,1,80,81,1.23
October 31 2022,Hennepin,MN,Passenger,1,0,1,48,49,2.04
June 30 2020,Pinal,AZ,Passenger,1,0,1,185,186,0.54
October 31 2021,Montgomery,MD,Passenger,3,2,5,217,222,2.25
February 28 2019,Pend Oreille,WA,Truck,0,0,0,5737,5737,0.00
September 30 2020,Wahkiakum,WA,Truck,0,0,0,1759,1759,0.00
September 30 2023,Pierce,WA,Truck,191,0,191,134267,134458,0.14
June 30 2017,Wahkiakum,WA,Truck,0,0,0,1644,1644,0.00
March 31 2021,Solano,CA,Passenger,1,0,1,198,199,0.50
July 31 2023,Albemarle,VA,Passenger,1,0,1,14,15,6.67
August 31 2021,Allen,IN,Passenger,1,0,1,19,20,5.00
August 31 2021,Asotin,WA,Truck,0,0,0,6750,6750,0.00
September 30 2021,Grant,WA,Truck,0,0,0,28001,28001,0.00
January 31 2020,Broward,FL,Passenger,2,1,3,127,130,2.31
January 31 2023,Douglas,WA,Truck,5,0,5,12868,12873,0.04
January 31 2021,Orange,CA,Passenger,4,3,7,467,474,1.48
May 31 2017,Montgomery,PA,Passenger,1,0,1,38,39,2.56
January 31 2022,Richmond,NY,Passenger,1,0,1,4,5,20.00
April 30 2017,Yakima,WA,Passenger,38,54,92,159280,159372,0.06
May 31 2019,Grays Harbor,WA,Truck,0,0,0,20458,20458,0.00
August 31 2023,Skamania,WA,Passenger,111,55,166,8021,8187,2.03
January 31 2021,,,Passenger,4,1,5,350,355,1.41
December 31 2017,Honolulu,HI,Passenger,2,2,4,565,569,0.70
April 30 2022,Los Angeles,CA,Passenger,7,7,14,824,838,1.67
May 31 2018,Pinal,AZ,Passenger,2,0,2,208,210,0.95
July 31 2020,Saginaw,MI,Passenger,1,0,1,12,13,7.69
May 31 2021,Carroll,NH,Passenger,0,1,1,5,6,16.67
September 30 2023,Lane,OR,Passenger,0,2,2,56,58,3.45
February 28 2022,Owyhee,ID,Passenger,1,0,1,2,3,33.33
October 31 2017,Collier,FL,Passenger,1,0,1,22,23,4.35
February 28 2023,Randolph,NC,Passenger,1,0,1,4,5,20.00
March 31 2022,Danville,VA,Passenger,1,0,1,0,1,100.00
July 31 2018,Broward,FL,Passenger,1,1,2,132,134,1.49
April 30 2020,Grays Harbor,WA,Truck,0,0,0,20725,20725,0.00
February 28 2023,Wahkiakum,WA,Passenger,26,15,41,3043,3084,1.33
September 30 2018,Montgomery,TX,Passenger,2,0,2,65,67,2.99
April 30 2021,Snohomish,WA,Passenger,5583,1965,7548,540342,547890,1.38
May 31 2023,Grays Harbor,WA,Truck,6,0,6,20968,20974,0.03
April 30 2022,Stevens,WA,Truck,0,0,0,18981,18981,0.00
September 30 2019,Pinal,AZ,Passenger,2,0,2,194,196,1.02
December 31 2020,Loudoun,VA,Passenger,1,0,1,73,74,1.35
June 30 2021,Richmond,NY,Passenger,1,0,1,7,8,12.50
June 30 2020,Polk,FL,Passenger,1,0,1,67,68,1.47
July 31 2021,Owyhee,ID,Passenger,1,0,1,2,3,33.33
October 31 2018,Yakima,WA,Passenger,71,96,167,164412,164579,0.10
April 30 2020,Cowlitz,WA,Passenger,136,115,251,72710,72961,0.34
March 31 2018,Clallam,WA,Passenger,119,104,223,49505,49728,0.45
November 30 2020,Douglas,WA,Truck,0,0,0,12447,12447,0.00
February 29 2020,Wahkiakum,WA,Passenger,5,5,10,3017,3027,0.33
February 28 2019,Douglas,WA,Passenger,52,35,87,27937,28024,0.31
February 28 2022,Lake,FL,Passenger,1,0,1,22,23,4.35
December 31 2019,Twin Falls,ID,Passenger,0,1,1,30,31,3.23
June 30 2022,Houston,GA,Passenger,1,0,1,29,30,3.33
July 31 2019,Shasta,CA,Passenger,1,0,1,43,44,2.27
June 30 2019,St. Clair,IL,Passenger,0,1,1,162,163,0.61
September 30 2017,Pacific,WA,Truck,0,0,0,7513,7513,0.00
March 31 2022,Sonoma,CA,Passenger,0,1,1,81,82,1.22
March 31 2019,Lee,AL,Passenger,1,0,1,35,36,2.78
May 31 2018,Walla Walla,WA,Truck,0,0,0,13389,13389,0.00
August 31 2018,Pima,AZ,Passenger,1,1,2,429,431,0.46
February 28 2021,Adams,WA,Passenger,10,6,16,12973,12989,0.12
January 31 2018,Orange,CA,Passenger,3,1,4,585,589,0.68
October 31 2017,DeKalb,IN,Passenger,1,0,1,1,2,50.00
March 31 2021,Putnam,TN,Passenger,0,1,1,1,2,50.00
December 31 2020,Spokane,WA,Passenger,885,546,1431,321014,322445,0.44
August 31 2021,Walla Walla,WA,Passenger,121,82,203,36475,36678,0.55
September 30 2020,St. Mary's,MD,Passenger,1,0,1,219,220,0.45
January 31 2020,Pacific,WA,Passenger,30,31,61,16092,16153,0.38
January 31 2020,Pierce,WA,Truck,0,0,0,141323,141323,0.00
October 31 2017,Cowlitz,WA,Truck,0,0,0,28113,28113,0.00
November 30 2022,Columbia,WA,Passenger,8,1,9,2427,2436,0.37
June 30 2019,Fresno,CA,Passenger,1,0,1,197,198,0.51
April 30 2020,Erie,NY,Passenger,1,0,1,47,48,2.08
June 30 2022,Penobscot,ME,Passenger,0,1,1,8,9,11.11
January 31 2019,Gwinnett,GA,Passenger,0,1,1,78,79,1.27
February 28 2022,Clark,WA,Truck,2,0,2,83731,83733,0.00
April 30 2018,Kittitas,WA,Passenger,40,32,72,28774,28846,0.25
October 31 2021,San Juan,WA,Truck,0,0,0,5974,5974,0.00
November 30 2019,Jones,GA,Passenger,1,0,1,1,2,50.00
June 30 2017,Juneau,AK,Passenger,0,1,1,43,44,2.27
May 31 2022,Randolph,NC,Passenger,1,0,1,6,7,14.29
April 30 2019,Los Angeles,CA,Passenger,7,5,12,1114,1126,1.07
August 31 2021,Milwaukee,WI,Passenger,1,0,1,41,42,2.38
September 30 2023,Wahkiakum,WA,Truck,4,0,4,1757,1761,0.23
March 31 2017,King,WA,Truck,8,1,9,189747,189756,0.00
June 30 2018,Gwinnett,GA,Passenger,0,1,1,85,86,1.16
May 31 2021,Frederick,MD,Passenger,1,1,2,69,71,2.82
December 31 2020,Lee,FL,Passenger,1,0,1,47,48,2.08
February 28 2021,Bartow,GA,Passenger,0,1,1,4,5,20.00
December 31 2019,Yakima,WA,Passenger,117,114,231,166289,166520,0.14
October 31 2020,Wahkiakum,WA,Truck,0,0,0,1764,1764,0.00
July 31 2019,Jefferson,WA,Truck,0,0,0,9682,9682,0.00
November 30 2022,Suffolk,VA,Passenger,1,0,1,114,115,0.87
March 31 2019,Nassau,NY,Passenger,3,0,3,42,45,6.67
January 31 2022,Pend Oreille,WA,Passenger,17,9,26,9111,9137,0.28
March 31 2018,Grays Harbor,WA,Truck,0,0,0,20077,20077,0.00
September 30 2021,Asotin,WA,Passenger,20,17,37,12729,12766,0.29
July 31 2020,Kittitas,WA,Passenger,104,47,151,29761,29912,0.50
October 31 2022,Williams,ND,Passenger,0,1,1,5,6,16.67
May 31 2018,Eagle,CO,Passenger,1,0,1,6,7,14.29
September 30 2019,San Diego,CA,Passenger,11,4,15,2776,2791,0.54
August 31 2019,Jefferson,WA,Truck,0,0,0,9674,9674,0.00
September 30 2018,Okanogan,WA,Truck,0,0,0,16498,16498,0.00
September 30 2018,Orange,CA,Passenger,4,1,5,569,574,0.87
April 30 2022,DuPage,IL,Passenger,1,1,2,49,51,3.92
January 31 2021,Fulton,GA,Passenger,0,2,2,84,86,2.33
April 30 2019,Boulder,CO,Passenger,1,0,1,50,51,1.96
February 29 2020,St. Clair,IL,Passenger,1,0,1,141,142,0.70
March 31 2022,Pierce,WA,Truck,2,0,2,143418,143420,0.00
April 30 2019,Adams,WA,Passenger,5,6,11,12655,12666,0.09
July 31 2018,St. Mary's,MD,Passenger,1,0,1,219,220,0.45
October 31 2019,Kern,CA,Passenger,0,1,1,222,223,0.45
January 31 2022,Fairfax,VA,Passenger,4,3,7,657,664,1.05
February 28 2021,Ferry,WA,Passenger,10,3,13,4332,4345,0.30
March 31 2018,Palm Beach,FL,Passenger,0,1,1,84,85,1.18
November 30 2019,Middlesex,MA,Passenger,1,1,2,107,109,1.83
May 31 2020,San Francisco,CA,Passenger,1,1,2,99,101,1.98
April 30 2021,Maui,HI,Passenger,2,0,2,29,31,6.45
January 31 2021,Kent,MI,Passenger,0,1,1,25,26,3.85
March 31 2018,Maricopa,AZ,Passenger,2,2,4,1597,1601,0.25
February 28 2023,Berkeley,SC,Passenger,0,1,1,111,112,0.89
September 30 2018,Pend Oreille,WA,Passenger,5,5,10,9588,9598,0.10
March 31 2020,Mason,WA,Passenger,153,135,288,47502,47790,0.60
January 31 2021,Chesapeake,VA,Passenger,0,2,2,405,407,0.49
May 31 2021,Thurston,WA,Truck,0,0,0,56617,56617,0.00
July 31 2021,Cook,IL,Passenger,1,0,1,210,211,0.47
March 31 2020,Hamilton,IN,Passenger,1,0,1,42,43,2.33
April 30 2021,Collier,FL,Passenger,1,0,1,18,19,5.26
July 31 2021,Montgomery,MD,Passenger,3,1,4,218,222,1.80
November 30 2019,Santa Clara,CA,Passenger,6,2,8,372,380,2.11
March 31 2017,Franklin,WA,Truck,0,0,0,17957,17957,0.00
December 31 2020,Pend Oreille,WA,Passenger,12,4,16,9168,9184,0.17
July 31 2019,Ferry,WA,Passenger,5,2,7,4400,4407,0.16
March 31 2018,Thurston,WA,Truck,0,0,0,54008,54008,0.00
September 30 2021,Spokane,WA,Truck,0,0,0,102534,102534,0.00
January 31 2017,Columbia,WA,Truck,0,0,0,1543,1543,0.00
March 31 2017,Prince William,VA,Passenger,0,3,3,277,280,1.07
January 31 2020,San Mateo,CA,Passenger,1,1,2,124,126,1.59
September 30 2023,Hoke,NC,Passenger,1,0,1,57,58,1.72
February 28 2023,Dorchester,SC,Passenger,1,0,1,45,46,2.17
August 31 2017,Whitman,WA,Passenger,11,22,33,22126,22159,0.15
January 31 2020,El Paso,TX,Passenger,3,0,3,458,461,0.65
August 31 2017,King,WA,Truck,7,1,8,186753,186761,0.00
August 31 2017,Portsmouth,VA,Passenger,0,1,1,65,66,1.52
December 31 2021,Vigo,IN,Passenger,1,0,1,5,6,16.67
February 28 2023,Island,WA,Passenger,976,412,1388,61369,62757,2.21
April 30 2021,Loudoun,VA,Passenger,1,0,1,70,71,1.41
July 31 2021,Alameda,CA,Passenger,5,0,5,241,246,2.03
May 31 2020,Klickitat,WA,Truck,0,0,0,8120,8120,0.00
February 29 2020,Kitsap,WA,Passenger,1272,661,1933,182275,184208,1.05
March 31 2023,Stevens,WA,Passenger,102,60,162,29848,30010,0.54
January 31 2018,Thurston,WA,Truck,0,0,0,53894,53894,0.00
April 30 2021,Washington,OR,Passenger,1,0,1,402,403,0.25
September 30 2020,Middlesex,MA,Passenger,1,1,2,93,95,2.11
September 30 2022,Pennington,SD,Passenger,2,0,2,26,28,7.14
June 30 2019,Caddo,LA,Passenger,0,1,1,23,24,4.17
July 31 2020,DuPage,IL,Passenger,3,0,3,60,63,4.76
April 30 2021,Shelby,OH,Passenger,0,1,1,1,2,50.00
February 28 2019,Santa Cruz,CA,Passenger,1,0,1,43,44,2.27
March 31 2020,Wahkiakum,WA,Passenger,6,5,11,3005,3016,0.36
June 30 2021,Cowlitz,WA,Truck,0,0,0,29118,29118,0.00
May 31 2021,El Paso,CO,Passenger,3,1,4,691,695,0.58
July 31 2020,Pierce,WA,Truck,0,0,0,142902,142902,0.00
December 31 2019,Alameda,CA,Passenger,5,1,6,299,305,1.97
December 31 2017,Fairfax,VA,Passenger,3,2,5,831,836,0.60
February 28 2018,Pacific,WA,Truck,0,0,0,7560,7560,0.00
September 30 2021,Grays Harbor,WA,Truck,0,0,0,21399,21399,0.00
February 28 2019,Kern,CA,Passenger,0,1,1,232,233,0.43
July 31 2018,Santa Fe,NM,Passenger,0,1,1,45,46,2.17
February 28 2019,Frederick,MD,Passenger,1,1,2,82,84,2.38
December 31 2019,Boulder,CO,Passenger,1,1,2,53,55,3.64
June 30 2020,Larimer,CO,Passenger,1,0,1,50,51,1.96
January 31 2023,Mason,WA,Passenger,380,192,572,46788,47360,1.21
April 30 2021,Mason,WA,Passenger,191,134,325,48090,48415,0.67
March 31 2019,Clallam,WA,Passenger,154,129,283,50317,50600,0.56
October 31 2023,Lewis,WA,Passenger,370,285,655,58268,58923,1.11
June 30 2023,Okanogan,WA,Truck,7,0,7,16430,16437,0.04
January 31 2020,Klamath,OR,Passenger,1,0,1,37,38,2.63
December 31 2019,Spartanburg,SC,Passenger,0,1,1,45,46,2.17
August 31 2018,Volusia,FL,Passenger,0,1,1,37,38,2.63
February 29 2020,Sumter,FL,Passenger,0,1,1,9,10,10.00
May 31 2020,Virginia Beach,VA,Passenger,1,0,1,676,677,0.15
March 31 2018,King,WA,Truck,7,1,8,183694,183702,0.00
August 31 2022,Wahkiakum,WA,Passenger,24,12,36,3078,3114,1.16
August 31 2021,Prince George's,MD,Passenger,2,1,3,145,148,2.03
September 30 2023,Walla Walla,WA,Truck,7,0,7,13529,13536,0.05
September 30 2017,San Mateo,CA,Passenger,0,1,1,149,150,0.67
January 31 2021,Carroll,NH,Passenger,0,1,1,5,6,16.67
December 31 2021,Ray,MO,Passenger,0,1,1,1,2,50.00
May 31 2017,Hidalgo,TX,Passenger,0,1,1,101,102,0.98
April 30 2018,Garfield,OK,Passenger,1,0,1,19,20,5.00
December 31 2021,Fort Bend,TX,Passenger,1,0,1,32,33,3.03
June 30 2023,Las Animas,CO,Passenger,1,0,1,0,1,100.00
April 30 2021,Leavenworth,KS,Passenger,0,1,1,120,121,0.83
August 31 2019,El Paso,TX,Passenger,3,0,3,486,489,0.61
July 31 2018,Santa Rosa,FL,Passenger,1,0,1,96,97,1.03
July 31 2018,Clark,NV,Passenger,2,2,4,746,750,0.53
October 31 2019,Goochland,VA,Passenger,3,1,4,270,274,1.46
September 30 2018,Twin Falls,ID,Passenger,0,1,1,22,23,4.35
July 31 2020,Arlington,VA,Passenger,0,2,2,154,156,1.28
December 31 2021,Douglas,NE,Passenger,1,2,3,50,53,5.66
May 31 2023,Lane,OR,Passenger,0,2,2,72,74,2.70
July 31 2023,Dallas,TX,Passenger,1,0,1,75,76,1.32
October 31 2021,New Haven,CT,Passenger,0,2,2,33,35,5.71
November 30 2023,Clallam,WA,Passenger,641,309,950,47648,48598,1.95
January 31 2020,Asotin,WA,Passenger,17,11,28,12721,12749,0.22
April 30 2019,Klamath,OR,Passenger,1,0,1,39,40,2.50
December 31 2017,Grays Harbor,WA,Truck,0,0,0,20062,20062,0.00
July 31 2018,Collier,FL,Passenger,1,0,1,22,23,4.35
April 30 2023,Rockdale,GA,Passenger,1,0,1,5,6,16.67
February 28 2022,RÃ­o Grande,PR,Passenger,1,0,1,0,1,100.00
October 31 2021,Thurston,WA,Passenger,1801,921,2722,197042,199764,1.36
February 29 2020,Douglas,WA,Truck,0,0,0,12316,12316,0.00
February 28 2017,Muscogee,GA,Passenger,0,1,1,256,257,0.39
March 31 2020,Whitman,WA,Truck,0,0,0,8551,8551,0.00
March 31 2023,Whatcom,WA,Passenger,2282,838,3120,147741,150861,2.07
June 30 2021,Montgomery,MD,Passenger,3,1,4,224,228,1.75
May 31 2019,Vigo,IN,Passenger,1,0,1,6,7,14.29
September 30 2021,Rockingham,NH,Passenger,1,0,1,21,22,4.55
September 30 2022,Richmond,NY,Passenger,1,0,1,4,5,20.00
February 29 2020,Montgomery,PA,Passenger,2,0,2,35,37,5.41
November 30 2020,Arlington,VA,Passenger,0,2,2,149,151,1.32
June 30 2021,Juneau,AK,Passenger,0,1,1,25,26,3.85
July 31 2019,Collier,FL,Passenger,1,0,1,16,17,5.88
July 31 2023,Skagit,WA,Truck,23,0,23,31758,31781,0.07
August 31 2020,Clallam,WA,Passenger,239,171,410,49942,50352,0.81
May 31 2020,Columbia,WA,Truck,0,0,0,1522,1522,0.00
April 30 2023,Wahkiakum,WA,Truck,2,0,2,1792,1794,0.11
March 31 2019,Columbia,WA,Passenger,2,2,4,2428,2432,0.16
July 31 2019,Ramsey,MN,Passenger,1,0,1,41,42,2.38
October 31 2022,Ferry,WA,Truck,0,0,0,3591,3591,0.00
August 31 2017,Bergen,NJ,Passenger,0,2,2,30,32,6.25
April 30 2019,Sumter,FL,Passenger,0,1,1,10,11,9.09
August 31 2022,Randolph,NC,Passenger,1,0,1,6,7,14.29
March 31 2022,Okanogan,WA,Truck,0,0,0,16688,16688,0.00
September 30 2021,Pinellas,FL,Passenger,0,1,1,95,96,1.04
June 30 2018,Whitman,WA,Passenger,19,28,47,22601,22648,0.21
April 30 2019,El Paso,TX,Passenger,3,0,3,491,494,0.61
November 30 2018,Fairfax,VA,Passenger,2,2,4,810,814,0.49
June 30 2023,New London,CT,Passenger,1,4,5,168,173,2.89
September 30 2017,Garfield,WA,Truck,0,0,0,939,939,0.00
May 31 2019,Norfolk,VA,Passenger,2,2,4,350,354,1.13
April 30 2021,Yamhill,OR,Passenger,1,0,1,42,43,2.33
January 31 2017,Dakota,MN,Passenger,0,1,1,48,49,2.04
November 30 2021,San Francisco,CA,Passenger,0,1,1,95,96,1.04
April 30 2023,Currituck,NC,Passenger,1,0,1,17,18,5.56
July 31 2023,Polk,OR,Passenger,1,1,2,14,16,12.50
January 31 2020,Queens,NY,Passenger,1,0,1,53,54,1.85
November 30 2018,St. Lucie,FL,Passenger,1,0,1,29,30,3.33
February 28 2023,Okanogan,WA,Truck,2,0,2,16467,16469,0.01
October 31 2022,Mason,WA,Truck,6,0,6,20918,20924,0.03
October 31 2021,Clallam,WA,Truck,1,0,1,22053,22054,0.00
March 31 2020,Pierce,WA,Passenger,2310,1691,4001,551021,555022,0.72
October 31 2023,Clark,WA,Truck,122,0,122,79488,79610,0.15
January 31 2023,Virginia Beach,VA,Passenger,4,1,5,472,477,1.05
February 28 2017,Thurston,WA,Truck,0,0,0,53340,53340,0.00
July 31 2018,Benton,WA,Truck,0,0,0,41093,41093,0.00
July 31 2020,Maricopa,AZ,Passenger,5,8,13,1466,1479,0.88
August 31 2019,Skamania,WA,Passenger,25,18,43,8751,8794,0.49
September 30 2022,Rockingham,NH,Passenger,1,0,1,15,16,6.25
September 30 2020,Saginaw,MI,Passenger,1,0,1,11,12,8.33
November 30 2022,Ferry,WA,Truck,0,0,0,3581,3581,0.00
February 28 2021,Lewis,WA,Passenger,127,132,259,58856,59115,0.44
November 30 2020,Alameda,CA,Passenger,3,0,3,268,271,1.11
November 30 2020,Sedgwick,KS,Passenger,1,1,2,93,95,2.11
September 30 2023,Asotin,WA,Truck,0,0,0,6574,6574,0.00
March 31 2020,Kern,CA,Passenger,0,1,1,220,221,0.45
July 31 2022,Hamilton,IN,Passenger,1,0,1,20,21,4.76
March 31 2022,Wilson,TX,Passenger,0,1,1,3,4,25.00
August 31 2023,Salt Lake,UT,Passenger,1,1,2,86,88,2.27
March 31 2023,Adams,WA,Passenger,23,11,34,13047,13081,0.26
May 31 2019,Prince William,VA,Passenger,1,4,5,250,255,1.96
September 30 2019,Ada,ID,Passenger,0,2,2,312,314,0.64
November 30 2021,Williamson,TX,Passenger,1,2,3,98,101,2.97
January 31 2022,San Bernardino,CA,Passenger,1,1,2,355,357,0.56
October 31 2023,Calvert,MD,Passenger,1,1,2,66,68,2.94
December 31 2021,Collier,FL,Passenger,1,0,1,19,20,5.00
December 31 2020,Orange,FL,Passenger,1,0,1,116,117,0.85
June 30 2019,Twin Falls,ID,Passenger,0,1,1,24,25,4.00
January 31 2022,Wichita,TX,Passenger,1,0,1,43,44,2.27
February 28 2021,Collier,FL,Passenger,1,0,1,18,19,5.26
August 31 2022,Louisa,VA,Passenger,0,1,1,1,2,50.00
January 31 2020,Eagle,CO,Passenger,1,0,1,7,8,12.50
November 30 2019,Grant,WA,Passenger,53,65,118,65493,65611,0.18
June 30 2018,Deschutes,OR,Passenger,1,0,1,173,174,0.57
August 31 2023,St. Mary's,MD,Passenger,1,0,1,166,167,0.60
October 31 2020,Clallam,WA,Truck,1,0,1,21761,21762,0.00
November 30 2017,El Paso,CO,Passenger,2,0,2,765,767,0.26
January 31 2022,Montgomery,MD,Passenger,3,2,5,205,210,2.38
June 30 2018,Klamath,OR,Passenger,1,0,1,36,37,2.70
April 30 2022,Monterey,CA,Passenger,1,2,3,130,133,2.26
July 31 2023,Charleston,SC,Passenger,1,2,3,50,53,5.66
November 30 2017,Lake,CA,Passenger,0,1,1,9,10,10.00
September 30 2023,Grant,WA,Passenger,326,144,470,66655,67125,0.70
October 31 2019,San Joaquin,CA,Passenger,1,0,1,140,141,0.71
January 31 2017,Asotin,WA,Passenger,4,3,7,12319,12326,0.06
January 31 2018,Grays Harbor,WA,Truck,0,0,0,20087,20087,0.00
January 31 2022,Alameda,CA,Passenger,5,0,5,217,222,2.25
March 31 2023,Skamania,WA,Truck,1,0,1,3858,3859,0.03
May 31 2019,Franklin,WA,Truck,0,0,0,19247,19247,0.00
July 31 2017,Lincoln,WA,Passenger,2,5,7,7519,7526,0.09
July 31 2018,Pierce,WA,Passenger,1262,1194,2456,533450,535906,0.46
November 30 2020,Hennepin,MN,Passenger,2,0,2,84,86,2.33
August 31 2023,Essex,MA,Passenger,1,0,1,12,13,7.69
November 30 2017,Hardin,KY,Passenger,0,1,1,116,117,0.85
March 31 2023,Santa Barbara,CA,Passenger,1,0,1,68,69,1.45
June 30 2023,Wichita,TX,Passenger,2,0,2,32,34,5.88
July 31 2017,Marin,CA,Passenger,1,0,1,59,60,1.67
January 31 2021,Rogers,OK,Passenger,1,0,1,5,6,16.67
November 30 2018,Oldham,KY,Passenger,0,1,1,5,6,16.67
May 31 2022,Mason,WA,Passenger,304,179,483,47327,47810,1.01
November 30 2017,San Diego,CA,Passenger,5,1,6,2593,2599,0.23
April 30 2023,Okanogan,WA,Passenger,121,58,179,26110,26289,0.68
February 28 2023,Multnomah,OR,Passenger,1,2,3,457,460,0.65
February 28 2021,Chelan,WA,Truck,0,0,0,22876,22876,0.00
June 30 2022,York,VA,Passenger,1,0,1,89,90,1.11
June 30 2023,Klickitat,WA,Passenger,151,64,215,15128,15343,1.40
September 30 2020,Denver,CO,Passenger,1,0,1,113,114,0.88
June 30 2019,Ventura,CA,Passenger,0,2,2,323,325,0.62
March 31 2017,Asotin,WA,Truck,0,0,0,6510,6510,0.00
January 31 2023,Thurston,WA,Passenger,2699,1145,3844,191809,195653,1.96
June 30 2021,Whitman,WA,Passenger,58,47,105,21978,22083,0.48
June 30 2022,Benton,WA,Passenger,750,461,1211,135302,136513,0.89
July 31 2018,Douglas,WA,Passenger,43,32,75,27721,27796,0.27
January 31 2020,Cowlitz,WA,Truck,0,0,0,29024,29024,0.00
April 30 2020,Pinal,AZ,Passenger,1,0,1,190,191,0.52
February 28 2022,Fresno,CA,Passenger,1,0,1,165,166,0.60
June 30 2021,Monterey,CA,Passenger,0,1,1,149,150,0.67
January 31 2021,Spartanburg,SC,Passenger,0,1,1,53,54,1.85
November 30 2017,Charles,MD,Passenger,0,1,1,85,86,1.16
June 30 2019,Carroll,NH,Passenger,0,1,1,3,4,25.00
May 31 2020,Valencia,NM,Passenger,1,0,1,7,8,12.50
May 31 2022,Stevens,WA,Truck,0,0,0,18947,18947,0.00
January 31 2023,Columbia,WA,Truck,0,0,0,1574,1574,0.00
January 31 2018,Columbia,WA,Passenger,2,1,3,2401,2404,0.12
August 31 2018,Asotin,WA,Passenger,11,8,19,12661,12680,0.15
January 31 2023,Whitman,WA,Truck,3,0,3,8644,8647,0.03
November 30 2023,Frederick,MD,Passenger,1,1,2,49,51,3.92
March 31 2023,Montgomery,MD,Passenger,4,4,8,190,198,4.04
September 30 2017,Juneau,AK,Passenger,0,1,1,43,44,2.27
May 31 2022,Dorchester,SC,Passenger,1,0,1,60,61,1.64
March 31 2023,Okaloosa,FL,Passenger,0,1,1,95,96,1.04
July 31 2017,Nantucket,MA,Passenger,1,0,1,3,4,25.00
November 30 2021,Thurston,WA,Passenger,1844,949,2793,196919,199712,1.40
November 30 2023,Spokane,WA,Truck,54,0,54,98656,98710,0.05
May 31 2022,Whatcom,WA,Passenger,1799,729,2528,148859,151387,1.67
May 31 2022,Williamson,TX,Passenger,1,2,3,87,90,3.33
June 30 2022,Sarpy,NE,Passenger,1,0,1,59,60,1.67
June 30 2018,Twin Falls,ID,Passenger,0,1,1,23,24,4.17
October 31 2022,Lee,FL,Passenger,1,0,1,31,32,3.12
May 31 2023,Mercer,NJ,Passenger,0,1,1,11,12,8.33
January 31 2021,Columbia,WA,Truck,0,0,0,1546,1546,0.00
August 31 2021,Saratoga,NY,Passenger,1,0,1,43,44,2.27
March 31 2022,Geary,KS,Passenger,1,0,1,89,90,1.11
February 28 2023,Montgomery,MD,Passenger,4,4,8,192,200,4.00
June 30 2021,Fort Bend,TX,Passenger,1,0,1,37,38,2.63
November 30 2023,Marin,CA,Passenger,0,1,1,25,26,3.85
July 31 2019,Kitsap,WA,Passenger,1091,625,1716,181217,182933,0.94
November 30 2019,Snohomish,WA,Passenger,3942,1705,5647,535346,540993,1.04
September 30 2018,Lewis,WA,Truck,0,0,0,25567,25567,0.00
August 31 2023,Multnomah,OR,Passenger,1,1,2,384,386,0.52
June 30 2022,Pinellas,FL,Passenger,0,1,1,80,81,1.23
September 30 2020,Houston,GA,Passenger,1,0,1,52,53,1.89
September 30 2020,Calvert,MD,Passenger,0,2,2,83,85,2.35
February 28 2023,Richmond,NY,Passenger,1,0,1,4,5,20.00
February 28 2021,Ray,MO,Passenger,0,1,1,1,2,50.00
August 31 2018,Franklin,MA,Passenger,0,1,1,1,2,50.00
July 31 2023,Kitsap,WA,Passenger,3315,1314,4629,175465,180094,2.57
July 31 2019,King,WA,Passenger,19624,7112,26736,1391064,1417800,1.89
February 29 2020,King,WA,Truck,6,1,7,182594,182601,0.00
October 31 2018,Alameda,CA,Passenger,0,2,2,336,338,0.59
February 28 2019,Walla Walla,WA,Truck,0,0,0,13543,13543,0.00
September 30 2020,District of Columbia,DC,Passenger,2,1,3,197,200,1.50
August 31 2019,Walla Walla,WA,Passenger,56,63,119,36228,36347,0.33
December 31 2017,Flathead,MT,Passenger,1,0,1,57,58,1.72
September 30 2022,Harrison,MS,Passenger,1,0,1,39,40,2.50
August 31 2018,Santa Rosa,FL,Passenger,1,0,1,94,95,1.05
January 31 2022,Fort Bend,TX,Passenger,1,0,1,32,33,3.03
December 31 2019,Queens,NY,Passenger,1,0,1,53,54,1.85
January 31 2023,New Haven,CT,Passenger,0,2,2,28,30,6.67
July 31 2020,Grant,WA,Passenger,61,75,136,65275,65411,0.21
August 31 2019,Kitsap,WA,Passenger,1112,633,1745,181481,183226,0.95
January 31 2023,Fairfax,VA,Passenger,6,3,9,592,601,1.50
January 31 2023,Ferry,WA,Truck,0,0,0,3557,3557,0.00
July 31 2019,Klickitat,WA,Passenger,35,33,68,15576,15644,0.43
March 31 2019,Volusia,FL,Passenger,0,1,1,39,40,2.50
May 31 2021,Lincoln,WA,Truck,0,0,0,4753,4753,0.00
September 30 2021,San Juan,WA,Truck,0,0,0,5981,5981,0.00
June 30 2021,Portsmouth,VA,Passenger,0,1,1,82,83,1.20
August 31 2021,Lake,FL,Passenger,1,0,1,22,23,4.35
November 30 2021,San Bernardino,CA,Passenger,0,1,1,367,368,0.27
November 30 2022,Nueces,TX,Passenger,0,1,1,52,53,1.89
September 30 2021,Collin,TX,Passenger,2,0,2,106,108,1.85
May 31 2023,Washtenaw,MI,Passenger,0,1,1,22,23,4.35
June 30 2018,Queens,NY,Passenger,1,0,1,62,63,1.59
January 31 2022,Adams,WA,Passenger,17,14,31,13035,13066,0.24
April 30 2018,Island,WA,Truck,0,0,0,20834,20834,0.00
April 30 2018,Shelby,TN,Passenger,0,1,1,104,105,0.95
June 30 2019,Duval,FL,Passenger,1,2,3,380,383,0.78
July 31 2020,St. Clair,IL,Passenger,1,0,1,136,137,0.73
December 31 2021,Prince George's,MD,Passenger,2,1,3,148,151,1.99
November 30 2023,Montgomery,MD,Passenger,5,3,8,165,173,4.62
December 31 2019,RÃ­o Grande,PR,Passenger,1,0,1,1,2,50.00
September 30 2022,Montgomery,AL,Passenger,0,1,1,36,37,2.70
January 31 2021,San Juan,WA,Truck,0,0,0,5863,5863,0.00
August 31 2020,New London,CT,Passenger,1,2,3,237,240,1.25
September 30 2020,Chelan,WA,Truck,0,0,0,22726,22726,0.00
March 31 2023,Leavenworth,KS,Passenger,0,1,1,93,94,1.06
April 30 2020,Pima,AZ,Passenger,3,1,4,370,374,1.07
January 31 2019,Moore,NC,Passenger,0,1,1,188,189,0.53
February 28 2023,Frederick,MD,Passenger,1,0,1,60,61,1.64
June 30 2020,Charles,MD,Passenger,1,1,2,77,79,2.53
December 31 2018,Palm Beach,FL,Passenger,0,1,1,92,93,1.08
January 31 2020,Spartanburg,SC,Passenger,0,1,1,45,46,2.17
August 31 2017,Polk,FL,Passenger,1,0,1,65,66,1.52
October 31 2020,Lewis,WA,Passenger,114,115,229,58446,58675,0.39
April 30 2021,Clallam,WA,Passenger,309,206,515,50394,50909,1.01
July 31 2018,Santa Clara,CA,Passenger,7,0,7,379,386,1.81
April 30 2019,Whatcom,WA,Truck,2,0,2,42771,42773,0.00
November 30 2022,San Juan,WA,Passenger,554,168,722,13971,14693,4.91
March 31 2021,Pierce,WA,Truck,0,0,0,145297,145297,0.00
June 30 2017,Fairfax,VA,Passenger,3,2,5,860,865,0.58
October 31 2018,Cochise,AZ,Passenger,0,1,1,119,120,0.83
May 31 2019,Twin Falls,ID,Passenger,0,1,1,23,24,4.17
October 31 2020,Dakota,MN,Passenger,0,1,1,31,32,3.12
February 28 2018,Nassau,NY,Passenger,1,0,1,39,40,2.50
February 28 2021,Salt Lake,UT,Passenger,0,1,1,178,179,0.56
February 28 2021,Kitsap,WA,Passenger,1641,776,2417,179287,181704,1.33
May 31 2023,Shasta,CA,Passenger,1,0,1,23,24,4.17
June 30 2020,Broward,FL,Passenger,2,1,3,114,117,2.56
March 31 2019,Maricopa,AZ,Passenger,6,3,9,1592,1601,0.56
September 30 2020,Twin Falls,ID,Passenger,0,1,1,25,26,3.85
July 31 2017,Richmond,GA,Passenger,0,1,1,88,89,1.12
August 31 2018,Camden,NJ,Passenger,0,1,1,32,33,3.03
August 31 2022,Essex,MA,Passenger,1,0,1,17,18,5.56
September 30 2021,Klickitat,WA,Passenger,83,51,134,15385,15519,0.86
August 31 2023,Whitman,WA,Truck,5,0,5,8644,8649,0.06
December 31 2018,Moore,NC,Passenger,0,1,1,192,193,0.52
December 31 2017,Montgomery,TX,Passenger,1,0,1,63,64,1.56
April 30 2022,San Luis Obispo,CA,Passenger,1,0,1,59,60,1.67
April 30 2023,Hoke,NC,Passenger,1,0,1,63,64,1.56
April 30 2023,Lee,AL,Passenger,1,0,1,15,16,6.25
December 31 2020,Randolph,NC,Passenger,1,0,1,7,8,12.50
April 30 2017,Pima,AZ,Passenger,0,2,2,452,454,0.44
July 31 2019,Chelan,WA,Truck,0,0,0,22351,22351,0.00
January 31 2018,San Mateo,CA,Passenger,0,1,1,144,145,0.69
October 31 2017,San Diego,CA,Passenger,5,1,6,2618,2624,0.23
May 31 2021,Garfield,WA,Passenger,0,2,2,1368,1370,0.15
January 31 2020,Montgomery,TX,Passenger,1,0,1,60,61,1.64
September 30 2019,Maricopa,AZ,Passenger,7,5,12,1574,1586,0.76
August 31 2017,Flathead,MT,Passenger,1,0,1,59,60,1.67
March 31 2023,San Bernardino,CA,Passenger,2,1,3,275,278,1.08
December 31 2019,Manassas,VA,Passenger,0,1,1,7,8,12.50
January 31 2017,Marion,FL,Passenger,1,0,1,26,27,3.70
August 31 2019,Stevens,WA,Truck,0,0,0,18711,18711,0.00
July 31 2021,Lewis,WA,Truck,0,0,0,26763,26763,0.00
August 31 2020,Pinal,AZ,Passenger,1,0,1,183,184,0.54
November 30 2017,Portsmouth,VA,Passenger,0,1,1,66,67,1.49
December 31 2018,Grant,WA,Truck,0,0,0,26258,26258,0.00
September 30 2018,Lincoln,WA,Truck,0,0,0,4578,4578,0.00
February 28 2017,Orange,CA,Passenger,2,1,3,690,693,0.43
August 31 2019,Bucks,PA,Passenger,1,0,1,25,26,3.85
December 31 2018,Santa Rosa,FL,Passenger,1,0,1,90,91,1.10
February 28 2019,Polk,FL,Passenger,1,0,1,66,67,1.49
December 31 2018,Frederick,MD,Passenger,0,1,1,81,82,1.22
February 28 2023,Albemarle,VA,Passenger,1,0,1,15,16,6.25
July 31 2023,Placer,CA,Passenger,1,0,1,58,59,1.69
February 28 2018,Ramsey,MN,Passenger,1,0,1,39,40,2.50
July 31 2017,Bergen,NJ,Passenger,0,2,2,30,32,6.25
November 30 2021,Grays Harbor,WA,Passenger,191,155,346,49492,49838,0.69
January 31 2023,Richmond,NY,Passenger,1,0,1,4,5,20.00
April 30 2020,Stafford,VA,Passenger,1,1,2,89,91,2.20
May 31 2023,Kauai,HI,Passenger,1,1,2,15,17,11.76
July 31 2021,Saginaw,MI,Passenger,1,0,1,9,10,10.00
March 31 2019,Albemarle,VA,Passenger,1,0,1,23,24,4.17
April 30 2020,Clark,NV,Passenger,4,2,6,685,691,0.87
January 31 2021,Douglas,WA,Passenger,84,46,130,28199,28329,0.46
September 30 2021,Kings,NY,Passenger,1,0,1,69,70,1.43
June 30 2023,Fairfax,VA,Passenger,6,3,9,547,556,1.62
October 31 2020,Miami-Dade,FL,Passenger,1,0,1,105,106,0.94
November 30 2017,Santa Rosa,FL,Passenger,1,0,1,107,108,0.93
March 31 2021,Nassau,FL,Passenger,1,0,1,33,34,2.94
October 31 2019,Santa Fe,NM,Passenger,0,1,1,42,43,2.33
April 30 2022,New Haven,CT,Passenger,0,2,2,33,35,5.71
October 31 2020,Shelby,OH,Passenger,0,1,1,1,2,50.00
January 31 2023,Kitsap,WA,Passenger,2838,1161,3999,176987,180986,2.21
June 30 2022,Skamania,WA,Truck,0,0,0,3968,3968,0.00
June 30 2017,Benton,WA,Passenger,148,143,291,128503,128794,0.23
March 31 2019,Walla Walla,WA,Truck,0,0,0,13552,13552,0.00
June 30 2020,Jefferson,NY,Passenger,0,1,1,207,208,0.48
August 31 2021,Jefferson,NY,Passenger,0,1,1,214,215,0.47
January 31 2022,Geary,KS,Passenger,1,0,1,92,93,1.08
December 31 2021,Rockingham,NH,Passenger,1,0,1,19,20,5.00
December 31 2017,Hawaii,HI,Passenger,1,0,1,80,81,1.23
April 30 2022,Carson City,NV,Passenger,1,0,1,9,10,10.00
July 31 2023,Hoke,NC,Passenger,1,0,1,58,59,1.69
September 30 2022,Fulton,GA,Passenger,1,0,1,62,63,1.59
September 30 2017,DeKalb,GA,Passenger,1,0,1,86,87,1.15
May 31 2018,Lumpkin,GA,Passenger,1,0,1,7,8,12.50
October 31 2017,Utah,UT,Passenger,0,1,1,146,147,0.68
December 31 2019,Lewis,WA,Truck,0,0,0,26084,26084,0.00
May 31 2022,Prince William,VA,Passenger,0,1,1,199,200,0.50
October 31 2020,Solano,CA,Passenger,1,0,1,207,208,0.48
June 30 2023,Montgomery,MD,Passenger,5,3,8,178,186,4.30
December 31 2018,Douglas,WA,Truck,0,0,0,12158,12158,0.00
November 30 2022,Cowlitz,WA,Truck,4,0,4,28390,28394,0.01
June 30 2023,Philadelphia,PA,Passenger,1,0,1,35,36,2.78
November 30 2019,Clackamas,OR,Passenger,2,1,3,211,214,1.40
May 31 2019,Palm Beach,FL,Passenger,0,1,1,87,88,1.14
July 31 2020,Stafford,VA,Passenger,1,1,2,91,93,2.15
May 31 2023,Los Angeles,CA,Passenger,6,4,10,626,636,1.57
February 28 2022,Okanogan,WA,Passenger,74,47,121,26466,26587,0.46
February 28 2022,Escambia,FL,Passenger,0,1,1,143,144,0.69
April 30 2018,Snohomish,WA,Passenger,2189,1193,3382,518773,522155,0.65
March 31 2023,King,WA,Truck,567,2,569,176771,177340,0.32
June 30 2017,Dallas,TX,Passenger,0,1,1,188,189,0.53
August 31 2022,Mason,WA,Truck,4,0,4,20968,20972,0.02
August 31 2020,Virginia Beach,VA,Passenger,1,0,1,668,669,0.15
February 29 2020,New London,CT,Passenger,0,2,2,248,250,0.80
July 31 2021,Allegheny,PA,Passenger,1,1,2,70,72,2.78
June 30 2022,Anchorage,AK,Passenger,2,0,2,130,132,1.52
November 30 2022,Beaufort,SC,Passenger,1,0,1,26,27,3.70
March 31 2023,Rockdale,GA,Passenger,1,0,1,5,6,16.67
February 29 2020,Lewis,WA,Passenger,108,105,213,59571,59784,0.36
April 30 2023,Skagit,WA,Truck,18,0,18,31974,31992,0.06
December 31 2017,Grays Harbor,WA,Passenger,42,41,83,45821,45904,0.18
November 30 2018,Pacific,WA,Truck,0,0,0,7608,7608,0.00
July 31 2019,Santa Rosa,FL,Passenger,1,0,1,92,93,1.08
May 31 2022,,,Passenger,3,1,4,295,299,1.34
November 30 2023,Solano,CA,Passenger,5,0,5,123,128,3.91
May 31 2020,Twin Falls,ID,Passenger,0,1,1,28,29,3.45
January 31 2022,Adams,WA,Truck,0,0,0,5434,5434,0.00
May 31 2018,Adams,WA,Passenger,5,5,10,12594,12604,0.08
October 31 2021,Kings,NY,Passenger,1,0,1,72,73,1.37
May 31 2023,Franklin,WA,Truck,4,0,4,20892,20896,0.02
May 31 2022,Benton,WA,Truck,2,0,2,43534,43536,0.00
May 31 2018,Ada,ID,Passenger,0,2,2,339,341,0.59
September 30 2020,Loudoun,VA,Passenger,1,0,1,81,82,1.22
October 31 2019,Suffolk,MA,Passenger,0,1,1,39,40,2.50
October 31 2020,Suffolk,MA,Passenger,0,2,2,36,38,5.26
October 31 2019,Washtenaw,MI,Passenger,1,0,1,40,41,2.44
February 29 2020,Flathead,MT,Passenger,1,0,1,70,71,1.41
May 31 2018,Franklin,MA,Passenger,0,1,1,2,3,33.33
June 30 2022,Thurston,WA,Truck,7,0,7,55467,55474,0.01
October 31 2018,Prince George's,MD,Passenger,1,1,2,181,183,1.09
March 31 2017,Shelby,TN,Passenger,0,1,1,114,115,0.87
January 31 2020,Vigo,IN,Passenger,1,0,1,6,7,14.29
May 31 2017,Clark,NV,Passenger,2,2,4,853,857,0.47
June 30 2022,Arapahoe,CO,Passenger,0,1,1,88,89,1.12
December 31 2019,Klamath,OR,Passenger,1,0,1,38,39,2.56
February 28 2021,Travis,TX,Passenger,3,3,6,167,173,3.47
December 31 2022,Montgomery,AL,Passenger,0,1,1,34,35,2.86
July 31 2017,Frederick,MD,Passenger,0,1,1,84,85,1.18
November 30 2023,Anchorage,AK,Passenger,1,0,1,83,84,1.19
October 31 2022,Sarasota,FL,Passenger,1,0,1,21,22,4.55
April 30 2021,Cowlitz,WA,Passenger,211,134,345,72509,72854,0.47
October 31 2023,Richland,SC,Passenger,0,1,1,91,92,1.09
February 28 2017,Northampton,PA,Passenger,2,0,2,231,233,0.86
April 30 2017,Benton,WA,Truck,0,0,0,39894,39894,0.00
April 30 2021,Jefferson,WA,Truck,0,0,0,9622,9622,0.00
February 28 2017,Adams,WA,Passenger,2,2,4,12125,12129,0.03
December 31 2021,Duval,FL,Passenger,0,2,2,331,333,0.60
November 30 2022,Skamania,WA,Passenger,89,51,140,8115,8255,1.70
August 31 2023,San Joaquin,CA,Passenger,0,1,1,66,67,1.49
May 31 2019,Dale,AL,Passenger,0,1,1,57,58,1.72
November 30 2020,Charleston,SC,Passenger,2,0,2,96,98,2.04
May 31 2023,Santa Barbara,CA,Passenger,1,0,1,66,67,1.49
December 31 2020,Anchorage,AK,Passenger,1,0,1,152,153,0.65
July 31 2021,Klickitat,WA,Passenger,77,50,127,15336,15463,0.82
December 31 2018,Collin,TX,Passenger,1,1,2,152,154,1.30
January 31 2022,Bell,TX,Passenger,1,0,1,354,355,0.28
September 30 2020,San Diego,CA,Passenger,16,5,21,2749,2770,0.76
August 31 2020,Okanogan,WA,Truck,0,0,0,16539,16539,0.00
November 30 2019,Maricopa,AZ,Passenger,6,7,13,1565,1578,0.82
September 30 2021,Whatcom,WA,Truck,4,0,4,43799,43803,0.01
October 31 2019,Pacific,WA,Passenger,30,29,59,16106,16165,0.36
May 31 2022,Clark,WA,Truck,5,0,5,82885,82890,0.01
October 31 2021,Norfolk,VA,Passenger,3,3,6,322,328,1.83
December 31 2021,Leavenworth,KS,Passenger,0,1,1,112,113,0.88
June 30 2020,Sacramento,CA,Passenger,1,0,1,277,278,0.36
June 30 2019,Loudoun,VA,Passenger,1,0,1,94,95,1.05
June 30 2018,Arlington,VA,Passenger,1,2,3,176,179,1.68
January 31 2019,Suffolk,MA,Passenger,0,1,1,41,42,2.38
April 30 2023,DuPage,IL,Passenger,0,1,1,31,32,3.12
May 31 2017,Hamilton,IN,Passenger,1,0,1,62,63,1.59
September 30 2018,Grant,WA,Passenger,33,50,83,63768,63851,0.13
August 31 2023,Whitman,WA,Passenger,170,82,252,21909,22161,1.14
July 31 2021,Sedgwick,KS,Passenger,1,1,2,87,89,2.25
September 30 2018,Contra Costa,CA,Passenger,0,2,2,418,420,0.48
January 31 2022,Pierce,WA,Truck,0,0,0,144373,144373,0.00
June 30 2017,Utah,UT,Passenger,0,1,1,160,161,0.62
March 31 2017,Thurston,WA,Passenger,365,313,678,185401,186079,0.36
December 31 2018,Clallam,WA,Truck,0,0,0,21641,21641,0.00
September 30 2022,San Joaquin,CA,Passenger,1,0,1,88,89,1.12
October 31 2020,Garfield,WA,Truck,0,0,0,990,990,0.00
September 30 2023,Calvert,MD,Passenger,1,1,2,66,68,2.94
July 31 2018,Washoe,NV,Passenger,1,0,1,122,123,0.81
January 31 2021,Charleston,SC,Passenger,2,0,2,90,92,2.17
May 31 2018,St. Lucie,FL,Passenger,1,0,1,28,29,3.45
April 30 2023,Cowlitz,WA,Passenger,437,204,641,70077,70718,0.91
August 31 2020,Snohomish,WA,Passenger,4644,1781,6425,536007,542432,1.18
April 30 2020,Lincoln,WA,Passenger,4,12,16,7676,7692,0.21
October 31 2021,Douglas,WA,Truck,0,0,0,12676,12676,0.00
February 28 2017,Okanogan,WA,Truck,0,0,0,16301,16301,0.00
April 30 2023,Ferry,WA,Truck,0,0,0,3572,3572,0.00
July 31 2017,El Paso,CO,Passenger,2,0,2,791,793,0.25
January 31 2020,Asotin,WA,Truck,0,0,0,6721,6721,0.00
February 28 2021,Hawaii,HI,Passenger,1,0,1,53,54,1.85
June 30 2022,Spartanburg,SC,Passenger,0,1,1,38,39,2.56
June 30 2022,Parker,TX,Passenger,0,1,1,19,20,5.00
November 30 2017,Hamilton,IN,Passenger,1,0,1,54,55,1.82
June 30 2017,Clark,WA,Passenger,787,504,1291,299546,300837,0.43
December 31 2020,Skamania,WA,Truck,0,0,0,4003,4003,0.00
October 31 2021,Prince William,VA,Passenger,1,1,2,209,211,0.95
November 30 2017,Kitsap,WA,Truck,1,0,1,52632,52633,0.00
October 31 2021,Whitman,WA,Passenger,63,58,121,21913,22034,0.55
March 31 2021,Jefferson,NY,Passenger,0,1,1,211,212,0.47
April 30 2022,Coryell,TX,Passenger,1,0,1,102,103,0.97
March 31 2019,Tarrant,TX,Passenger,2,0,2,207,209,0.96
October 31 2020,Douglas,NE,Passenger,0,1,1,52,53,1.89
October 31 2021,DuPage,IL,Passenger,1,1,2,54,56,3.57
August 31 2023,Meade,KY,Passenger,1,0,1,15,16,6.25
November 30 2023,Kootenai,ID,Truck,1,0,1,19,20,5.00
September 30 2021,Hawaii,HI,Passenger,1,0,1,46,47,2.13
December 31 2022,Adams,WA,Truck,1,0,1,5395,5396,0.02
February 28 2022,Wahkiakum,WA,Passenger,17,11,28,3094,3122,0.90
November 30 2018,Kootenai,ID,Passenger,1,1,2,219,221,0.90
November 30 2023,Grays Harbor,WA,Passenger,350,221,571,46653,47224,1.21
August 31 2018,Saratoga,NY,Passenger,1,0,1,61,62,1.61
July 31 2021,Plaquemines,LA,Passenger,0,1,1,16,17,5.88
November 30 2023,Columbia,WA,Passenger,12,0,12,2343,2355,0.51
November 30 2018,San Mateo,CA,Passenger,2,1,3,132,135,2.22
August 31 2023,Bell,TX,Passenger,1,0,1,234,235,0.43
January 31 2023,Jefferson,WA,Truck,6,0,6,9369,9375,0.06
November 30 2023,Virginia Beach,VA,Passenger,4,2,6,381,387,1.55
August 31 2021,Kauai,HI,Passenger,1,0,1,20,21,4.76
May 31 2018,Virginia Beach,VA,Passenger,2,1,3,688,691,0.43
March 31 2020,Chelan,WA,Truck,0,0,0,22553,22553,0.00
June 30 2020,Skamania,WA,Passenger,31,17,48,8477,8525,0.56
September 30 2019,Garfield,WA,Passenger,0,1,1,1310,1311,0.08
February 29 2020,Benton,WA,Truck,0,0,0,42571,42571,0.00
December 31 2021,Escambia,FL,Passenger,0,1,1,141,142,0.70
December 31 2022,Fairfax,VA,Truck,1,0,1,101,102,0.98
September 30 2022,Hawaii,HI,Passenger,1,0,1,34,35,2.86
July 31 2021,Garfield,WA,Passenger,0,3,3,1373,1376,0.22
August 31 2020,Douglas,WA,Passenger,77,41,118,28008,28126,0.42
July 31 2022,Wake,NC,Passenger,1,0,1,89,90,1.11
January 31 2023,Grant,WA,Truck,5,0,5,28033,28038,0.02
February 28 2018,Santa Rosa,FL,Passenger,1,0,1,101,102,0.98
March 31 2019,Manatee,FL,Passenger,1,0,1,34,35,2.86
September 30 2021,New York,NY,Passenger,1,0,1,40,41,2.44
June 30 2022,Miami-Dade,FL,Passenger,1,0,1,77,78,1.28
March 31 2022,Washington,MD,Passenger,2,0,2,14,16,12.50
May 31 2018,Marin,CA,Passenger,1,0,1,57,58,1.72
November 30 2023,Mercer,NJ,Passenger,0,1,1,6,7,14.29
July 31 2022,Juneau,AK,Passenger,0,1,1,28,29,3.45
February 28 2018,Clark,WA,Truck,0,0,0,78568,78568,0.00
November 30 2018,Walla Walla,WA,Passenger,38,52,90,36091,36181,0.25
June 30 2022,San Juan,WA,Passenger,513,157,670,14056,14726,4.55
August 31 2019,Pinal,AZ,Passenger,2,0,2,197,199,1.01
July 31 2018,Volusia,FL,Passenger,0,1,1,35,36,2.78
October 31 2022,Fairbanks North Star,AK,Passenger,0,1,1,67,68,1.47
September 30 2023,Lee,AL,Passenger,1,0,1,12,13,7.69
April 30 2019,Santa Cruz,CA,Passenger,1,0,1,41,42,2.38
May 31 2021,Hillsborough,FL,Passenger,0,2,2,152,154,1.30
June 30 2017,Yakima,WA,Truck,0,0,0,57350,57350,0.00
May 31 2021,Goochland,VA,Passenger,4,2,6,235,241,2.49
September 30 2020,RÃ­o Grande,PR,Passenger,1,0,1,1,2,50.00
September 30 2023,El Paso,CO,Passenger,3,2,5,443,448,1.12
November 30 2020,Hillsborough,FL,Passenger,0,1,1,169,170,0.59
January 31 2021,Utah,UT,Passenger,0,1,1,130,131,0.76
December 31 2020,Middlesex,MA,Passenger,1,1,2,96,98,2.04
September 30 2021,Douglas,NE,Passenger,1,1,2,52,54,3.70
July 31 2023,Sarpy,NE,Passenger,1,0,1,50,51,1.96
April 30 2021,Danville,VA,Passenger,1,0,1,0,1,100.00
August 31 2022,Yakima,WA,Passenger,364,204,568,166466,167034,0.34
April 30 2022,El Paso,CO,Passenger,3,1,4,628,632,0.63
September 30 2018,Clark,NV,Passenger,2,2,4,738,742,0.54
June 30 2019,Denver,CO,Passenger,1,0,1,130,131,0.76
November 30 2020,Spokane,WA,Truck,0,0,0,100353,100353,0.00
January 31 2020,Pacific,WA,Truck,0,0,0,7746,7746,0.00
November 30 2023,Philadelphia,PA,Passenger,1,0,1,28,29,3.45
December 31 2019,Hudson,NJ,Passenger,1,0,1,40,41,2.44
January 31 2023,Alexandria,VA,Passenger,4,1,5,94,99,5.05
July 31 2018,Norfolk,MA,Passenger,1,0,1,38,39,2.56
February 28 2022,Sarasota,FL,Passenger,2,0,2,31,33,6.06
July 31 2021,Ulster,NY,Passenger,1,0,1,12,13,7.69
February 29 2020,Yakima,WA,Passenger,123,116,239,165946,166185,0.14
December 31 2022,Multnomah,OR,Passenger,1,2,3,476,479,0.63
February 28 2018,Island,WA,Passenger,165,172,337,61855,62192,0.54
February 28 2023,San Bernardino,CA,Passenger,2,1,3,286,289,1.04
April 30 2019,Harris,TX,Passenger,0,1,1,259,260,0.38
June 30 2023,Benton,WA,Passenger,1143,569,1712,135318,137030,1.25
November 30 2022,Cook,IL,Passenger,3,0,3,175,178,1.69
November 30 2020,San Diego,CA,Passenger,15,4,19,2730,2749,0.69
April 30 2019,Harnett,NC,Passenger,1,1,2,221,223,0.90
January 31 2019,Lee,AL,Passenger,1,0,1,35,36,2.78
December 31 2022,Saratoga,NY,Passenger,1,0,1,40,41,2.44
February 28 2022,Santa Cruz,CA,Passenger,1,0,1,28,29,3.45
September 30 2020,Carroll,NH,Passenger,0,1,1,5,6,16.67
October 31 2019,King,WA,Passenger,21365,7391,28756,1395880,1424636,2.02
August 31 2022,Clallam,WA,Truck,4,0,4,21869,21873,0.02
March 31 2023,Suffolk,VA,Passenger,1,0,1,107,108,0.93
March 31 2019,Asotin,WA,Truck,0,0,0,6631,6631,0.00
April 30 2020,El Paso,CO,Passenger,2,1,3,729,732,0.41
July 31 2018,Hennepin,MN,Passenger,1,0,1,106,107,0.93
November 30 2018,Dakota,MN,Passenger,0,2,2,35,37,5.41
April 30 2022,Dallas,TX,Passenger,1,0,1,123,124,0.81
November 30 2023,Lane,OR,Passenger,0,2,2,50,52,3.85
November 30 2020,Bucks,PA,Passenger,1,0,1,21,22,4.55
May 31 2019,Santa Fe,NM,Passenger,0,1,1,42,43,2.33
May 31 2022,Kauai,HI,Passenger,1,0,1,18,19,5.26
March 31 2018,Queens,NY,Passenger,1,0,1,63,64,1.56
February 28 2019,Sumter,FL,Passenger,0,1,1,10,11,9.09
April 30 2018,Tarrant,TX,Passenger,1,0,1,220,221,0.45
August 31 2020,Snohomish,WA,Truck,0,0,0,124580,124580,0.00
March 31 2020,Anne Arundel,MD,Passenger,1,1,2,428,430,0.47
July 31 2017,Orange,CA,Passenger,3,1,4,640,644,0.62
December 31 2017,Mason,WA,Passenger,66,75,141,44840,44981,0.31
July 31 2023,Santa Barbara,CA,Passenger,1,0,1,62,63,1.59
October 31 2020,Carroll,NH,Passenger,0,1,1,5,6,16.67
August 31 2022,Lee,FL,Passenger,1,0,1,32,33,3.03
August 31 2017,Douglas,WA,Passenger,35,27,62,26836,26898,0.23
February 28 2021,Jefferson,WA,Truck,0,0,0,9575,9575,0.00
January 31 2017,Skagit,WA,Passenger,106,81,187,87445,87632,0.21
November 30 2022,Henrico,VA,Passenger,0,1,1,8,9,11.11
April 30 2017,Montgomery,MD,Passenger,1,0,1,312,313,0.32
November 30 2022,Norfolk,VA,Passenger,3,3,6,291,297,2.02
September 30 2019,San Juan,WA,Passenger,229,73,302,14426,14728,2.05
June 30 2020,Douglas,WA,Passenger,71,40,111,27999,28110,0.39
November 30 2020,Clark,NV,Passenger,4,2,6,666,672,0.89
September 30 2020,Solano,CA,Passenger,1,0,1,207,208,0.48
March 31 2019,Caddo,LA,Passenger,0,1,1,24,25,4.00
July 31 2021,Ray,MO,Passenger,0,1,1,1,2,50.00
August 31 2023,Cowlitz,WA,Passenger,520,230,750,69531,70281,1.07
January 31 2017,Whatcom,WA,Truck,2,0,2,41337,41339,0.00
November 30 2019,Ramsey,MN,Passenger,1,0,1,42,43,2.33
August 31 2022,San Diego,CA,Passenger,21,9,30,2332,2362,1.27
April 30 2018,Kitsap,WA,Truck,1,0,1,52992,52993,0.00
April 30 2022,Santa Clara,CA,Passenger,10,1,11,242,253,4.35
February 28 2018,Canyon,ID,Passenger,0,1,1,96,97,1.03
May 31 2019,Dakota,MN,Passenger,0,2,2,37,39,5.13
March 31 2022,Henrico,VA,Passenger,0,1,1,12,13,7.69
December 31 2019,Garfield,WA,Truck,0,0,0,968,968,0.00
March 31 2021,San Joaquin,CA,Passenger,1,0,1,109,110,0.91
March 31 2021,Hudson,NJ,Passenger,1,0,1,43,44,2.27
October 31 2023,Lincoln,WA,Truck,0,0,0,4751,4751,0.00
August 31 2019,Twin Falls,ID,Passenger,0,1,1,27,28,3.57
June 30 2020,Middlesex,MA,Passenger,1,1,2,95,97,2.06
May 31 2020,Henrico,VA,Passenger,0,1,1,18,19,5.26
August 31 2018,San Francisco,CA,Passenger,1,1,2,124,126,1.59
September 30 2020,St. Clair,IL,Passenger,1,0,1,136,137,0.73
April 30 2021,Cowlitz,WA,Truck,0,0,0,29170,29170,0.00
April 30 2017,Pacific,WA,Truck,0,0,0,7463,7463,0.00
January 31 2019,Garfield,OK,Passenger,1,0,1,14,15,6.67
November 30 2018,Franklin,WA,Truck,0,0,0,18982,18982,0.00
February 28 2023,Skamania,WA,Truck,1,0,1,3871,3872,0.03
July 31 2023,Jefferson,NY,Passenger,2,1,3,172,175,1.71
June 30 2018,Virginia Beach,VA,Passenger,2,1,3,689,692,0.43
May 31 2018,Jefferson,CO,Passenger,0,1,1,70,71,1.41
April 30 2023,Monterey,CA,Passenger,1,2,3,115,118,2.54
July 31 2021,Lane,OR,Passenger,0,2,2,127,129,1.55
November 30 2021,Collier,FL,Passenger,1,0,1,19,20,5.00
October 31 2021,Salt Lake,UT,Passenger,0,1,1,166,167,0.60
April 30 2019,DeKalb,IN,Passenger,1,0,1,1,2,50.00
December 31 2021,Snohomish,WA,Passenger,7019,2233,9252,537296,546548,1.69
January 31 2020,Collin,TX,Passenger,2,1,3,133,136,2.21
February 29 2020,Solano,CA,Passenger,1,0,1,215,216,0.46
October 31 2022,Franklin,WA,Truck,2,0,2,20869,20871,0.01
February 28 2022,Wahkiakum,WA,Truck,0,0,0,1814,1814,0.00
August 31 2023,Whatcom,WA,Truck,66,0,66,42355,42421,0.16
May 31 2022,Collier,FL,Passenger,1,0,1,16,17,5.88
February 28 2023,Parker,TX,Passenger,0,1,1,15,16,6.25
April 30 2018,Marin,CA,Passenger,1,0,1,57,58,1.72
September 30 2017,Mercer,NJ,Passenger,0,1,1,18,19,5.26
December 31 2020,Rogers,OK,Passenger,1,0,1,4,5,20.00
October 31 2017,Madison,ID,Passenger,1,0,1,37,38,2.63
November 30 2021,Louisa,VA,Passenger,0,1,1,1,2,50.00
May 31 2018,Spokane,WA,Passenger,324,302,626,302427,303053,0.21
August 31 2019,Fairfax,VA,Passenger,4,2,6,765,771,0.78
October 31 2022,Skamania,WA,Truck,0,0,0,3899,3899,0.00
January 31 2017,,,Passenger,2,0,2,484,486,0.41
September 30 2021,Whitman,WA,Truck,0,0,0,8562,8562,0.00
April 30 2021,Yakima,WA,Truck,0,0,0,61650,61650,0.00
January 31 2021,Stevens,WA,Truck,0,0,0,18747,18747,0.00
February 28 2023,Walla Walla,WA,Truck,3,0,3,13833,13836,0.02
December 31 2022,Solano,CA,Passenger,2,0,2,152,154,1.30
July 31 2018,Dakota,MN,Passenger,0,2,2,37,39,5.13
June 30 2019,Albemarle,VA,Passenger,1,0,1,23,24,4.17
November 30 2018,Clark,WA,Truck,0,0,0,79736,79736,0.00
May 31 2018,Northampton,PA,Passenger,0,1,1,64,65,1.54
June 30 2021,Ferry,WA,Truck,0,0,0,3642,3642,0.00
April 30 2021,Duval,FL,Passenger,0,2,2,355,357,0.56
October 31 2022,Douglas,WA,Truck,2,0,2,12807,12809,0.02
March 31 2019,Spartanburg,SC,Passenger,0,1,1,35,36,2.78
July 31 2020,Bucks,PA,Passenger,1,0,1,22,23,4.35
December 31 2020,Alexandria,VA,Passenger,2,0,2,133,135,1.48
July 31 2022,Eagle,CO,Passenger,1,0,1,8,9,11.11
February 28 2023,King,WA,Passenger,51042,12816,63858,1330886,1394744,4.58
June 30 2023,King,WA,Passenger,57603,14672,72275,1323922,1396197,5.18
April 30 2018,Ventura,CA,Passenger,0,1,1,325,326,0.31
October 31 2022,Skagit,WA,Truck,8,0,8,32216,32224,0.02
December 31 2020,Walla Walla,WA,Truck,0,0,0,13869,13869,0.00
July 31 2021,Chesapeake,VA,Passenger,0,3,3,394,397,0.76
September 30 2023,Kittitas,WA,Truck,11,0,11,14425,14436,0.08
February 29 2020,Chelan,WA,Passenger,216,78,294,54599,54893,0.54
November 30 2022,Onslow,NC,Passenger,0,1,1,163,164,0.61
February 28 2022,Yellowstone,MT,Passenger,0,1,1,29,30,3.33
November 30 2022,Montgomery,AL,Passenger,0,1,1,34,35,2.86
June 30 2019,Rogers,OK,Passenger,1,0,1,5,6,16.67
February 28 2022,Juneau,AK,Passenger,0,1,1,28,29,3.45
August 31 2017,Sumter,FL,Passenger,0,1,1,10,11,9.09
January 31 2022,Mason,WA,Truck,0,0,0,21175,21175,0.00
April 30 2020,Benton,WA,Passenger,347,321,668,134539,135207,0.49
March 31 2022,Clark,NV,Passenger,7,2,9,555,564,1.60
July 31 2022,Douglas,CO,Passenger,0,1,1,77,78,1.28
April 30 2023,St. Clair,IL,Passenger,2,0,2,101,103,1.94
September 30 2018,Queens,NY,Passenger,1,0,1,62,63,1.59
October 31 2020,Collier,FL,Passenger,1,0,1,19,20,5.00
August 31 2022,Grant,WA,Passenger,198,106,304,66725,67029,0.45
December 31 2019,Virginia Beach,VA,Passenger,1,0,1,699,700,0.14
May 31 2023,El Paso,CO,Passenger,3,2,5,499,504,0.99
December 31 2022,Kittitas,WA,Passenger,300,93,393,29537,29930,1.31
June 30 2019,Grant,WA,Truck,0,0,0,26630,26630,0.00
April 30 2023,Thurston,WA,Truck,55,0,55,54133,54188,0.10
August 31 2021,DeKalb,GA,Passenger,1,0,1,65,66,1.52
November 30 2021,Skamania,WA,Passenger,57,40,97,8333,8430,1.15
December 31 2019,Santa Rosa,FL,Passenger,1,0,1,89,90,1.11
June 30 2019,Santa Rosa,FL,Passenger,1,0,1,90,91,1.10
December 31 2022,Palm Beach,FL,Passenger,1,0,1,49,50,2.00
January 31 2023,Washington,MD,Passenger,2,0,2,14,16,12.50
July 31 2017,DeKalb,GA,Passenger,1,0,1,86,87,1.15
July 31 2022,Hamilton,OH,Passenger,1,0,1,32,33,3.03
June 30 2023,Elmore,ID,Passenger,1,0,1,11,12,8.33
May 31 2022,Mercer,NJ,Passenger,0,1,1,12,13,7.69
July 31 2023,Douglas,WA,Passenger,213,64,277,28727,29004,0.96
May 31 2018,Latah,ID,Passenger,0,1,1,79,80,1.25
February 28 2018,Kitsap,WA,Truck,1,0,1,52836,52837,0.00
October 31 2023,Harnett,NC,Passenger,4,0,4,121,125,3.20
March 31 2022,St. Mary's,MD,Passenger,1,0,1,204,205,0.49
April 30 2022,Cumberland,NC,Passenger,1,4,5,388,393,1.27
May 31 2022,Orange,NC,Passenger,0,1,1,8,9,11.11
May 31 2019,Camden,NJ,Passenger,0,1,1,23,24,4.17
June 30 2019,Camden,NJ,Passenger,0,1,1,24,25,4.00
January 31 2023,Camden,NJ,Passenger,0,1,1,13,14,7.14
October 31 2018,Oldham,KY,Passenger,0,1,1,5,6,16.67
December 31 2022,King,WA,Passenger,48172,12255,60427,1337210,1397637,4.32
November 30 2022,Asotin,WA,Truck,0,0,0,6679,6679,0.00
October 31 2022,Cowlitz,WA,Truck,4,0,4,28441,28445,0.01
October 31 2023,Spokane,WA,Truck,48,0,48,100158,100206,0.05
April 30 2020,Travis,TX,Passenger,3,1,4,186,190,2.11
November 30 2019,San Juan,WA,Truck,0,0,0,5926,5926,0.00
May 31 2019,Maui,HI,Passenger,2,0,2,47,49,4.08
October 31 2022,Nueces,TX,Passenger,0,1,1,51,52,1.92
January 31 2019,Sedgwick,KS,Passenger,0,1,1,102,103,0.97
April 30 2020,Collier,FL,Passenger,1,0,1,18,19,5.26
April 30 2022,Spokane,WA,Passenger,1510,810,2320,325541,327861,0.71
May 31 2019,San Joaquin,CA,Passenger,1,0,1,134,135,0.74
September 30 2017,Klickitat,WA,Truck,0,0,0,7983,7983,0.00
October 31 2019,Skamania,WA,Passenger,25,19,44,8798,8842,0.50
August 31 2023,Kern,CA,Passenger,1,1,2,162,164,1.22
June 30 2021,Franklin,WA,Passenger,123,97,220,61998,62218,0.35
April 30 2021,San Juan,WA,Passenger,406,125,531,14142,14673,3.62
May 31 2019,Harnett,NC,Passenger,1,1,2,222,224,0.89
January 31 2023,Houston,GA,Passenger,1,0,1,24,25,4.00
December 31 2019,Polk,FL,Passenger,1,0,1,68,69,1.45
January 31 2021,Ventura,CA,Passenger,1,2,3,283,286,1.05
July 31 2023,Adams,WA,Truck,3,0,3,5320,5323,0.06
January 31 2022,Garfield,WA,Truck,0,0,0,994,994,0.00
January 31 2017,San Juan,WA,Passenger,84,31,115,13348,13463,0.85
April 30 2022,Lincoln,WA,Truck,0,0,0,4851,4851,0.00
December 31 2021,Kings,NY,Passenger,1,0,1,68,69,1.45
October 31 2020,Dallas,TX,Passenger,1,0,1,185,186,0.54
July 31 2022,Hennepin,MN,Passenger,1,0,1,50,51,1.96
November 30 2023,Gwinnett,GA,Passenger,1,0,1,32,33,3.03
March 31 2017,Jefferson,NY,Passenger,1,1,2,260,262,0.76
August 31 2018,Thurston,WA,Passenger,603,517,1120,194212,195332,0.57
November 30 2018,Columbia,WA,Passenger,2,2,4,2438,2442,0.16
April 30 2021,Kitsap,WA,Truck,0,0,0,54560,54560,0.00
January 31 2021,Pend Oreille,WA,Passenger,12,3,15,9178,9193,0.16
April 30 2017,Pacific,WA,Passenger,9,8,17,15077,15094,0.11
June 30 2022,Whatcom,WA,Truck,7,0,7,43346,43353,0.02
June 30 2022,Geary,KS,Passenger,1,0,1,84,85,1.18
October 31 2019,Fairbanks North Star,AK,Passenger,0,1,1,100,101,0.99
April 30 2017,Montgomery,PA,Passenger,1,0,1,40,41,2.44
August 31 2017,Norfolk,VA,Passenger,1,1,2,315,317,0.63
May 31 2023,Harnett,NC,Passenger,4,0,4,132,136,2.94
January 31 2020,Harnett,NC,Passenger,1,1,2,212,214,0.93
September 30 2017,Okaloosa,FL,Passenger,1,0,1,188,189,0.53
August 31 2023,Beaufort,SC,Passenger,1,0,1,23,24,4.17
November 30 2018,Gwinnett,GA,Passenger,0,1,1,80,81,1.23
September 30 2018,Eagle,CO,Passenger,1,0,1,5,6,16.67
November 30 2018,Virginia Beach,VA,Passenger,2,1,3,698,701,0.43
June 30 2019,Cook,IL,Passenger,1,0,1,249,250,0.40
March 31 2019,Richland,SC,Passenger,0,1,1,165,166,0.60
June 30 2019,Nassau,NY,Passenger,4,0,4,42,46,8.70
December 31 2021,Jefferson,NY,Passenger,1,1,2,211,213,0.94
July 31 2019,Dale,AL,Passenger,0,1,1,58,59,1.69
December 31 2021,Rockdale,GA,Passenger,1,0,1,6,7,14.29
January 31 2017,Whatcom,WA,Passenger,383,141,524,141870,142394,0.37
August 31 2017,Douglas,WA,Truck,0,0,0,11570,11570,0.00
January 31 2019,Los Angeles,CA,Passenger,6,5,11,1115,1126,0.98
September 30 2023,Essex,MA,Passenger,1,0,1,12,13,7.69
April 30 2017,Kittitas,WA,Truck,0,0,0,13478,13478,0.00
April 30 2021,Richmond,NY,Passenger,1,0,1,7,8,12.50
December 31 2022,Middlesex,MA,Passenger,2,1,3,66,69,4.35
December 31 2019,Oklahoma,OK,Passenger,0,1,1,132,133,0.75
January 31 2018,Orleans,LA,Passenger,0,1,1,46,47,2.13
July 31 2022,Rockdale,GA,Passenger,1,0,1,7,8,12.50
May 31 2023,Whatcom,WA,Passenger,2396,872,3268,147787,151055,2.16
March 31 2021,Wahkiakum,WA,Passenger,9,7,16,3083,3099,0.52
September 30 2019,New Haven,CT,Passenger,0,2,2,46,48,4.17
May 31 2022,Klickitat,WA,Truck,1,0,1,8288,8289,0.01
November 30 2017,Pima,AZ,Passenger,1,1,2,425,427,0.47
April 30 2020,Frederick,MD,Passenger,1,1,2,78,80,2.50
December 31 2020,Orange,CA,Passenger,4,3,7,473,480,1.46
January 31 2020,Richland,SC,Passenger,0,1,1,157,158,0.63
April 30 2020,Stevens,WA,Passenger,33,33,66,30957,31023,0.21
March 31 2019,Allegheny,PA,Passenger,1,0,1,89,90,1.11
May 31 2022,St. Louis,MO,Passenger,2,0,2,68,70,2.86
June 30 2019,Pierce,WA,Passenger,1808,1555,3363,542968,546331,0.62
February 28 2022,Orange,FL,Passenger,2,0,2,98,100,2.00
July 31 2021,San Francisco,CA,Passenger,0,1,1,93,94,1.06
May 31 2023,Hudson,NJ,Passenger,1,0,1,18,19,5.26
October 31 2021,Boone,MO,Passenger,0,1,1,9,10,10.00
June 30 2020,Duval,FL,Passenger,0,2,2,368,370,0.54
August 31 2017,Prince William,VA,Passenger,0,3,3,266,269,1.12
August 31 2019,Clark,NV,Passenger,5,2,7,700,707,0.99
March 31 2022,Pima,AZ,Passenger,1,1,2,256,258,0.78
August 31 2023,Skagit,WA,Truck,26,0,26,31636,31662,0.08
October 31 2018,Pend Oreille,WA,Truck,0,0,0,5750,5750,0.00
May 31 2018,Utah,UT,Passenger,0,1,1,138,139,0.72
January 31 2021,Bucks,PA,Passenger,1,0,1,21,22,4.55
December 31 2019,Carroll,NH,Passenger,0,1,1,4,5,20.00
August 31 2020,Bartow,GA,Passenger,0,1,1,4,5,20.00
June 30 2023,Walla Walla,WA,Truck,5,0,5,13688,13693,0.04
May 31 2018,Clark,WA,Passenger,963,696,1659,307131,308790,0.54
June 30 2023,Skamania,WA,Passenger,106,59,165,8047,8212,2.01
November 30 2018,Walla Walla,WA,Truck,0,0,0,13519,13519,0.00
October 31 2022,San Juan,WA,Passenger,549,165,714,13975,14689,4.86
May 31 2020,Douglas,WA,Passenger,69,40,109,27960,28069,0.39
April 30 2021,Philadelphia,PA,Passenger,1,0,1,55,56,1.79
October 31 2021,Sonoma,CA,Passenger,0,1,1,89,90,1.11
November 30 2023,Virginia Beach,VA,Truck,1,0,1,88,89,1.12
April 30 2021,Hampshire,MA,Passenger,1,0,1,7,8,12.50
May 31 2022,Clallam,WA,Passenger,410,244,654,49764,50418,1.30
October 31 2018,Chelan,WA,Truck,0,0,0,22059,22059,0.00
March 31 2019,Grant,WA,Truck,0,0,0,26336,26336,0.00
January 31 2017,Wayne,MI,Passenger,0,2,2,79,81,2.47
January 31 2018,Travis,TX,Passenger,1,1,2,189,191,1.05
June 30 2022,Yavapai,AZ,Passenger,0,1,1,28,29,3.45
December 31 2021,Camden,NJ,Passenger,0,1,1,14,15,6.67
August 31 2019,Sarasota,FL,Passenger,1,0,1,29,30,3.33
February 29 2020,Prince William,VA,Passenger,2,3,5,234,239,2.09
February 28 2023,Wahkiakum,WA,Truck,1,0,1,1795,1796,0.06
July 31 2019,Harris,TX,Passenger,1,1,2,260,262,0.76
April 30 2020,Kootenai,ID,Passenger,1,0,1,225,226,0.44
April 30 2018,Maricopa,AZ,Passenger,2,2,4,1605,1609,0.25
May 31 2017,Stevens,WA,Truck,0,0,0,18252,18252,0.00
September 30 2018,Garfield,WA,Truck,0,0,0,965,965,0.00
August 31 2022,Yakima,WA,Truck,1,0,1,61362,61363,0.00
August 31 2019,Benton,WA,Truck,0,0,0,42177,42177,0.00
June 30 2022,Franklin,WA,Truck,0,0,0,20889,20889,0.00
September 30 2019,Loudoun,VA,Passenger,1,0,1,93,94,1.06
May 31 2019,Arlington,VA,Passenger,1,2,3,164,167,1.80
August 31 2022,Orange,FL,Passenger,2,0,2,83,85,2.35
July 31 2020,Hamilton,IN,Passenger,1,0,1,42,43,2.33
January 31 2021,Flathead,MT,Passenger,1,0,1,55,56,1.79
April 30 2021,Maricopa,AZ,Passenger,5,6,11,1293,1304,0.84
August 31 2022,Lewis,WA,Passenger,242,177,419,59696,60115,0.70
May 31 2017,Pend Oreille,WA,Passenger,2,4,6,9312,9318,0.06
December 31 2018,Wahkiakum,WA,Passenger,1,1,2,2977,2979,0.07
February 28 2018,Island,WA,Truck,0,0,0,20819,20819,0.00
May 31 2021,Miami-Dade,FL,Passenger,1,0,1,96,97,1.03
August 31 2019,Spartanburg,SC,Passenger,0,1,1,40,41,2.44
September 30 2023,Stafford,VA,Passenger,3,0,3,72,75,4.00
December 31 2021,Nueces,TX,Passenger,1,1,2,65,67,2.99
December 31 2018,Mercer,NJ,Passenger,0,1,1,20,21,4.76
September 30 2017,Whatcom,WA,Truck,2,0,2,41836,41838,0.00
March 31 2021,Whitman,WA,Truck,0,0,0,8557,8557,0.00
August 31 2017,Cowlitz,WA,Truck,0,0,0,27990,27990,0.00
March 31 2018,Nueces,TX,Passenger,1,1,2,93,95,2.11
October 31 2022,Collin,TX,Passenger,3,0,3,66,69,4.35
February 28 2021,Polk,FL,Passenger,1,0,1,59,60,1.67
October 31 2020,Lee,FL,Passenger,1,0,1,49,50,2.00
November 30 2019,Osceola,FL,Passenger,1,0,1,44,45,2.22
July 31 2023,Harris,TX,Passenger,1,0,1,120,121,0.83
June 30 2019,Klickitat,WA,Truck,0,0,0,8250,8250,0.00
August 31 2020,Garfield,WA,Passenger,0,1,1,1349,1350,0.07
September 30 2018,Palm Beach,FL,Passenger,0,1,1,87,88,1.14
August 31 2021,Polk,FL,Passenger,1,0,1,63,64,1.56
November 30 2020,Hampshire,MA,Passenger,1,0,1,7,8,12.50
January 31 2017,Spokane,WA,Passenger,221,196,417,296005,296422,0.14
January 31 2017,Stevens,WA,Truck,0,0,0,18339,18339,0.00
March 31 2018,Snohomish,WA,Passenger,2133,1158,3291,517873,521164,0.63
February 28 2018,Ventura,CA,Passenger,0,1,1,339,340,0.29
February 28 2017,Cowlitz,WA,Truck,0,0,0,27869,27869,0.00
November 30 2020,Anne Arundel,MD,Passenger,1,1,2,403,405,0.49
August 31 2018,Pinal,AZ,Passenger,2,0,2,206,208,0.96
November 30 2019,Tarrant,TX,Passenger,2,0,2,202,204,0.98
April 30 2023,Fairfax,VA,Truck,1,0,1,88,89,1.12
January 31 2018,Manassas,VA,Passenger,0,1,1,9,10,10.00
July 31 2017,Eagle,CO,Passenger,1,0,1,7,8,12.50
October 31 2018,Jefferson,WA,Truck,0,0,0,9609,9609,0.00
June 30 2023,El Paso,CO,Passenger,3,2,5,480,485,1.03
March 31 2018,Alameda,CA,Passenger,0,1,1,357,358,0.28
April 30 2019,Saratoga,NY,Passenger,1,0,1,56,57,1.75
June 30 2023,Cook,IL,Passenger,3,1,4,144,148,2.70
April 30 2021,Sarasota,FL,Passenger,2,0,2,29,31,6.45
May 31 2023,Fairfax,VA,Truck,1,0,1,87,88,1.14
June 30 2020,Snohomish,WA,Passenger,4433,1764,6197,534471,540668,1.15
January 31 2023,Pend Oreille,WA,Truck,0,0,0,5580,5580,0.00
February 28 2017,Portsmouth,VA,Passenger,0,1,1,65,66,1.52
January 31 2018,Lincoln,WA,Truck,0,0,0,4502,4502,0.00
January 31 2021,El Paso,TX,Passenger,3,0,3,401,404,0.74
May 31 2019,Klickitat,WA,Truck,0,0,0,8236,8236,0.00
June 30 2018,New London,CT,Passenger,0,1,1,252,253,0.40
May 31 2019,Brevard,FL,Passenger,0,1,1,90,91,1.10
August 31 2022,Currituck,NC,Passenger,1,0,1,17,18,5.56
February 28 2022,Oldham,KY,Passenger,0,1,1,4,5,20.00
January 31 2022,Marion,IA,Passenger,1,0,1,0,1,100.00
August 31 2020,El Paso,CO,Passenger,2,1,3,717,720,0.42
April 30 2021,Walla Walla,WA,Truck,0,0,0,14046,14046,0.00
November 30 2019,Franklin,WA,Passenger,53,75,128,60775,60903,0.21
April 30 2019,Duval,FL,Passenger,1,2,3,389,392,0.77
February 29 2020,San Juan,WA,Passenger,279,82,361,14325,14686,2.46
April 30 2019,Ventura,CA,Passenger,0,2,2,320,322,0.62
July 31 2022,Lewis,WA,Truck,0,0,0,26334,26334,0.00
October 31 2020,Deschutes,OR,Passenger,2,0,2,131,133,1.50
December 31 2021,Richmond,NY,Passenger,1,0,1,4,5,20.00
October 31 2019,DeKalb,GA,Passenger,1,0,1,85,86,1.16
November 30 2023,Sarasota,FL,Passenger,1,0,1,12,13,7.69
January 31 2019,Monroe,IL,Passenger,1,0,1,3,4,25.00
August 31 2020,Hudson,NJ,Passenger,1,0,1,40,41,2.44
November 30 2018,Lewis,WA,Passenger,89,71,160,58207,58367,0.27
April 30 2018,Wahkiakum,WA,Passenger,1,3,4,2887,2891,0.14
April 30 2023,Mason,WA,Passenger,418,204,622,46379,47001,1.32
January 31 2018,Lewis,WA,Passenger,52,43,95,56805,56900,0.17
March 31 2020,Garfield,WA,Truck,0,0,0,975,975,0.00
January 31 2018,Orange,FL,Passenger,2,1,3,166,169,1.78
January 31 2021,Dallas,TX,Passenger,1,0,1,173,174,0.57
December 31 2020,Okaloosa,FL,Passenger,0,1,1,142,143,0.70
April 30 2023,Beaufort,SC,Passenger,1,0,1,24,25,4.00
May 31 2019,Lee,FL,Passenger,1,0,1,51,52,1.92
June 30 2018,Nantucket,MA,Passenger,1,0,1,4,5,20.00
May 31 2022,Kitsap,WA,Passenger,2351,1030,3381,178481,181862,1.86
June 30 2021,King,WA,Truck,6,1,7,184605,184612,0.00
December 31 2017,Okanogan,WA,Passenger,7,18,25,25734,25759,0.10
July 31 2020,El Paso,TX,Passenger,3,0,3,424,427,0.70
December 31 2022,Ferry,WA,Truck,0,0,0,3552,3552,0.00
August 31 2020,Yakima,WA,Passenger,147,122,269,166110,166379,0.16
November 30 2020,Platte,MO,Passenger,1,0,1,20,21,4.76
December 31 2020,Charleston,SC,Passenger,2,0,2,94,96,2.08
April 30 2020,Douglas,WA,Passenger,69,40,109,28013,28122,0.39
September 30 2020,New London,CT,Passenger,1,2,3,237,240,1.25
April 30 2018,Brevard,FL,Passenger,0,1,1,105,106,0.94
September 30 2022,Frederick,MD,Passenger,1,0,1,64,65,1.54
August 31 2019,Howard,MD,Passenger,0,1,1,76,77,1.30
May 31 2021,Carson City,NV,Passenger,1,0,1,11,12,8.33
April 30 2022,Frederick,MD,Passenger,1,1,2,70,72,2.78
November 30 2017,Collier,FL,Passenger,1,0,1,22,23,4.35
May 31 2021,Milwaukee,WI,Passenger,1,0,1,42,43,2.33
April 30 2022,Grant,WA,Truck,0,0,0,28073,28073,0.00
October 31 2022,El Paso,TX,Passenger,3,0,3,325,328,0.91
May 31 2020,Kootenai,ID,Passenger,1,0,1,223,224,0.45
April 30 2021,Platte,MO,Passenger,1,0,1,21,22,4.55
January 31 2019,Nantucket,MA,Passenger,1,0,1,4,5,20.00
August 31 2020,San Juan,WA,Passenger,320,100,420,13922,14342,2.93
April 30 2021,Montgomery,OH,Passenger,0,1,1,58,59,1.69
June 30 2022,Thurston,WA,Passenger,2180,1055,3235,194181,197416,1.64
April 30 2021,Jefferson,WA,Passenger,309,178,487,24892,25379,1.92
February 28 2017,Latah,ID,Passenger,0,1,1,133,134,0.75
June 30 2020,Hennepin,MN,Passenger,3,0,3,86,89,3.37
February 28 2018,Virginia Beach,VA,Passenger,2,1,3,681,684,0.44
February 28 2019,Sedgwick,KS,Passenger,0,1,1,104,105,0.95
October 31 2020,Salt Lake,UT,Passenger,0,1,1,183,184,0.54
February 28 2022,Kauai,HI,Passenger,1,0,1,20,21,4.76
August 31 2019,Greene,MO,Passenger,0,1,1,37,38,2.63
November 30 2020,Bartow,GA,Passenger,0,1,1,4,5,20.00
October 31 2017,Sacramento,CA,Passenger,1,0,1,332,333,0.30
November 30 2019,Deschutes,OR,Passenger,4,0,4,151,155,2.58
September 30 2017,Prince William,VA,Passenger,0,3,3,267,270,1.11
March 31 2019,Shelby,TN,Passenger,0,1,1,99,100,1.00
September 30 2023,Platte,MO,Passenger,2,0,2,21,23,8.70
March 31 2021,Dallas,TX,Passenger,1,0,1,170,171,0.58
March 31 2018,Norfolk,MA,Passenger,1,0,1,38,39,2.56
September 30 2017,Pierce,WA,Passenger,1012,898,1910,525116,527026,0.36
February 28 2022,Chelan,WA,Truck,0,0,0,23073,23073,0.00
June 30 2018,Pima,AZ,Passenger,1,1,2,426,428,0.47
July 31 2019,Charles,MD,Passenger,0,1,1,90,91,1.10
August 31 2018,Twin Falls,ID,Passenger,0,1,1,24,25,4.00
October 31 2021,Nueces,TX,Passenger,1,0,1,65,66,1.52
December 31 2021,Collin,TX,Passenger,2,0,2,106,108,1.85
December 31 2018,Middlesex,MA,Passenger,1,1,2,129,131,1.53
May 31 2017,Clark,WA,Truck,0,0,0,77596,77596,0.00
October 31 2018,Chelan,WA,Passenger,126,59,185,53931,54116,0.34
January 31 2019,Pima,AZ,Passenger,1,1,2,418,420,0.48
September 30 2017,Franklin,WA,Truck,0,0,0,18244,18244,0.00
December 31 2020,Hudson,NJ,Passenger,1,0,1,41,42,2.38
December 31 2021,Ventura,CA,Passenger,2,2,4,261,265,1.51
August 31 2020,Prince George's,MD,Passenger,2,1,3,160,163,1.84
January 31 2021,Santa Cruz,CA,Passenger,1,0,1,30,31,3.23
September 30 2023,Santa Clara,CA,Passenger,9,2,11,146,157,7.01
October 31 2018,Klickitat,WA,Truck,0,0,0,8153,8153,0.00
February 29 2020,Jefferson,WA,Passenger,230,139,369,25167,25536,1.45
January 31 2019,Asotin,WA,Passenger,12,9,21,12728,12749,0.16
January 31 2020,Chelan,WA,Passenger,213,77,290,54610,54900,0.53
October 31 2022,Island,WA,Passenger,899,388,1287,61542,62829,2.05
June 30 2021,Missoula,MT,Passenger,1,0,1,63,64,1.56
January 31 2023,Washington,OR,Passenger,1,0,1,271,272,0.37
February 29 2020,Washoe,NV,Passenger,1,0,1,117,118,0.85
December 31 2022,Washtenaw,MI,Passenger,0,1,1,23,24,4.17
February 28 2023,Marin,CA,Passenger,0,1,1,31,32,3.12
July 31 2021,Eagle,CO,Passenger,1,0,1,10,11,9.09
March 31 2020,Kittitas,WA,Passenger,98,49,147,29999,30146,0.49
September 30 2019,Alameda,CA,Passenger,4,1,5,299,304,1.64
October 31 2018,Grant,WA,Truck,0,0,0,26085,26085,0.00
October 31 2019,St. Mary's,MD,Passenger,1,0,1,218,219,0.46
November 30 2019,Okanogan,WA,Passenger,27,30,57,26232,26289,0.22
November 30 2017,Clallam,WA,Truck,0,0,0,21182,21182,0.00
October 31 2021,Grant,WA,Truck,0,0,0,28008,28008,0.00
February 28 2017,Stevens,WA,Passenger,6,21,27,31314,31341,0.09
November 30 2017,Morris,NJ,Passenger,1,0,1,22,23,4.35
January 31 2020,Dallas,TX,Passenger,1,0,1,214,215,0.47
February 28 2021,Dakota,MN,Passenger,0,1,1,29,30,3.33
April 30 2023,Washington,OR,Passenger,1,0,1,239,240,0.42
January 31 2021,Frederick,MD,Passenger,1,1,2,70,72,2.78
November 30 2021,Deschutes,OR,Passenger,2,0,2,106,108,1.85
April 30 2019,Garfield,WA,Truck,0,0,0,957,957,0.00
September 30 2022,San Diego,CA,Passenger,20,9,29,2318,2347,1.24
November 30 2019,Richmond,GA,Passenger,0,1,1,93,94,1.06
August 31 2018,District of Columbia,DC,Passenger,0,3,3,190,193,1.55
September 30 2023,Nueces,TX,Passenger,1,1,2,45,47,4.26
June 30 2020,Cascade,MT,Passenger,0,1,1,56,57,1.75
August 31 2020,Arlington,VA,Passenger,0,2,2,154,156,1.28
November 30 2018,San Juan,PR,Passenger,0,1,1,5,6,16.67
July 31 2018,Stevens,WA,Passenger,11,25,36,31647,31683,0.11
April 30 2017,Grays Harbor,WA,Truck,0,0,0,19849,19849,0.00
September 30 2019,Douglas,WA,Truck,0,0,0,12271,12271,0.00
May 31 2021,Sacramento,CA,Passenger,2,0,2,238,240,0.83
April 30 2021,Jones,GA,Passenger,1,0,1,1,2,50.00
March 31 2018,Morris,NJ,Passenger,1,0,1,19,20,5.00
August 31 2021,Gwinnett,GA,Passenger,1,0,1,61,62,1.61
June 30 2021,Danville,VA,Passenger,1,0,1,0,1,100.00
August 31 2022,Danville,VA,Passenger,1,0,1,0,1,100.00
April 30 2021,Thurston,WA,Passenger,1494,834,2328,197938,200266,1.16
June 30 2022,Richland,SC,Passenger,0,2,2,131,133,1.50
November 30 2023,Kittitas,WA,Passenger,435,113,548,28231,28779,1.90
October 31 2018,Prince William,VA,Passenger,0,4,4,257,261,1.53
March 31 2021,Island,WA,Passenger,556,299,855,62941,63796,1.34
October 31 2019,Fairfax,VA,Passenger,5,2,7,766,773,0.91
September 30 2022,DeKalb,GA,Passenger,1,0,1,51,52,1.92
June 30 2021,Kings,CA,Passenger,1,0,1,327,328,0.30
April 30 2020,Garfield,WA,Truck,0,0,0,967,967,0.00
September 30 2019,Snohomish,WA,Passenger,3739,1660,5399,533865,539264,1.00
November 30 2018,Shelby,TN,Passenger,0,1,1,105,106,0.94
March 31 2022,Currituck,NC,Passenger,1,0,1,21,22,4.55
February 28 2018,Sangamon,IL,Passenger,1,0,1,11,12,8.33
May 31 2021,San Juan,WA,Passenger,423,131,554,14211,14765,3.75
December 31 2020,Denton,TX,Passenger,1,0,1,87,88,1.14
October 31 2019,Cochise,AZ,Passenger,0,1,1,105,106,0.94
November 30 2020,Asotin,WA,Truck,0,0,0,6665,6665,0.00
April 30 2020,Douglas,NE,Passenger,0,1,1,57,58,1.72
February 28 2023,Cowlitz,WA,Passenger,428,193,621,70256,70877,0.88
April 30 2018,Thurston,WA,Passenger,523,444,967,191769,192736,0.50
January 31 2021,Grant,WA,Truck,0,0,0,27590,27590,0.00
January 31 2022,Asotin,WA,Truck,0,0,0,6731,6731,0.00
April 30 2020,Nassau,NY,Passenger,4,0,4,37,41,9.76
September 30 2022,Skagit,WA,Passenger,868,349,1217,89645,90862,1.34
April 30 2022,St. Clair,IL,Passenger,2,0,2,120,122,1.64
March 31 2017,Monroe,NY,Passenger,1,0,1,30,31,3.23
November 30 2022,Spokane,WA,Passenger,1894,915,2809,324396,327205,0.86
June 30 2019,Ferry,WA,Passenger,5,2,7,4389,4396,0.16
February 29 2020,Spokane,WA,Truck,1,0,1,97148,97149,0.00
November 30 2020,Island,WA,Truck,0,0,0,21285,21285,0.00
April 30 2022,Collier,FL,Passenger,1,0,1,18,19,5.26
March 31 2020,Lake,IL,Passenger,1,0,1,173,174,0.57
February 28 2018,Snohomish,WA,Passenger,2088,1118,3206,517233,520439,0.62
February 28 2021,Lewis,WA,Truck,0,0,0,26703,26703,0.00
August 31 2019,Sedgwick,KS,Passenger,1,1,2,101,103,1.94
September 30 2023,Harrison,MS,Passenger,1,0,1,27,28,3.57
July 31 2019,Maui,HI,Passenger,2,0,2,46,48,4.17
October 31 2021,Rockingham,NH,Passenger,1,0,1,21,22,4.55
August 31 2017,Dakota,MN,Passenger,0,2,2,38,40,5.00
September 30 2022,Hoke,NC,Passenger,1,0,1,68,69,1.45
January 31 2022,Louisa,VA,Passenger,0,1,1,1,2,50.00
January 31 2019,Franklin,MA,Passenger,0,1,1,1,2,50.00
February 29 2020,Thurston,WA,Passenger,1109,724,1833,198896,200729,0.91
December 31 2020,San Diego,CA,Passenger,14,4,18,2732,2750,0.65
August 31 2018,Pacific,WA,Truck,0,0,0,7623,7623,0.00
January 31 2018,St. Clair,IL,Passenger,0,1,1,159,160,0.62
November 30 2019,Goochland,VA,Passenger,3,1,4,267,271,1.48
July 31 2017,Grays Harbor,WA,Passenger,36,35,71,44846,44917,0.16
August 31 2020,San Mateo,CA,Passenger,0,1,1,114,115,0.87
March 31 2019,Rogers,OK,Passenger,1,0,1,4,5,20.00
August 31 2023,Spokane,WA,Passenger,2457,1190,3647,321017,324664,1.12
November 30 2021,Pierce,WA,Truck,0,0,0,145059,145059,0.00
November 30 2020,Montgomery,AL,Passenger,0,1,1,42,43,2.33
April 30 2022,Cook,IL,Passenger,3,0,3,203,206,1.46
February 28 2023,Orange,FL,Passenger,1,0,1,65,66,1.52
August 31 2020,Valencia,NM,Passenger,1,0,1,8,9,11.11
March 31 2017,Clackamas,OR,Passenger,1,2,3,338,341,0.88
December 31 2018,Guadalupe,TX,Passenger,1,0,1,81,82,1.22
October 31 2019,Whitman,WA,Truck,0,0,0,8598,8598,0.00
August 31 2019,Kittitas,WA,Truck,0,0,0,14524,14524,0.00
June 30 2019,Mason,WA,Truck,0,0,0,20358,20358,0.00
July 31 2020,Manassas,VA,Passenger,0,1,1,6,7,14.29
August 31 2022,Frederick,MD,Passenger,1,0,1,62,63,1.59
April 30 2017,Spokane,WA,Truck,1,0,1,90262,90263,0.00
May 31 2019,Guadalupe,TX,Passenger,1,0,1,78,79,1.27
April 30 2020,Ada,ID,Passenger,0,1,1,293,294,0.34
October 31 2023,Nueces,TX,Passenger,1,1,2,43,45,4.44
October 31 2019,Cascade,MT,Passenger,0,1,1,60,61,1.64
May 31 2020,Bartow,GA,Passenger,0,1,1,3,4,25.00
July 31 2023,San Diego,CA,Passenger,17,9,26,1973,1999,1.30
October 31 2017,Bexar,TX,Passenger,1,1,2,826,828,0.24
June 30 2022,Adams,WA,Truck,1,0,1,5468,5469,0.02
April 30 2023,San Joaquin,CA,Passenger,0,1,1,80,81,1.23
January 31 2023,Eau Claire,WI,Passenger,1,0,1,1,2,50.00
December 31 2019,Washtenaw,MI,Passenger,1,0,1,41,42,2.38
September 30 2022,Lake,IN,Passenger,0,1,1,10,11,9.09
September 30 2021,Skagit,WA,Passenger,640,291,931,91651,92582,1.01
June 30 2020,Washington,OR,Passenger,1,0,1,444,445,0.22
September 30 2022,Wichita,TX,Passenger,2,0,2,37,39,5.13
February 28 2019,Owyhee,ID,Passenger,1,0,1,5,6,16.67
January 31 2018,Los Angeles,CA,Passenger,5,3,8,1209,1217,0.66
April 30 2017,Fulton,GA,Passenger,1,1,2,118,120,1.67
August 31 2017,Columbia,WA,Truck,0,0,0,1541,1541,0.00
March 31 2020,Jefferson,NY,Passenger,0,1,1,209,210,0.48
January 31 2020,Goochland,VA,Passenger,2,1,3,267,270,1.11
April 30 2023,Kern,CA,Passenger,1,1,2,181,183,1.09
May 31 2018,Nassau,NY,Passenger,1,0,1,38,39,2.56
August 31 2021,Vigo,IN,Passenger,1,0,1,5,6,16.67
September 30 2021,Manassas,VA,Passenger,0,1,1,8,9,11.11
October 31 2022,Albemarle,VA,Passenger,1,0,1,17,18,5.56
November 30 2023,Placer,CA,Passenger,1,0,1,50,51,1.96
June 30 2022,Wilson,TX,Passenger,0,1,1,3,4,25.00
December 31 2021,Sevier,AR,Passenger,0,1,1,0,1,100.00
August 31 2018,El Paso,CO,Passenger,3,1,4,762,766,0.52
May 31 2022,Honolulu,HI,Passenger,5,4,9,348,357,2.52
August 31 2023,Whatcom,WA,Passenger,2654,927,3581,146995,150576,2.38
January 31 2018,Grant,WA,Truck,0,0,0,25639,25639,0.00
September 30 2017,Adams,WA,Truck,0,0,0,5122,5122,0.00
February 28 2021,Vigo,IN,Passenger,1,0,1,5,6,16.67
June 30 2021,Broward,FL,Passenger,2,0,2,114,116,1.72
May 31 2021,San Francisco,CA,Passenger,1,1,2,96,98,2.04
October 31 2020,Santa Cruz,CA,Passenger,1,0,1,33,34,2.94
July 31 2017,Juneau,AK,Passenger,0,1,1,43,44,2.27
September 30 2017,Hamilton,TN,Passenger,1,0,1,21,22,4.55
July 31 2018,Okanogan,WA,Truck,0,0,0,16423,16423,0.00
September 30 2019,Mason,WA,Passenger,133,129,262,47435,47697,0.55
February 28 2023,Platte,MO,Passenger,1,0,1,21,22,4.55
April 30 2018,Montgomery,TN,Passenger,1,0,1,276,277,0.36
April 30 2023,Okanogan,WA,Truck,3,0,3,16478,16481,0.02
May 31 2022,Garfield,WA,Truck,0,0,0,979,979,0.00
March 31 2022,Asotin,WA,Passenger,22,18,40,12647,12687,0.32
August 31 2017,,,Passenger,3,0,3,441,444,0.68
January 31 2022,Broward,FL,Passenger,2,0,2,101,103,1.94
December 31 2018,Jefferson,CO,Passenger,0,2,2,63,65,3.08
December 31 2020,Spartanburg,SC,Passenger,0,1,1,52,53,1.89
February 28 2021,Jones,GA,Passenger,1,0,1,1,2,50.00
December 31 2017,Skagit,WA,Passenger,167,138,305,89549,89854,0.34
May 31 2017,Whitman,WA,Truck,0,0,0,8396,8396,0.00
August 31 2021,Chelan,WA,Truck,0,0,0,23087,23087,0.00
March 31 2018,Deschutes,OR,Passenger,1,0,1,175,176,0.57
July 31 2023,Franklin,WA,Truck,6,0,6,20891,20897,0.03
April 30 2020,Richmond,GA,Passenger,0,1,1,87,88,1.14
February 29 2020,Portsmouth,VA,Passenger,0,1,1,78,79,1.27
April 30 2020,New Haven,CT,Passenger,0,2,2,40,42,4.76
September 30 2018,Snohomish,WA,Truck,1,0,1,121772,121773,0.00
June 30 2018,Grant,WA,Passenger,31,45,76,63143,63219,0.12
February 29 2020,Lake,IL,Passenger,1,0,1,171,172,0.58
May 31 2021,Yamhill,OR,Passenger,1,0,1,41,42,2.38
March 31 2022,Williamsburg,VA,Passenger,0,1,1,6,7,14.29
July 31 2022,Washtenaw,MI,Passenger,0,1,1,27,28,3.57
October 31 2020,Larimer,CO,Passenger,1,0,1,50,51,1.96
December 31 2017,Manassas,VA,Passenger,0,1,1,9,10,10.00
August 31 2021,Prince William,VA,Passenger,1,1,2,210,212,0.94
June 30 2018,Island,WA,Passenger,197,189,386,62510,62896,0.61
November 30 2021,Snohomish,WA,Truck,2,0,2,125657,125659,0.00
December 31 2020,Benton,WA,Truck,0,0,0,43205,43205,0.00
September 30 2022,Bexar,TX,Passenger,5,3,8,433,441,1.81
July 31 2019,Montgomery,TX,Passenger,1,0,1,63,64,1.56
February 29 2020,Fort Bend,TX,Passenger,1,0,1,48,49,2.04
November 30 2018,Frederick,MD,Passenger,0,1,1,84,85,1.18
August 31 2023,Spokane,WA,Truck,41,0,41,101372,101413,0.04
November 30 2020,Jefferson,WA,Passenger,276,153,429,24719,25148,1.71
November 30 2018,Kittitas,WA,Passenger,61,34,95,29287,29382,0.32
May 31 2017,Cumberland,NC,Passenger,1,0,1,598,599,0.17
June 30 2023,Skagit,WA,Passenger,1105,413,1518,88790,90308,1.68
April 30 2018,Los Angeles,CA,Passenger,5,4,9,1187,1196,0.75
December 31 2021,Honolulu,HI,Passenger,4,4,8,374,382,2.09
February 28 2021,Prince William,VA,Passenger,1,1,2,217,219,0.91
February 28 2019,Fairfax,VA,Passenger,4,2,6,801,807,0.74
May 31 2023,Hoke,NC,Passenger,1,0,1,61,62,1.61
September 30 2021,Santa Cruz,CA,Passenger,1,0,1,28,29,3.45
March 31 2022,Wichita,TX,Passenger,1,0,1,41,42,2.38
September 30 2019,Shasta,CA,Passenger,1,0,1,42,43,2.33
May 31 2021,Kittitas,WA,Truck,0,0,0,14767,14767,0.00
June 30 2020,Island,WA,Passenger,420,269,689,62765,63454,1.09
July 31 2018,Skagit,WA,Passenger,215,171,386,90708,91094,0.42
July 31 2018,Ada,ID,Passenger,0,2,2,327,329,0.61
December 31 2021,Hillsborough,FL,Passenger,0,2,2,136,138,1.45
March 31 2021,Polk,FL,Passenger,1,0,1,59,60,1.67
December 31 2018,Nantucket,MA,Passenger,1,0,1,4,5,20.00
August 31 2022,Wilson,TX,Passenger,0,1,1,3,4,25.00
August 31 2021,Klickitat,WA,Passenger,82,51,133,15355,15488,0.86
September 30 2023,Adams,WA,Passenger,27,12,39,12948,12987,0.30
April 30 2020,Klickitat,WA,Truck,0,0,0,8192,8192,0.00
April 30 2017,Wahkiakum,WA,Truck,0,0,0,1631,1631,0.00
February 28 2017,New Haven,CT,Passenger,0,1,1,61,62,1.61
January 31 2021,Henrico,VA,Passenger,0,1,1,17,18,5.56
January 31 2022,Alexandria,VA,Passenger,3,0,3,112,115,2.61
November 30 2020,Santa Cruz,CA,Passenger,1,0,1,32,33,3.03
March 31 2017,Sumter,FL,Passenger,0,1,1,10,11,9.09
November 30 2022,Walla Walla,WA,Truck,3,0,3,13913,13916,0.02
September 30 2019,Nassau,NY,Passenger,4,0,4,41,45,8.89
March 31 2021,Santa Cruz,CA,Passenger,1,0,1,32,33,3.03
February 29 2020,Larimer,CO,Passenger,1,0,1,53,54,1.85
August 31 2021,Juneau,AK,Passenger,0,1,1,25,26,3.85
May 31 2023,Lincoln,WA,Passenger,17,18,35,7699,7734,0.45
May 31 2019,Santa Clara,CA,Passenger,7,1,8,375,383,2.09
May 31 2023,Kittitas,WA,Passenger,344,104,448,29382,29830,1.50
December 31 2019,Grant,WA,Truck,0,0,0,26999,26999,0.00
May 31 2019,Whatcom,WA,Passenger,837,413,1250,150415,151665,0.82
May 31 2018,Whatcom,WA,Passenger,612,281,893,147173,148066,0.60
May 31 2021,Skamania,WA,Passenger,43,32,75,8389,8464,0.89
November 30 2022,DeKalb,GA,Passenger,1,0,1,49,50,2.00
July 31 2019,Lake,IL,Passenger,1,0,1,173,174,0.57
March 31 2022,Fairbanks North Star,AK,Passenger,0,1,1,78,79,1.27
January 31 2022,Douglas,NE,Passenger,1,2,3,50,53,5.66
May 31 2023,Marin,CA,Passenger,0,1,1,31,32,3.12
December 31 2019,Spokane,WA,Passenger,642,471,1113,315010,316123,0.35
February 28 2021,Charles,MD,Passenger,1,1,2,76,78,2.56
September 30 2017,Canyon,ID,Passenger,0,1,1,94,95,1.05
June 30 2019,Sedgwick,KS,Passenger,1,1,2,105,107,1.87
September 30 2019,Putnam,TN,Passenger,0,1,1,3,4,25.00
June 30 2018,Pacific,WA,Passenger,17,20,37,15567,15604,0.24
January 31 2023,Bell,TX,Passenger,1,0,1,290,291,0.34
March 31 2021,Columbia,WA,Passenger,5,4,9,2465,2474,0.36
November 30 2019,Adams,WA,Passenger,6,7,13,12924,12937,0.10
March 31 2017,Montgomery,MD,Passenger,1,0,1,310,311,0.32
June 30 2018,Cook,IL,Passenger,1,0,1,269,270,0.37
July 31 2019,Harnett,NC,Passenger,1,1,2,218,220,0.91
August 31 2017,Walla Walla,WA,Truck,0,0,0,13189,13189,0.00
August 31 2019,Penobscot,ME,Passenger,0,1,1,14,15,6.67
December 31 2018,Island,WA,Truck,0,0,0,21174,21174,0.00
April 30 2021,Chelan,WA,Truck,0,0,0,23066,23066,0.00
December 31 2019,Howard,MD,Passenger,0,1,1,76,77,1.30
July 31 2017,Okanogan,WA,Passenger,4,18,22,25630,25652,0.09
May 31 2017,Klickitat,WA,Truck,0,0,0,7962,7962,0.00
October 31 2023,Berkeley,SC,Passenger,1,1,2,89,91,2.20
January 31 2022,Kings,NY,Passenger,1,0,1,69,70,1.43
August 31 2019,Charleston,SC,Passenger,1,0,1,118,119,0.84
August 31 2021,Washington,MD,Passenger,2,0,2,13,15,13.33
March 31 2022,Albemarle,VA,Passenger,2,0,2,19,21,9.52
April 30 2021,Meade,KY,Passenger,1,0,1,26,27,3.70
August 31 2022,Boulder,CO,Passenger,2,0,2,41,43,4.65
April 30 2021,Pennington,SD,Passenger,1,0,1,33,34,2.94
October 31 2023,Orange,NC,Passenger,0,1,1,3,4,25.00
March 31 2018,Lane,OR,Passenger,0,1,1,190,191,0.52
April 30 2023,Whatcom,WA,Truck,52,0,52,42839,42891,0.12
March 31 2018,Kittitas,WA,Passenger,40,30,70,28748,28818,0.24
October 31 2017,Deschutes,OR,Passenger,1,0,1,188,189,0.53
September 30 2019,Travis,TX,Passenger,3,1,4,208,212,1.89
March 31 2017,Lane,OR,Passenger,0,1,1,259,260,0.38
July 31 2023,Lewis,WA,Truck,7,0,7,25905,25912,0.03
August 31 2021,Anne Arundel,MD,Passenger,4,1,5,381,386,1.30
March 31 2021,Skagit,WA,Passenger,539,260,799,91582,92381,0.86
August 31 2017,Santa Rosa,FL,Passenger,1,0,1,113,114,0.88
March 31 2017,Kittitas,WA,Passenger,17,16,33,27117,27150,0.12
June 30 2023,Goochland,VA,Passenger,1,2,3,38,41,7.32
September 30 2019,Moore,NC,Passenger,0,1,1,182,183,0.55
March 31 2018,Marin,CA,Passenger,1,0,1,55,56,1.79
July 31 2019,Thurston,WA,Passenger,905,652,1557,198100,199657,0.78
November 30 2022,Sonoma,CA,Passenger,1,1,2,74,76,2.63
October 31 2023,Mason,WA,Truck,17,0,17,20194,20211,0.08
May 31 2017,Pacific,WA,Truck,0,0,0,7462,7462,0.00
December 31 2020,Clallam,WA,Passenger,273,185,458,49913,50371,0.91
May 31 2020,Spokane,WA,Truck,1,0,1,97672,97673,0.00
May 31 2018,Snohomish,WA,Truck,1,0,1,121478,121479,0.00
March 31 2021,Clallam,WA,Truck,1,0,1,21949,21950,0.00
April 30 2018,Duval,FL,Passenger,1,2,3,377,380,0.79
May 31 2022,Kittitas,WA,Truck,1,0,1,14674,14675,0.01
August 31 2018,Orange,CA,Passenger,4,1,5,572,577,0.87
January 31 2021,Hillsborough,FL,Passenger,0,1,1,164,165,0.61
May 31 2022,Columbia,WA,Truck,0,0,0,1580,1580,0.00
May 31 2022,Harrison,MS,Passenger,2,0,2,48,50,4.00
December 31 2020,Kings,NY,Passenger,1,0,1,64,65,1.54
August 31 2018,Spokane,WA,Passenger,360,336,696,304712,305408,0.23
October 31 2018,Nassau,NY,Passenger,3,0,3,38,41,7.32
November 30 2022,Yakima,WA,Truck,6,0,6,61232,61238,0.01
October 31 2018,Lee,AL,Passenger,1,0,1,36,37,2.70
November 30 2019,Broward,FL,Passenger,2,1,3,128,131,2.29
June 30 2017,Clallam,WA,Truck,0,0,0,21015,21015,0.00
May 31 2021,San Joaquin,CA,Passenger,1,0,1,110,111,0.90
December 31 2017,Virginia Beach,VA,Passenger,2,1,3,670,673,0.45
March 31 2022,Burlington,NJ,Passenger,0,1,1,108,109,0.92
September 30 2017,Montgomery,TX,Passenger,1,0,1,62,63,1.59
March 31 2019,Polk,FL,Passenger,1,0,1,66,67,1.49
November 30 2022,Newport News,VA,Passenger,1,0,1,103,104,0.96
October 31 2017,Carroll,NH,Passenger,0,1,1,1,2,50.00
January 31 2019,Bergen,NJ,Passenger,1,0,1,27,28,3.57
October 31 2021,Deschutes,OR,Passenger,1,0,1,108,109,0.92
October 31 2022,Asotin,WA,Truck,0,0,0,6681,6681,0.00
February 29 2020,Los Angeles,CA,Passenger,7,12,19,1068,1087,1.75
January 31 2020,Adams,WA,Truck,0,0,0,5210,5210,0.00
April 30 2018,San Juan,WA,Passenger,141,53,194,13959,14153,1.37
April 30 2021,Benton,WA,Truck,0,0,0,43684,43684,0.00
February 29 2020,Hudson,NJ,Passenger,1,0,1,41,42,2.38
December 31 2018,Jefferson,NY,Passenger,0,1,1,230,231,0.43
August 31 2022,Washtenaw,MI,Passenger,0,1,1,27,28,3.57
October 31 2018,Hamilton,IN,Passenger,1,0,1,48,49,2.04
April 30 2020,Monroe,IL,Passenger,1,0,1,3,4,25.00
November 30 2021,Hillsborough,FL,Passenger,0,2,2,140,142,1.41
October 31 2019,Pinal,AZ,Passenger,1,0,1,194,195,0.51
September 30 2018,Montgomery,MD,Passenger,1,0,1,288,289,0.35
September 30 2017,El Paso,TX,Passenger,1,0,1,549,550,0.18
October 31 2022,Wahkiakum,WA,Truck,1,0,1,1798,1799,0.06
May 31 2018,Stevens,WA,Truck,0,0,0,18587,18587,0.00
January 31 2018,Charles,MD,Passenger,0,1,1,83,84,1.19
May 31 2021,Charles,MD,Passenger,1,1,2,72,74,2.70
February 28 2019,Manatee,FL,Passenger,1,0,1,37,38,2.63
June 30 2019,Manatee,FL,Passenger,1,0,1,34,35,2.86
January 31 2017,DeKalb,GA,Passenger,1,0,1,92,93,1.08
April 30 2017,Richmond,GA,Passenger,0,1,1,93,94,1.06
March 31 2023,District of Columbia,DC,Passenger,3,0,3,151,154,1.95
October 31 2023,Champaign,IL,Passenger,1,0,1,12,13,7.69
March 31 2021,Clinton,PA,Passenger,1,0,1,0,1,100.00
December 31 2021,Jefferson,WA,Truck,0,0,0,9599,9599,0.00
August 31 2022,Suffolk,VA,Passenger,1,0,1,119,120,0.83
May 31 2021,District of Columbia,DC,Passenger,5,1,6,192,198,3.03
November 30 2018,Pierce,WA,Truck,0,0,0,139046,139046,0.00
November 30 2020,Norfolk,VA,Passenger,2,3,5,346,351,1.42
July 31 2017,Maui,HI,Passenger,1,0,1,68,69,1.45
September 30 2023,Klickitat,WA,Truck,12,0,12,8161,8173,0.15
November 30 2022,Maricopa,AZ,Passenger,7,3,10,837,847,1.18
April 30 2023,Loudoun,VA,Passenger,3,0,3,56,59,5.08
May 31 2020,Saginaw,MI,Passenger,1,0,1,12,13,7.69
July 31 2021,Manassas,VA,Passenger,0,1,1,8,9,11.11
May 31 2022,Williamsburg,VA,Passenger,0,1,1,6,7,14.29
May 31 2023,Eau Claire,WI,Passenger,1,0,1,1,2,50.00
March 31 2021,Eagle,CO,Passenger,1,0,1,9,10,10.00
December 31 2019,Solano,CA,Passenger,1,0,1,211,212,0.47
October 31 2023,Klickitat,WA,Passenger,173,71,244,14907,15151,1.61
July 31 2019,Adams,WA,Truck,0,0,0,5130,5130,0.00
April 30 2017,Deschutes,OR,Passenger,1,0,1,200,201,0.50
July 31 2022,Coryell,TX,Passenger,1,0,1,94,95,1.05
December 31 2019,Fort Bend,TX,Passenger,1,0,1,47,48,2.08
May 31 2023,Newport News,VA,Passenger,1,0,1,98,99,1.01
May 31 2018,Juneau,AK,Passenger,0,1,1,45,46,2.17
December 31 2017,Lake,CA,Passenger,0,1,1,9,10,10.00
March 31 2022,Owyhee,ID,Passenger,1,0,1,2,3,33.33
June 30 2021,Ray,MO,Passenger,0,1,1,1,2,50.00
June 30 2019,Franklin,MA,Passenger,0,1,1,1,2,50.00
November 30 2021,Denton,TX,Passenger,1,0,1,78,79,1.27
February 28 2019,Pima,AZ,Passenger,1,1,2,416,418,0.48
August 31 2020,Pacific,WA,Truck,0,0,0,7723,7723,0.00
January 31 2021,Duval,FL,Passenger,0,2,2,366,368,0.54
January 31 2021,Walla Walla,WA,Passenger,103,68,171,36162,36333,0.47
December 31 2020,Sacramento,CA,Passenger,2,0,2,250,252,0.79
March 31 2021,Douglas,CO,Passenger,0,1,1,81,82,1.22
January 31 2020,Grant,WA,Passenger,58,71,129,65616,65745,0.20
February 28 2017,Kittitas,WA,Truck,0,0,0,13383,13383,0.00
October 31 2023,Stevens,WA,Passenger,131,73,204,29070,29274,0.70
November 30 2018,Snohomish,WA,Passenger,2789,1414,4203,526727,530930,0.79
October 31 2019,Hudson,NJ,Passenger,1,0,1,41,42,2.38
August 31 2021,Island,WA,Truck,0,0,0,21568,21568,0.00
March 31 2017,Ferry,WA,Passenger,2,1,3,4388,4391,0.07
June 30 2018,Lumpkin,GA,Passenger,1,0,1,7,8,12.50
October 31 2022,Eau Claire,WI,Passenger,1,0,1,1,2,50.00
February 28 2017,Island,WA,Truck,0,0,0,20492,20492,0.00
April 30 2023,Kings,CA,Passenger,2,2,4,283,287,1.39
November 30 2022,Riverside,CA,Passenger,7,0,7,421,428,1.64
December 31 2021,Adams,WA,Truck,0,0,0,5418,5418,0.00
June 30 2019,Boulder,CO,Passenger,1,0,1,48,49,2.04
August 31 2017,Juneau,AK,Passenger,0,1,1,41,42,2.38
September 30 2021,Dallas,IA,Passenger,0,1,1,9,10,10.00
September 30 2020,Wilson,TX,Passenger,0,1,1,6,7,14.29
September 30 2017,Yakima,WA,Passenger,57,69,126,160610,160736,0.08
February 28 2022,King,WA,Passenger,37206,10520,47726,1354196,1401922,3.40
July 31 2022,Honolulu,HI,Passenger,4,3,7,339,346,2.02
May 31 2021,Whatcom,WA,Passenger,1386,596,1982,150942,152924,1.30
June 30 2022,Santa Clara,CA,Passenger,11,2,13,242,255,5.10
August 31 2017,Gwinnett,GA,Passenger,0,1,1,88,89,1.12
March 31 2020,Wahkiakum,WA,Truck,0,0,0,1760,1760,0.00
November 30 2017,Ferry,WA,Passenger,1,3,4,4408,4412,0.09
March 31 2019,Whatcom,WA,Truck,2,0,2,42724,42726,0.00
April 30 2018,Garfield,WA,Passenger,1,0,1,1330,1331,0.08
October 31 2018,Richland,SC,Passenger,0,1,1,166,167,0.60
November 30 2018,Howard,MD,Passenger,0,1,1,88,89,1.12
January 31 2017,Juneau,AK,Passenger,0,1,1,56,57,1.75
May 31 2020,Williams,ND,Passenger,0,1,1,11,12,8.33
December 31 2017,Twin Falls,ID,Passenger,0,1,1,25,26,3.85
April 30 2022,Whitman,WA,Passenger,83,56,139,22032,22171,0.63
November 30 2022,San Juan,WA,Truck,7,0,7,5935,5942,0.12
February 28 2021,Portsmouth,VA,Passenger,0,1,1,80,81,1.23
November 30 2023,Snohomish,WA,Truck,253,0,253,116052,116305,0.22
August 31 2023,Philadelphia,PA,Passenger,1,0,1,32,33,3.03
March 31 2018,Santa Clara,CA,Passenger,6,1,7,383,390,1.79
February 28 2023,Jefferson,NY,Passenger,2,1,3,187,190,1.58
February 28 2023,Calvert,MD,Passenger,0,2,2,76,78,2.56
November 30 2020,St. Louis,MO,Passenger,1,0,1,99,100,1.00
August 31 2019,Arlington,VA,Passenger,0,2,2,161,163,1.23
March 31 2022,Platte,MO,Passenger,1,0,1,21,22,4.55
January 31 2020,Calvert,MD,Passenger,0,2,2,89,91,2.20
January 31 2023,Kootenai,ID,Truck,1,0,1,29,30,3.33
January 31 2019,Lumpkin,GA,Passenger,1,0,1,6,7,14.29
April 30 2018,St. Clair,IL,Passenger,0,1,1,150,151,0.66
August 31 2023,Pacific,WA,Passenger,81,92,173,15526,15699,1.10
March 31 2020,Island,WA,Passenger,406,270,676,63207,63883,1.06
May 31 2018,Cowlitz,WA,Truck,0,0,0,28358,28358,0.00
July 31 2023,Clark,WA,Passenger,6042,2383,8425,312689,321114,2.62
March 31 2023,Washtenaw,MI,Passenger,0,1,1,23,24,4.17
January 31 2023,Sarasota,FL,Passenger,1,0,1,19,20,5.00
February 28 2018,Hamilton,TN,Passenger,1,0,1,22,23,4.35
September 30 2023,Adams,CO,Passenger,1,0,1,18,19,5.26
March 31 2020,Benton,WA,Truck,0,0,0,42518,42518,0.00
December 31 2018,Thurston,WA,Truck,0,0,0,54871,54871,0.00
August 31 2020,Island,WA,Passenger,434,274,708,62760,63468,1.12
January 31 2019,Benton,WA,Passenger,231,243,474,133213,133687,0.35
May 31 2021,Adams,WA,Passenger,11,9,20,13039,13059,0.15
November 30 2020,Lewis,WA,Truck,0,0,0,26546,26546,0.00
July 31 2021,Moore,NC,Passenger,0,1,1,134,135,0.74
August 31 2022,Montgomery,AL,Passenger,0,1,1,36,37,2.70
April 30 2020,Eagle,CO,Passenger,1,0,1,10,11,9.09
April 30 2022,Benton,WA,Passenger,714,446,1160,135437,136597,0.85
January 31 2018,Whatcom,WA,Passenger,548,238,786,145488,146274,0.54
July 31 2018,Whitman,WA,Truck,0,0,0,8498,8498,0.00
May 31 2021,Harnett,NC,Passenger,1,1,2,181,183,1.09
March 31 2021,Asotin,WA,Truck,0,0,0,6721,6721,0.00
October 31 2019,Williamson,TX,Passenger,0,2,2,149,151,1.32
January 31 2018,Palm Beach,FL,Passenger,0,1,1,86,87,1.15
January 31 2022,Arlington,VA,Passenger,1,0,1,137,138,0.72
February 28 2022,New York,NY,Passenger,1,0,1,36,37,2.70
January 31 2022,Hennepin,MN,Passenger,3,0,3,66,69,4.35
February 28 2017,Marion,OR,Passenger,1,0,1,206,207,0.48
January 31 2022,Contra Costa,CA,Passenger,1,4,5,254,259,1.93
May 31 2020,Houston,GA,Passenger,1,0,1,54,55,1.82
September 30 2023,Burlington,NJ,Passenger,2,2,4,80,84,4.76
October 31 2020,Kittitas,WA,Passenger,121,49,170,29699,29869,0.57
September 30 2019,Thurston,WA,Truck,0,0,0,55534,55534,0.00
February 28 2021,Leavenworth,KS,Passenger,0,1,1,121,122,0.82
October 31 2022,Pacific,WA,Truck,1,0,1,7866,7867,0.01
July 31 2021,Benton,WA,Passenger,539,397,936,136242,137178,0.68
May 31 2021,Lake,FL,Passenger,1,0,1,22,23,4.35
November 30 2020,DeKalb,GA,Passenger,1,0,1,76,77,1.30
March 31 2023,Mason,WA,Truck,11,0,11,20849,20860,0.05
April 30 2019,Bucks,PA,Passenger,1,0,1,19,20,5.00
May 31 2019,Alexandria,VA,Passenger,1,0,1,144,145,0.69
October 31 2022,Bell,TX,Passenger,1,0,1,307,308,0.32
October 31 2022,Sumter,SC,Passenger,0,1,1,33,34,2.94
November 30 2017,Mercer,NJ,Passenger,0,1,1,18,19,5.26
May 31 2023,Benton,OR,Passenger,1,0,1,34,35,2.86
October 31 2018,Okanogan,WA,Passenger,15,21,36,26104,26140,0.14
July 31 2021,Snohomish,WA,Truck,1,0,1,126170,126171,0.00
April 30 2017,King,WA,Truck,8,1,9,188927,188936,0.00
September 30 2019,Benton,WA,Passenger,290,297,587,134600,135187,0.43
September 30 2023,Kauai,HI,Passenger,0,1,1,14,15,6.67
August 31 2023,Richmond,NY,Passenger,1,0,1,4,5,20.00
September 30 2020,Dakota,MN,Passenger,0,1,1,33,34,2.94
February 28 2022,Sarpy,NE,Passenger,1,0,1,62,63,1.59
April 30 2019,Washtenaw,MI,Passenger,1,0,1,37,38,2.63
September 30 2023,Lake,IN,Passenger,0,1,1,5,6,16.67
November 30 2020,Flathead,MT,Passenger,1,0,1,60,61,1.64
October 31 2022,Las Animas,CO,Passenger,1,0,1,1,2,50.00
October 31 2018,Flathead,MT,Passenger,1,0,1,56,57,1.75
September 30 2019,Brevard,FL,Passenger,0,1,1,93,94,1.06
September 30 2020,Whatcom,WA,Truck,3,0,3,43387,43390,0.01
October 31 2018,Morris,NJ,Passenger,1,0,1,17,18,5.56
August 31 2023,Solano,CA,Passenger,5,0,5,130,135,3.70
April 30 2020,Shasta,CA,Passenger,1,0,1,40,41,2.44
February 28 2022,Contra Costa,CA,Passenger,1,4,5,257,262,1.91
October 31 2022,Allen,IN,Passenger,1,0,1,18,19,5.26
June 30 2017,Island,WA,Truck,0,0,0,20495,20495,0.00
November 30 2023,San Diego,CA,Passenger,17,10,27,1766,1793,1.51
April 30 2021,Spartanburg,SC,Passenger,0,1,1,54,55,1.82
February 29 2020,Saginaw,MI,Passenger,1,0,1,12,13,7.69
May 31 2018,Nueces,TX,Passenger,1,1,2,91,93,2.15
October 31 2020,Cowlitz,WA,Passenger,160,122,282,72089,72371,0.39
November 30 2023,Lincoln,WA,Passenger,20,24,44,7363,7407,0.59
June 30 2018,Ferry,WA,Passenger,3,3,6,4424,4430,0.14
August 31 2022,Goochland,VA,Passenger,2,2,4,104,108,3.70
December 31 2022,Douglas,WA,Passenger,168,58,226,28501,28727,0.79
May 31 2022,Chelan,WA,Passenger,450,126,576,54361,54937,1.05
May 31 2022,Cook,IL,Passenger,3,0,3,200,203,1.48
April 30 2019,Anne Arundel,MD,Passenger,0,1,1,451,452,0.22
March 31 2020,Harnett,NC,Passenger,1,1,2,212,214,0.93
March 31 2017,Morris,NJ,Passenger,1,0,1,22,23,4.35
March 31 2023,Henrico,VA,Passenger,0,1,1,5,6,16.67
December 31 2019,Guadalupe,TX,Passenger,1,0,1,69,70,1.43
December 31 2018,Lumpkin,GA,Passenger,1,0,1,7,8,12.50
November 30 2018,Lake,CA,Passenger,0,1,1,11,12,8.33
May 31 2018,Whitman,WA,Truck,0,0,0,8472,8472,0.00
January 31 2021,Whitman,WA,Truck,0,0,0,8516,8516,0.00
January 31 2019,Ferry,WA,Passenger,3,2,5,4389,4394,0.11
August 31 2018,Ferry,WA,Truck,0,0,0,3551,3551,0.00
June 30 2017,Bexar,TX,Passenger,1,1,2,943,945,0.21
November 30 2019,Hennepin,MN,Passenger,3,1,4,98,102,3.92
November 30 2022,Penobscot,ME,Passenger,0,1,1,9,10,10.00
May 31 2018,Howard,MD,Passenger,0,1,1,87,88,1.14
January 31 2021,Camden,NJ,Passenger,0,1,1,18,19,5.26
June 30 2023,Gwinnett,GA,Passenger,1,0,1,42,43,2.33
October 31 2019,Wilson,TX,Passenger,0,1,1,8,9,11.11
January 31 2023,Skamania,WA,Passenger,93,53,146,8116,8262,1.77
September 30 2022,Lewis,WA,Truck,1,0,1,26344,26345,0.00
January 31 2023,San Juan,WA,Truck,9,0,9,5911,5920,0.15
January 31 2021,Asotin,WA,Truck,0,0,0,6687,6687,0.00
January 31 2019,San Mateo,CA,Passenger,2,1,3,131,134,2.24
May 31 2023,Solano,CA,Passenger,5,0,5,140,145,3.45
June 30 2020,Howard,MD,Passenger,0,1,1,74,75,1.33
October 31 2018,Sangamon,IL,Passenger,1,0,1,11,12,8.33
November 30 2022,Okanogan,WA,Passenger,100,51,151,26238,26389,0.57
March 31 2018,Virginia Beach,VA,Passenger,2,1,3,682,685,0.44
March 31 2018,Los Angeles,CA,Passenger,5,4,9,1195,1204,0.75
September 30 2021,Milwaukee,WI,Passenger,1,0,1,41,42,2.38
October 31 2021,Montgomery,TX,Passenger,1,1,2,45,47,4.26
November 30 2019,Sangamon,IL,Passenger,1,0,1,5,6,16.67
January 31 2022,New Haven,CT,Passenger,0,2,2,35,37,5.41
June 30 2020,Mercer,NJ,Passenger,0,1,1,16,17,5.88
April 30 2019,Franklin,MA,Passenger,0,1,1,1,2,50.00
September 30 2023,Benton,WA,Passenger,1258,604,1862,134000,135862,1.37
November 30 2022,San Bernardino,CA,Passenger,1,1,2,303,305,0.66
May 31 2022,St. Mary's,MD,Passenger,1,0,1,196,197,0.51
April 30 2022,Chesapeake,VA,Passenger,2,2,4,358,362,1.10
January 31 2021,Jefferson,WA,Passenger,290,166,456,24793,25249,1.81
January 31 2019,DuPage,IL,Passenger,1,0,1,63,64,1.56
December 31 2018,Oldham,KY,Passenger,0,1,1,5,6,16.67
December 31 2021,Oldham,KY,Passenger,0,1,1,4,5,20.00
May 31 2021,Dallas,IA,Passenger,0,1,1,9,10,10.00
October 31 2019,Pierce,WA,Passenger,2058,1628,3686,546830,550516,0.67
January 31 2020,Grays Harbor,WA,Passenger,105,105,210,48499,48709,0.43
January 31 2021,Bexar,TX,Passenger,3,5,8,586,594,1.35
December 31 2017,Palm Beach,FL,Passenger,0,1,1,89,90,1.11
September 30 2019,Boulder,CO,Passenger,1,1,2,52,54,3.70
May 31 2023,Gwinnett,GA,Passenger,1,0,1,44,45,2.22
July 31 2020,Putnam,TN,Passenger,0,1,1,3,4,25.00
May 31 2018,Lake,CA,Passenger,0,1,1,8,9,11.11
December 31 2022,Clinton,PA,Passenger,1,0,1,1,2,50.00
November 30 2020,Bradley,TN,Passenger,1,0,1,0,1,100.00
November 30 2019,Benton,WA,Passenger,309,308,617,135091,135708,0.45
August 31 2017,Maricopa,AZ,Passenger,2,1,3,1714,1717,0.17
April 30 2022,Garfield,WA,Truck,0,0,0,989,989,0.00
February 28 2017,Douglas,OR,Passenger,0,1,1,79,80,1.25
April 30 2017,Klickitat,WA,Truck,0,0,0,7950,7950,0.00
January 31 2018,Pima,AZ,Passenger,1,1,2,426,428,0.47
January 31 2021,Mason,WA,Passenger,179,137,316,47682,47998,0.66
May 31 2022,Tarrant,TX,Passenger,1,0,1,122,123,0.81
May 31 2020,Pima,AZ,Passenger,3,1,4,362,366,1.09
April 30 2022,Maricopa,AZ,Passenger,7,4,11,1045,1056,1.04
July 31 2022,Williams,ND,Passenger,0,1,1,5,6,16.67
September 30 2019,Okanogan,WA,Truck,0,0,0,16495,16495,0.00
November 30 2020,Fairfax,VA,Passenger,5,3,8,718,726,1.10
August 31 2017,Skamania,WA,Truck,0,0,0,3876,3876,0.00
April 30 2018,Klickitat,WA,Truck,0,0,0,8066,8066,0.00
December 31 2019,Brevard,FL,Passenger,0,1,1,93,94,1.06
August 31 2018,Marion,OR,Passenger,1,0,1,125,126,0.79
September 30 2020,Arlington,VA,Passenger,0,2,2,151,153,1.31
December 31 2022,Collin,TX,Passenger,3,0,3,57,60,5.00
July 31 2023,Marin,CA,Passenger,0,1,1,31,32,3.12
December 31 2021,Lee,FL,Passenger,1,0,1,35,36,2.78
April 30 2022,Juneau,AK,Passenger,0,1,1,28,29,3.45
October 31 2022,Mercer,NJ,Passenger,0,1,1,12,13,7.69
January 31 2019,DeKalb,IN,Passenger,1,0,1,1,2,50.00
December 31 2019,Wahkiakum,WA,Passenger,4,3,7,3041,3048,0.23
October 31 2021,Yakima,WA,Truck,0,0,0,61665,61665,0.00
March 31 2018,Okanogan,WA,Passenger,7,19,26,25727,25753,0.10
July 31 2020,Erie,NY,Passenger,1,0,1,46,47,2.13
November 30 2022,Allegheny,PA,Passenger,1,0,1,56,57,1.75
January 31 2023,Whitman,WA,Passenger,120,70,190,21997,22187,0.86
November 30 2021,Douglas,CO,Passenger,0,1,1,85,86,1.16
July 31 2022,Columbia,WA,Truck,0,0,0,1576,1576,0.00
November 30 2020,Yakima,WA,Truck,0,0,0,60766,60766,0.00
April 30 2020,Fresno,CA,Passenger,1,0,1,194,195,0.51
November 30 2017,Douglas,WA,Passenger,37,33,70,27073,27143,0.26
April 30 2019,Pend Oreille,WA,Passenger,4,5,9,9503,9512,0.09
October 31 2019,Island,WA,Truck,0,0,0,21307,21307,0.00
May 31 2021,Columbia,WA,Passenger,6,3,9,2475,2484,0.36
April 30 2021,Clark,NV,Passenger,5,2,7,649,656,1.07
February 28 2023,Suffolk,VA,Passenger,1,0,1,110,111,0.90
April 30 2021,Marion,IA,Passenger,1,0,1,1,2,50.00
November 30 2018,Shasta,CA,Passenger,1,0,1,45,46,2.17
September 30 2020,Pend Oreille,WA,Truck,0,0,0,5725,5725,0.00
March 31 2019,Prince William,VA,Passenger,0,4,4,257,261,1.53
September 30 2019,Riverside,CA,Passenger,4,1,5,646,651,0.77
January 31 2022,Ferry,WA,Truck,0,0,0,3581,3581,0.00
October 31 2018,Brevard,FL,Passenger,0,1,1,97,98,1.02
August 31 2022,Pend Oreille,WA,Passenger,18,12,30,9019,9049,0.33
August 31 2021,Hillsborough,FL,Passenger,0,2,2,143,145,1.38
April 30 2021,Hennepin,MN,Passenger,2,0,2,79,81,2.47
August 31 2017,Virginia Beach,VA,Passenger,2,1,3,645,648,0.46
October 31 2022,Norfolk,VA,Passenger,3,3,6,289,295,2.03
May 31 2022,Clark,NV,Passenger,8,2,10,537,547,1.83
August 31 2017,Snohomish,WA,Passenger,1847,941,2788,513679,516467,0.54
August 31 2018,Suffolk,MA,Passenger,0,1,1,43,44,2.27
July 31 2022,King,WA,Passenger,41889,11444,53333,1346421,1399754,3.81
April 30 2022,Bexar,TX,Passenger,4,4,8,471,479,1.67
August 31 2023,Portsmouth,VA,Passenger,0,1,1,66,67,1.49
March 31 2019,Contra Costa,CA,Passenger,1,2,3,389,392,0.77
April 30 2021,Mason,WA,Truck,0,0,0,21284,21284,0.00
August 31 2021,Fresno,CA,Passenger,1,0,1,173,174,0.57
January 31 2018,Shelby,TN,Passenger,0,1,1,107,108,0.93
November 30 2018,Flathead,MT,Passenger,1,0,1,58,59,1.69
August 31 2017,New London,CT,Passenger,1,1,2,254,256,0.78
July 31 2019,Howard,MD,Passenger,0,1,1,76,77,1.30
February 29 2020,Oklahoma,OK,Passenger,0,1,1,130,131,0.76
March 31 2022,Douglas,NE,Passenger,1,2,3,50,53,5.66
September 30 2020,Orange,NC,Passenger,0,1,1,10,11,9.09
December 31 2018,Collier,FL,Passenger,1,0,1,19,20,5.00
September 30 2018,Franklin,MA,Passenger,0,1,1,1,2,50.00
May 31 2021,Clark,WA,Passenger,2757,1367,4124,321873,325997,1.27
June 30 2019,San Mateo,CA,Passenger,2,1,3,119,122,2.46
November 30 2021,Whitman,WA,Passenger,66,58,124,21937,22061,0.56
January 31 2022,,,Passenger,3,2,5,302,307,1.63
October 31 2017,Snohomish,WA,Truck,1,0,1,121464,121465,0.00
October 31 2021,Clark,NV,Passenger,6,2,8,596,604,1.32
June 30 2019,DuPage,IL,Passenger,2,0,2,64,66,3.03
August 31 2017,Cobb,GA,Passenger,0,1,1,76,77,1.30
July 31 2018,Fulton,GA,Passenger,1,2,3,104,107,2.80
November 30 2022,Currituck,NC,Passenger,1,0,1,17,18,5.56
September 30 2022,Douglas,NE,Passenger,2,2,4,39,43,9.30
July 31 2021,San Joaquin,CA,Passenger,1,0,1,107,108,0.93
August 31 2019,Solano,CA,Passenger,1,0,1,210,211,0.47
January 31 2020,Jefferson,WA,Truck,0,0,0,9660,9660,0.00
November 30 2018,El Paso,TX,Passenger,1,0,1,499,500,0.20
April 30 2018,Mason,WA,Truck,0,0,0,19807,19807,0.00
April 30 2022,St. Louis,MO,Passenger,2,0,2,70,72,2.78
May 31 2023,Suffolk,VA,Passenger,1,0,1,103,104,0.96
March 31 2021,Spartanburg,SC,Passenger,0,1,1,53,54,1.85
June 30 2021,Dakota,MN,Passenger,0,1,1,30,31,3.23
August 31 2023,Lincoln,OR,Passenger,0,1,1,11,12,8.33
October 31 2021,Queens,NY,Passenger,1,0,1,49,50,2.00
March 31 2023,Galveston,TX,Passenger,0,1,1,18,19,5.26
June 30 2023,Spokane,WA,Passenger,2312,1098,3410,322482,325892,1.05
May 31 2018,Alameda,CA,Passenger,0,1,1,352,353,0.28
April 30 2020,Montgomery,OH,Passenger,0,1,1,47,48,2.08
June 30 2021,Grays Harbor,WA,Truck,0,0,0,21449,21449,0.00
April 30 2020,Columbia,WA,Truck,0,0,0,1524,1524,0.00
May 31 2020,Pend Oreille,WA,Passenger,7,6,13,9216,9229,0.14
May 31 2019,Deschutes,OR,Passenger,3,0,3,162,165,1.82
October 31 2019,Jones,GA,Passenger,1,0,1,1,2,50.00
June 30 2022,Broward,FL,Passenger,1,0,1,85,86,1.16
August 31 2021,Santa Clara,CA,Passenger,8,2,10,260,270,3.70
April 30 2022,Fresno,CA,Passenger,1,0,1,155,156,0.64
April 30 2021,Santa Clara,CA,Passenger,8,2,10,279,289,3.46
May 31 2017,Thurston,WA,Truck,0,0,0,53239,53239,0.00
December 31 2020,Lincoln,WA,Truck,0,0,0,4672,4672,0.00
January 31 2022,Grays Harbor,WA,Truck,0,0,0,21343,21343,0.00
December 31 2017,Klickitat,WA,Passenger,24,26,50,14901,14951,0.33
August 31 2020,Harrison,MS,Passenger,1,0,1,53,54,1.85
September 30 2022,Spokane,WA,Passenger,1768,889,2657,324401,327058,0.81
July 31 2018,Whatcom,WA,Passenger,637,318,955,147962,148917,0.64
August 31 2019,Douglas,WA,Passenger,61,36,97,28175,28272,0.34
October 31 2020,Arapahoe,CO,Passenger,1,0,1,129,130,0.77
November 30 2021,Chesapeake,VA,Passenger,2,2,4,384,388,1.03
October 31 2020,Duval,FL,Passenger,0,2,2,369,371,0.54
April 30 2022,Pierce,WA,Truck,3,0,3,142923,142926,0.00
April 30 2022,Alameda,CA,Passenger,5,0,5,206,211,2.37
February 28 2021,Santa Clara,CA,Passenger,7,2,9,281,290,3.10
March 31 2018,Hardin,KY,Passenger,0,1,1,115,116,0.86
September 30 2020,San Francisco,CA,Passenger,2,1,3,93,96,3.12
April 30 2020,Boulder,CO,Passenger,1,1,2,49,51,3.92
February 28 2022,Ray,MO,Passenger,0,1,1,1,2,50.00
June 30 2022,Grant,WA,Passenger,175,99,274,66785,67059,0.41
June 30 2022,Garfield,WA,Truck,0,0,0,982,982,0.00
November 30 2019,Island,WA,Passenger,363,252,615,63631,64246,0.96
May 31 2022,Kittitas,WA,Passenger,248,80,328,29749,30077,1.09
July 31 2020,Hennepin,MN,Passenger,3,0,3,90,93,3.23
August 31 2022,Anne Arundel,MD,Passenger,4,3,7,337,344,2.03
February 28 2023,Charleston,SC,Passenger,2,2,4,60,64,6.25
April 30 2023,Montgomery,PA,Passenger,1,0,1,16,17,5.88
October 31 2022,Meade,KY,Passenger,1,0,1,18,19,5.26
February 28 2022,Boulder,CO,Passenger,2,0,2,44,46,4.35
September 30 2020,Contra Costa,CA,Passenger,4,3,7,294,301,2.33
April 30 2021,Arapahoe,CO,Passenger,1,0,1,124,125,0.80
March 31 2022,Whatcom,WA,Truck,4,0,4,43529,43533,0.01
December 31 2017,Stevens,WA,Truck,0,0,0,18376,18376,0.00
June 30 2021,Ventura,CA,Passenger,1,3,4,272,276,1.45
July 31 2020,Prince George's,MD,Passenger,1,1,2,161,163,1.23
June 30 2022,Pima,AZ,Passenger,1,0,1,239,240,0.42
May 31 2022,Cumberland,NC,Passenger,1,4,5,378,383,1.31
July 31 2023,Leavenworth,KS,Passenger,0,1,1,89,90,1.11
September 30 2020,Washoe,NV,Passenger,1,0,1,106,107,0.93
September 30 2023,Parker,TX,Passenger,0,1,1,11,12,8.33
April 30 2022,Denton,TX,Passenger,1,0,1,65,66,1.52
July 31 2021,Chelan,WA,Passenger,350,101,451,54708,55159,0.82
December 31 2021,Yakima,WA,Passenger,286,173,459,168729,169188,0.27
January 31 2020,Maricopa,AZ,Passenger,7,8,15,1543,1558,0.96
December 31 2017,Alameda,CA,Passenger,0,1,1,356,357,0.28
September 30 2019,Hennepin,MN,Passenger,3,1,4,102,106,3.77
October 31 2019,Saginaw,MI,Passenger,1,0,1,12,13,7.69
July 31 2021,Williams,ND,Passenger,0,1,1,7,8,12.50
September 30 2023,Polk,OR,Passenger,1,1,2,13,15,13.33
March 31 2019,Sangamon,IL,Passenger,2,0,2,7,9,22.22
December 31 2019,Sumter,FL,Passenger,0,1,1,9,10,10.00
October 31 2019,DeKalb,IN,Passenger,1,0,1,1,2,50.00
November 30 2017,Yakima,WA,Passenger,57,73,130,161620,161750,0.08
July 31 2019,Anne Arundel,MD,Passenger,1,1,2,442,444,0.45
November 30 2019,Suffolk,VA,Passenger,1,0,1,124,125,0.80
May 31 2019,Cumberland,NC,Passenger,0,2,2,513,515,0.39
September 30 2017,Pend Oreille,WA,Passenger,3,4,7,9373,9380,0.07
July 31 2019,Goochland,VA,Passenger,1,1,2,260,262,0.76
February 28 2021,Ferry,WA,Truck,0,0,0,3626,3626,0.00
November 30 2019,Benton,WA,Truck,0,0,0,42415,42415,0.00
July 31 2021,Howard,MD,Passenger,0,1,1,63,64,1.56
December 31 2022,Travis,TX,Passenger,3,0,3,88,91,3.30
August 31 2022,Sedgwick,KS,Passenger,1,1,2,70,72,2.78
February 28 2022,Fort Bend,TX,Passenger,1,0,1,32,33,3.03
February 29 2020,Camden,NJ,Passenger,0,2,2,21,23,8.70
January 31 2021,Larimer,CO,Passenger,1,0,1,51,52,1.92
July 31 2021,Hawaii,HI,Passenger,1,0,1,47,48,2.08
June 30 2018,Garfield,WA,Truck,0,0,0,949,949,0.00
January 31 2022,Lincoln,WA,Passenger,6,17,23,7736,7759,0.30
April 30 2022,Goochland,VA,Passenger,4,2,6,146,152,3.95
January 31 2019,Washoe,NV,Passenger,2,0,2,113,115,1.74
January 31 2022,Loudoun,VA,Passenger,1,0,1,66,67,1.49
February 28 2021,Carroll,NH,Passenger,0,1,1,5,6,16.67
February 28 2023,Douglas,NE,Passenger,2,1,3,32,35,8.57
November 30 2021,Wood,OH,Passenger,0,1,1,7,8,12.50
July 31 2023,Adams,CO,Passenger,1,0,1,19,20,5.00
January 31 2020,Santa Cruz,CA,Passenger,1,0,1,36,37,2.70
July 31 2023,Hamilton,OH,Truck,1,0,1,3,4,25.00
May 31 2019,Thurston,WA,Passenger,844,630,1474,197081,198555,0.74
December 31 2019,King,WA,Passenger,21949,7542,29491,1394547,1424038,2.07
March 31 2019,Okanogan,WA,Truck,0,0,0,16438,16438,0.00
December 31 2021,Adams,WA,Passenger,17,14,31,13077,13108,0.24
January 31 2017,El Paso,TX,Passenger,0,1,1,594,595,0.17
February 29 2020,Pima,AZ,Passenger,3,1,4,382,386,1.04
April 30 2018,Howard,MD,Passenger,0,1,1,86,87,1.15
August 31 2019,Clay,FL,Passenger,0,1,1,82,83,1.20
July 31 2023,Burlington,NJ,Passenger,2,2,4,84,88,4.55
June 30 2022,Alexandria,VA,Passenger,4,0,4,109,113,3.54
August 31 2019,Suffolk,MA,Passenger,0,1,1,38,39,2.56
August 31 2022,Arlington,VA,Passenger,1,0,1,127,128,0.78
February 28 2022,Suffolk,MA,Passenger,0,2,2,26,28,7.14
February 28 2021,Shelby,OH,Passenger,0,1,1,1,2,50.00
September 30 2022,Eau Claire,WI,Passenger,1,0,1,1,2,50.00
February 28 2019,Bergen,NJ,Passenger,1,0,1,25,26,3.85
April 30 2019,Jefferson,WA,Truck,0,0,0,9650,9650,0.00
September 30 2022,Island,WA,Truck,10,0,10,21259,21269,0.05
January 31 2020,Okanogan,WA,Passenger,32,30,62,26218,26280,0.24
May 31 2019,DeKalb,GA,Passenger,1,0,1,82,83,1.20
June 30 2019,Palm Beach,FL,Passenger,0,1,1,83,84,1.19
October 31 2023,Brevard,FL,Passenger,1,0,1,49,50,2.00
July 31 2023,Madison,IL,Passenger,1,0,1,14,15,6.67
January 31 2022,Hillsborough,FL,Passenger,0,2,2,134,136,1.47
January 31 2019,Whitman,WA,Truck,0,0,0,8515,8515,0.00
July 31 2020,Harris,TX,Passenger,1,0,1,232,233,0.43
January 31 2019,Clallam,WA,Passenger,152,128,280,50403,50683,0.55
February 28 2018,Deschutes,OR,Passenger,1,0,1,180,181,0.55
February 28 2021,Sedgwick,KS,Passenger,1,1,2,93,95,2.11
December 31 2022,Allegheny,PA,Passenger,1,0,1,56,57,1.75
May 31 2019,Albemarle,VA,Passenger,1,0,1,24,25,4.00
July 31 2020,Wilson,TX,Passenger,0,1,1,6,7,14.29
November 30 2023,Garfield,WA,Passenger,0,3,3,1271,1274,0.24
March 31 2022,Ferry,WA,Truck,0,0,0,3570,3570,0.00
June 30 2018,Manatee,FL,Passenger,1,0,1,39,40,2.50
December 31 2022,Shasta,CA,Passenger,1,0,1,25,26,3.85
March 31 2020,Suffolk,VA,Passenger,1,0,1,124,125,0.80
May 31 2020,Honolulu,HI,Passenger,4,2,6,463,469,1.28
February 28 2017,Lincoln,WA,Passenger,2,4,6,7509,7515,0.08
September 30 2022,Essex,MA,Passenger,1,0,1,16,17,5.88
December 31 2018,Marion,IN,Passenger,1,0,1,121,122,0.82
September 30 2022,Monterey,CA,Passenger,1,2,3,123,126,2.38
January 31 2019,Manatee,FL,Passenger,1,0,1,38,39,2.56
November 30 2023,Lake,IL,Passenger,6,0,6,111,117,5.13
April 30 2023,Albemarle,VA,Passenger,1,0,1,15,16,6.25
February 28 2022,Skamania,WA,Passenger,59,45,104,8298,8402,1.24
June 30 2020,Klickitat,WA,Passenger,53,41,94,15169,15263,0.62
June 30 2018,Los Angeles,CA,Passenger,6,4,10,1162,1172,0.85
August 31 2019,Snohomish,WA,Passenger,3640,1639,5279,533038,538317,0.98
November 30 2023,Lewis,WA,Passenger,379,289,668,57391,58059,1.15
March 31 2023,Richmond,NY,Passenger,1,0,1,4,5,20.00
February 29 2020,Charles,MD,Passenger,0,1,1,80,81,1.23
November 30 2018,Madison,ID,Passenger,1,0,1,38,39,2.56
May 31 2021,Spokane,WA,Truck,0,0,0,102061,102061,0.00
September 30 2018,Chelan,WA,Truck,0,0,0,22028,22028,0.00
February 28 2019,Adams,WA,Truck,0,0,0,5108,5108,0.00
March 31 2019,Cumberland,NC,Passenger,0,2,2,516,518,0.39
April 30 2023,James City,VA,Passenger,1,0,1,39,40,2.50
October 31 2018,Clallam,WA,Truck,0,0,0,21568,21568,0.00
January 31 2018,Tarrant,TX,Passenger,1,0,1,229,230,0.43
November 30 2022,Whatcom,WA,Truck,21,0,21,43082,43103,0.05
October 31 2019,El Paso,TX,Passenger,3,0,3,471,474,0.63
March 31 2022,DuPage,IL,Passenger,1,1,2,51,53,3.77
May 31 2022,Maui,HI,Passenger,1,0,1,26,27,3.70
November 30 2023,Whitman,WA,Passenger,187,100,287,21365,21652,1.33
November 30 2021,Mason,WA,Passenger,255,158,413,47794,48207,0.86
June 30 2022,Hillsborough,FL,Passenger,1,2,3,122,125,2.40
February 28 2021,Columbia,WA,Passenger,5,4,9,2452,2461,0.37
April 30 2021,Lane,OR,Passenger,0,2,2,135,137,1.46
November 30 2019,Boone,MO,Passenger,0,1,1,11,12,8.33
June 30 2021,Frederick,MD,Passenger,1,1,2,69,71,2.82
January 31 2019,Lee,FL,Passenger,1,0,1,53,54,1.85
October 31 2017,Manassas,VA,Passenger,0,1,1,9,10,10.00
March 31 2023,Oldham,KY,Passenger,0,1,1,4,5,20.00
December 31 2019,Berkshire,MA,Passenger,0,1,1,5,6,16.67
April 30 2021,Douglas,WA,Passenger,88,46,134,28471,28605,0.47
March 31 2022,Kings,NY,Passenger,1,0,1,66,67,1.49
July 31 2021,District of Columbia,DC,Passenger,5,1,6,196,202,2.97
February 29 2020,Pierce,WA,Truck,0,0,0,141493,141493,0.00
April 30 2023,Harris,TX,Passenger,1,0,1,127,128,0.78
February 29 2020,Broward,FL,Passenger,2,1,3,124,127,2.36
April 30 2020,Alexandria,VA,Passenger,1,0,1,138,139,0.72
September 30 2017,Virginia Beach,VA,Passenger,2,1,3,656,659,0.46
December 31 2020,New York,NY,Passenger,1,0,1,54,55,1.82
January 31 2018,Marin,CA,Passenger,1,0,1,57,58,1.72
January 31 2019,Kittitas,WA,Truck,0,0,0,14239,14239,0.00
July 31 2017,Columbia,WA,Passenger,1,1,2,2351,2353,0.08
July 31 2019,Columbia,WA,Passenger,2,2,4,2455,2459,0.16
May 31 2023,Skamania,WA,Passenger,102,58,160,8058,8218,1.95
December 31 2017,Whatcom,WA,Passenger,532,227,759,145173,145932,0.52
August 31 2023,Harrison,MS,Passenger,1,0,1,30,31,3.23
November 30 2022,Santa Barbara,CA,Passenger,1,0,1,72,73,1.37
March 31 2018,Santa Fe,NM,Passenger,0,1,1,42,43,2.33
February 28 2023,Beaufort,SC,Passenger,1,0,1,25,26,3.85
July 31 2020,Monroe,IL,Passenger,1,0,1,3,4,25.00
April 30 2019,Grays Harbor,WA,Passenger,70,84,154,47662,47816,0.32
February 28 2017,Santa Clara,CA,Passenger,5,3,8,430,438,1.83
October 31 2022,Whitman,WA,Passenger,103,65,168,21937,22105,0.76
December 31 2020,Honolulu,HI,Passenger,5,2,7,439,446,1.57
October 31 2023,Jefferson,WA,Passenger,624,269,893,23864,24757,3.61
September 30 2020,Skagit,WA,Passenger,447,228,675,91493,92168,0.73
May 31 2018,Douglas,WA,Truck,0,0,0,11899,11899,0.00
July 31 2021,Clackamas,OR,Passenger,2,0,2,176,178,1.12
July 31 2019,Wayne,MI,Passenger,0,1,1,68,69,1.45
June 30 2018,Lee,FL,Passenger,1,0,1,57,58,1.72
August 31 2022,Rockdale,GA,Passenger,1,0,1,6,7,14.29
March 31 2019,Lumpkin,GA,Passenger,1,0,1,6,7,14.29
June 30 2023,Lewis,WA,Truck,7,0,7,25989,25996,0.03
July 31 2022,Yakima,WA,Truck,1,0,1,61328,61329,0.00
March 31 2019,Chelan,WA,Passenger,144,67,211,54155,54366,0.39
April 30 2023,Jefferson,WA,Passenger,532,253,785,24247,25032,3.14
June 30 2020,Pinellas,FL,Passenger,1,1,2,115,117,1.71
July 31 2021,Montgomery,OH,Passenger,0,1,1,56,57,1.75
April 30 2018,Yakima,WA,Truck,0,0,0,58213,58213,0.00
October 31 2020,Erie,NY,Passenger,1,0,1,47,48,2.08
December 31 2019,Penobscot,ME,Passenger,0,1,1,14,15,6.67
April 30 2019,Nueces,TX,Passenger,1,1,2,96,98,2.04
April 30 2018,Caddo,LA,Passenger,0,1,1,22,23,4.35
January 31 2022,Walla Walla,WA,Passenger,146,88,234,36284,36518,0.64
February 28 2019,District of Columbia,DC,Passenger,1,1,2,204,206,0.97
November 30 2017,Spokane,WA,Truck,1,0,1,91412,91413,0.00
September 30 2019,Norfolk,VA,Passenger,2,2,4,347,351,1.14
June 30 2019,Penobscot,ME,Passenger,0,1,1,13,14,7.14
April 30 2023,Richmond,GA,Passenger,0,1,1,61,62,1.61
March 31 2022,Norfolk,VA,Passenger,3,3,6,308,314,1.91
June 30 2020,Franklin,WA,Passenger,60,76,136,60633,60769,0.22
September 30 2019,Orange,CA,Passenger,7,3,10,538,548,1.82
September 30 2019,District of Columbia,DC,Passenger,1,1,2,208,210,0.95
October 31 2017,Wahkiakum,WA,Passenger,0,2,2,2849,2851,0.07
December 31 2022,Suffolk,VA,Passenger,1,0,1,113,114,0.88
November 30 2019,Chelan,WA,Truck,0,0,0,22519,22519,0.00
June 30 2020,Richland,SC,Passenger,0,1,1,155,156,0.64
May 31 2018,Pend Oreille,WA,Passenger,4,5,9,9510,9519,0.09
December 31 2019,Dakota,MN,Passenger,0,1,1,33,34,2.94
April 30 2021,Fairbanks North Star,AK,Passenger,0,1,1,84,85,1.18
September 30 2021,Loudoun,VA,Passenger,1,0,1,67,68,1.47
October 31 2022,Geary,KS,Passenger,1,0,1,79,80,1.25
August 31 2020,Klamath,OR,Passenger,1,0,1,34,35,2.86
July 31 2022,Spartanburg,SC,Passenger,0,1,1,37,38,2.63
April 30 2021,Sumter,FL,Passenger,0,1,1,10,11,9.09
August 31 2021,Hampshire,MA,Passenger,1,0,1,7,8,12.50
January 31 2023,Santa Clara,CA,Passenger,10,4,14,201,215,6.51
January 31 2023,Asotin,WA,Passenger,30,20,50,12463,12513,0.40
June 30 2022,Honolulu,HI,Passenger,4,4,8,343,351,2.28
December 31 2017,Ferry,WA,Passenger,1,3,4,4402,4406,0.09
February 28 2019,St. Clair,IL,Passenger,0,1,1,165,166,0.60
November 30 2021,Vigo,IN,Passenger,1,0,1,5,6,16.67
January 31 2017,Montgomery,TN,Passenger,1,0,1,310,311,0.32
June 30 2022,Okaloosa,FL,Passenger,0,1,1,105,106,0.94
July 31 2018,Manatee,FL,Passenger,1,0,1,39,40,2.50
October 31 2022,Polk,OR,Passenger,0,1,1,20,21,4.76
April 30 2022,Douglas,NE,Passenger,1,2,3,48,51,5.88
December 31 2021,Dorchester,SC,Passenger,1,0,1,67,68,1.47
July 31 2018,Clallam,WA,Passenger,127,111,238,49979,50217,0.47
July 31 2023,Wichita,TX,Passenger,2,0,2,31,33,6.06
March 31 2021,Washington,OR,Passenger,1,0,1,402,403,0.25
August 31 2022,Jefferson,WA,Passenger,453,223,676,24494,25170,2.69
November 30 2018,Prince William,VA,Passenger,0,4,4,256,260,1.54
January 31 2022,Sonoma,CA,Passenger,0,1,1,82,83,1.20
July 31 2017,Skagit,WA,Passenger,141,104,245,88182,88427,0.28
September 30 2022,Mason,WA,Truck,4,0,4,20989,20993,0.02
May 31 2018,Dakota,MN,Passenger,0,2,2,39,41,4.88
March 31 2020,Middlesex,MA,Passenger,1,1,2,103,105,1.90
February 28 2018,Essex,NJ,Passenger,1,0,1,12,13,7.69
April 30 2017,Monroe,NY,Passenger,1,0,1,28,29,3.45
March 31 2018,Lincoln,WA,Truck,0,0,0,4513,4513,0.00
April 30 2023,Asotin,WA,Truck,0,0,0,6616,6616,0.00
March 31 2021,San Juan,WA,Passenger,394,123,517,14112,14629,3.53
December 31 2021,,,Passenger,3,2,5,303,308,1.62
August 31 2018,Lewis,WA,Truck,0,0,0,25604,25604,0.00
February 28 2021,Washoe,NV,Passenger,1,0,1,104,105,0.95
March 31 2019,Owyhee,ID,Passenger,1,0,1,5,6,16.67
October 31 2017,Portsmouth,VA,Passenger,0,1,1,64,65,1.54
June 30 2020,Contra Costa,CA,Passenger,3,3,6,311,317,1.89
September 30 2020,Alameda,CA,Passenger,2,0,2,273,275,0.73
August 31 2022,Jackson,OK,Passenger,0,1,1,30,31,3.23
September 30 2017,Travis,TX,Passenger,1,1,2,192,194,1.03
March 31 2023,Sarasota,FL,Passenger,1,0,1,18,19,5.26
February 28 2021,Santa Cruz,CA,Passenger,1,0,1,33,34,2.94
March 31 2023,Fairfax,VA,Truck,1,0,1,94,95,1.05
December 31 2020,Mason,WA,Passenger,173,133,306,47641,47947,0.64
November 30 2018,Douglas,WA,Truck,0,0,0,12121,12121,0.00
November 30 2017,Franklin,WA,Passenger,31,48,79,56679,56758,0.14
May 31 2021,Howard,MD,Passenger,0,1,1,65,66,1.52
December 31 2018,Caddo,LA,Passenger,0,1,1,22,23,4.35
July 31 2019,Washoe,NV,Passenger,2,0,2,117,119,1.68
August 31 2023,Pend Oreille,WA,Truck,0,0,0,5585,5585,0.00
December 31 2020,Los Angeles,CA,Passenger,9,11,20,971,991,2.02
August 31 2021,San Mateo,CA,Passenger,1,0,1,101,102,0.98
October 31 2022,Escambia,FL,Passenger,0,1,1,135,136,0.74
July 31 2023,Pulaski,AR,Passenger,2,0,2,17,19,10.53
October 31 2023,Parker,TX,Passenger,0,1,1,11,12,8.33
March 31 2020,Lewis,WA,Truck,0,0,0,26027,26027,0.00
August 31 2017,Jefferson,WA,Passenger,112,64,176,23953,24129,0.73
October 31 2020,Lane,OR,Passenger,0,1,1,149,150,0.67
January 31 2021,Houston,GA,Passenger,1,0,1,50,51,1.96
November 30 2023,Stevens,WA,Truck,2,0,2,18029,18031,0.01
October 31 2019,Portsmouth,VA,Passenger,0,1,1,79,80,1.25
October 31 2021,Montgomery,OH,Passenger,0,1,1,55,56,1.79
February 28 2022,Platte,MO,Passenger,1,0,1,20,21,4.76
November 30 2023,Kent,DE,Passenger,1,0,1,37,38,2.63
February 28 2022,Clinton,PA,Passenger,1,0,1,0,1,100.00
June 30 2017,Pima,AZ,Passenger,1,2,3,442,445,0.67
October 31 2022,Prince George's,MD,Passenger,3,1,4,118,122,3.28
November 30 2017,Norfolk,MA,Passenger,1,0,1,39,40,2.50
March 31 2021,Frederick,MD,Passenger,1,1,2,72,74,2.70
September 30 2022,Carroll,MD,Passenger,0,1,1,18,19,5.26
October 31 2020,King,WA,Passenger,25873,8011,33884,1372612,1406496,2.41
August 31 2017,Pend Oreille,WA,Passenger,3,4,7,9360,9367,0.07
May 31 2023,Deschutes,OR,Passenger,1,0,1,59,60,1.67
May 31 2023,Chesapeake,VA,Passenger,3,2,5,280,285,1.75
August 31 2021,Virginia Beach,VA,Passenger,2,0,2,615,617,0.32
April 30 2019,Caddo,LA,Passenger,0,1,1,24,25,4.00
August 31 2018,Larimer,CO,Passenger,1,0,1,63,64,1.56
July 31 2020,Dallas,IA,Passenger,0,1,1,10,11,9.09
October 31 2018,Santa Cruz,CA,Passenger,1,0,1,42,43,2.33
May 31 2021,Cowlitz,WA,Passenger,218,136,354,72437,72791,0.49
December 31 2021,Lincoln,WA,Passenger,7,16,23,7717,7740,0.30
October 31 2020,Fairfax,VA,Passenger,5,3,8,725,733,1.09
February 28 2018,Bexar,TX,Passenger,2,2,4,802,806,0.50
December 31 2018,Kittitas,WA,Passenger,66,37,103,29340,29443,0.35
January 31 2022,Harnett,NC,Passenger,1,1,2,156,158,1.27
March 31 2023,Richland,SC,Passenger,0,1,1,102,103,0.97
November 30 2018,Charles,MD,Passenger,0,1,1,80,81,1.23
December 31 2022,Henrico,VA,Passenger,0,1,1,7,8,12.50
October 31 2021,Carson City,NV,Passenger,1,0,1,11,12,8.33
May 31 2020,Shelby,OH,Passenger,0,1,1,1,2,50.00
July 31 2021,Stevens,WA,Passenger,49,46,95,30389,30484,0.31
February 28 2022,Deschutes,OR,Passenger,2,0,2,97,99,2.02
September 30 2023,Stevens,WA,Passenger,126,70,196,29273,29469,0.67
September 30 2022,Grant,WA,Truck,2,0,2,27999,28001,0.01
January 31 2023,St. Clair,IL,Passenger,2,0,2,107,109,1.83
September 30 2017,Lee,AL,Passenger,1,0,1,34,35,2.86
February 28 2023,Henrico,VA,Passenger,0,1,1,7,8,12.50
July 31 2021,Rockdale,GA,Passenger,1,0,1,8,9,11.11
April 30 2022,Columbia,WA,Passenger,7,0,7,2444,2451,0.29
December 31 2022,Spokane,WA,Truck,19,0,19,101834,101853,0.02
May 31 2017,Benton,WA,Passenger,146,142,288,128279,128567,0.22
August 31 2018,Pierce,WA,Truck,0,0,0,138288,138288,0.00
February 28 2021,Gwinnett,GA,Passenger,1,0,1,70,71,1.41
August 31 2022,Gwinnett,GA,Passenger,1,0,1,54,55,1.82
December 31 2019,Santa Cruz,CA,Passenger,1,0,1,38,39,2.56
February 28 2022,Benton,WA,Truck,0,0,0,43632,43632,0.00
February 28 2021,Howard,MD,Passenger,0,1,1,66,67,1.49
May 31 2021,Klickitat,WA,Passenger,66,47,113,15233,15346,0.74
August 31 2022,Douglas,WA,Truck,1,0,1,12754,12755,0.01
November 30 2017,Klickitat,WA,Passenger,24,26,50,14871,14921,0.34
November 30 2018,Hawaii,HI,Passenger,1,0,1,67,68,1.47
October 31 2023,Lake,IL,Passenger,4,0,4,106,110,3.64
September 30 2020,Kings,NY,Passenger,1,0,1,65,66,1.52
June 30 2023,Hennepin,MN,Passenger,1,0,1,37,38,2.63
March 31 2020,Shelby,OH,Passenger,0,1,1,1,2,50.00
December 31 2020,Powhatan,VA,Passenger,1,0,1,1,2,50.00
March 31 2020,Spokane,WA,Passenger,703,473,1176,317927,319103,0.37
November 30 2020,Howard,MD,Passenger,0,1,1,65,66,1.52
December 31 2020,Thurston,WA,Truck,0,0,0,56377,56377,0.00
February 29 2020,Cowlitz,WA,Passenger,128,111,239,73454,73693,0.32
April 30 2018,Allegheny,PA,Passenger,1,0,1,78,79,1.27
November 30 2022,Adams,CO,Passenger,1,0,1,34,35,2.86
September 30 2018,Montgomery,PA,Passenger,2,0,2,35,37,5.41
October 31 2021,Middlesex,MA,Passenger,1,1,2,89,91,2.20
July 31 2019,Jefferson,CO,Passenger,0,2,2,59,61,3.28
February 29 2020,Juneau,AK,Passenger,0,2,2,30,32,6.25
February 28 2018,Spokane,WA,Passenger,306,263,569,300501,301070,0.19
October 31 2020,Franklin,WA,Truck,0,0,0,20369,20369,0.00
October 31 2021,Kittitas,WA,Passenger,193,72,265,29838,30103,0.88
March 31 2023,Kittitas,WA,Truck,7,0,7,14563,14570,0.05
June 30 2021,Wahkiakum,WA,Truck,0,0,0,1797,1797,0.00
September 30 2018,Multnomah,OR,Passenger,3,4,7,781,788,0.89
February 28 2019,Maricopa,AZ,Passenger,6,3,9,1593,1602,0.56
May 31 2019,Loudoun,VA,Passenger,1,0,1,94,95,1.05
March 31 2017,Lewis,NY,Passenger,0,1,1,10,11,9.09
January 31 2018,Queens,NY,Passenger,1,0,1,62,63,1.59
February 28 2018,Lake,CA,Passenger,0,1,1,8,9,11.11
October 31 2019,Grant,WA,Passenger,55,64,119,65372,65491,0.18
September 30 2017,Kitsap,WA,Passenger,653,346,999,174300,175299,0.57
January 31 2020,Hudson,NJ,Passenger,1,0,1,41,42,2.38
February 28 2023,Ferry,WA,Passenger,21,4,25,4348,4373,0.57
March 31 2020,Saginaw,MI,Passenger,1,0,1,12,13,7.69
October 31 2019,Riverside,CA,Passenger,4,1,5,643,648,0.77
September 30 2022,Philadelphia,PA,Passenger,1,0,1,46,47,2.13
January 31 2022,Pacific,WA,Passenger,55,63,118,16048,16166,0.73
May 31 2022,Douglas,CO,Passenger,0,1,1,80,81,1.23
September 30 2020,Collin,TX,Passenger,2,1,3,123,126,2.38
January 31 2023,San Bernardino,CA,Passenger,2,1,3,290,293,1.02
November 30 2018,New Haven,CT,Passenger,0,1,1,47,48,2.08
April 30 2017,Nueces,TX,Passenger,0,1,1,98,99,1.01
April 30 2018,Mercer,NJ,Passenger,0,1,1,21,22,4.55
September 30 2017,Clark,WA,Passenger,810,542,1352,301390,302742,0.45
November 30 2019,Skamania,WA,Passenger,26,19,45,8784,8829,0.51
July 31 2018,Collin,TX,Passenger,1,0,1,164,165,0.61
February 28 2021,Anne Arundel,MD,Passenger,3,1,4,400,404,0.99
September 30 2019,Fairbanks North Star,AK,Passenger,0,1,1,97,98,1.02
January 31 2021,Mason,WA,Truck,0,0,0,21018,21018,0.00
October 31 2017,Franklin,WA,Truck,0,0,0,18320,18320,0.00
September 30 2023,Skamania,WA,Passenger,117,53,170,7955,8125,2.09
September 30 2020,Allegheny,PA,Passenger,1,0,1,74,75,1.33
June 30 2020,Clackamas,OR,Passenger,2,0,2,197,199,1.01
December 31 2018,Washoe,NV,Passenger,2,0,2,116,118,1.69
March 31 2019,Wayne,MI,Passenger,0,1,1,71,72,1.39
March 31 2022,Elmore,ID,Passenger,1,0,1,17,18,5.56
January 31 2020,Grays Harbor,WA,Truck,0,0,0,20825,20825,0.00
January 31 2017,Lee,AL,Passenger,1,0,1,36,37,2.70
May 31 2022,Ventura,CA,Passenger,1,2,3,246,249,1.20
August 31 2018,Columbia,WA,Passenger,2,2,4,2415,2419,0.17
March 31 2020,Hillsborough,FL,Passenger,0,1,1,184,185,0.54
September 30 2022,Leavenworth,KS,Passenger,0,1,1,98,99,1.01
May 31 2019,Lincoln,WA,Passenger,3,8,11,7772,7783,0.14
August 31 2019,Maui,HI,Passenger,2,0,2,44,46,4.35
January 31 2020,Palm Beach,FL,Passenger,0,1,1,84,85,1.18
July 31 2017,Carroll,NH,Passenger,0,1,1,1,2,50.00
June 30 2020,Santa Cruz,CA,Passenger,1,0,1,34,35,2.86
January 31 2021,Powhatan,VA,Passenger,1,0,1,1,2,50.00
August 31 2023,Marion,IA,Passenger,1,0,1,0,1,100.00
March 31 2017,Okanogan,WA,Truck,0,0,0,16305,16305,0.00
January 31 2019,Multnomah,OR,Passenger,3,5,8,776,784,1.02
January 31 2022,Philadelphia,PA,Passenger,1,0,1,42,43,2.33
August 31 2017,San Juan,WA,Passenger,113,39,152,13645,13797,1.10
November 30 2021,Kittitas,WA,Truck,0,0,0,14805,14805,0.00
April 30 2023,Walla Walla,WA,Passenger,213,114,327,35454,35781,0.91
June 30 2019,New Haven,CT,Passenger,0,2,2,47,49,4.08
December 31 2019,Fairbanks North Star,AK,Passenger,0,1,1,98,99,1.01
January 31 2022,San Mateo,CA,Passenger,2,0,2,86,88,2.27
September 30 2022,Pulaski,AR,Passenger,1,0,1,28,29,3.45
August 31 2019,Tarrant,TX,Passenger,2,0,2,207,209,0.96
December 31 2018,Bergen,NJ,Passenger,1,0,1,27,28,3.57
August 31 2021,Grays Harbor,WA,Passenger,177,147,324,49491,49815,0.65
November 30 2021,Contra Costa,CA,Passenger,1,4,5,260,265,1.89
May 31 2022,Harris,TX,Passenger,2,0,2,156,158,1.27
August 31 2019,San Mateo,CA,Passenger,2,1,3,121,124,2.42
September 30 2019,Stevens,WA,Truck,0,0,0,18749,18749,0.00
September 30 2018,Sedgwick,KS,Passenger,0,1,1,100,101,0.99
November 30 2020,Boone,MO,Passenger,0,1,1,10,11,9.09
December 31 2022,Nassau,NY,Passenger,2,0,2,24,26,7.69
April 30 2019,Santa Fe,NM,Passenger,0,1,1,42,43,2.33
June 30 2017,Tarrant,TX,Passenger,1,0,1,256,257,0.39
May 31 2021,Jefferson,WA,Passenger,321,181,502,24880,25382,1.98
August 31 2017,District of Columbia,DC,Passenger,0,2,2,204,206,0.97
March 31 2018,San Juan,WA,Truck,0,0,0,5655,5655,0.00
December 31 2022,Skagit,WA,Truck,11,0,11,32132,32143,0.03
September 30 2021,Chelan,WA,Passenger,375,104,479,54753,55232,0.87
October 31 2019,Twin Falls,ID,Passenger,0,1,1,27,28,3.57
April 30 2022,Nueces,TX,Passenger,1,1,2,59,61,3.28
May 31 2019,Middlesex,MA,Passenger,1,1,2,117,119,1.68
January 31 2021,Plaquemines,LA,Passenger,0,1,1,14,15,6.67
June 30 2019,Calvert,MD,Passenger,0,2,2,85,87,2.30
September 30 2020,Spokane,WA,Passenger,796,512,1308,318688,319996,0.41
February 28 2019,Yakima,WA,Passenger,86,101,187,164457,164644,0.11
September 30 2021,Ventura,CA,Passenger,1,3,4,270,274,1.46
May 31 2021,Whitman,WA,Truck,0,0,0,8575,8575,0.00
August 31 2021,San Juan,WA,Passenger,452,141,593,14203,14796,4.01
October 31 2018,Hardin,KY,Passenger,0,1,1,113,114,0.88
October 31 2021,Alexandria,VA,Passenger,2,0,2,123,125,1.60
March 31 2020,Carson City,NV,Passenger,1,0,1,11,12,8.33
June 30 2022,Meade,KY,Passenger,1,0,1,20,21,4.76
March 31 2022,Hawaii,HI,Passenger,1,0,1,41,42,2.38
October 31 2022,Danville,VA,Passenger,1,0,1,0,1,100.00
August 31 2018,San Juan,WA,Truck,0,0,0,5752,5752,0.00
November 30 2017,Cowlitz,WA,Truck,0,0,0,28144,28144,0.00
August 31 2017,Stevens,WA,Truck,0,0,0,18217,18217,0.00
February 29 2020,Clackamas,OR,Passenger,2,1,3,213,216,1.39
May 31 2022,Suffolk,MA,Passenger,0,1,1,24,25,4.00
April 30 2022,Saratoga,NY,Passenger,1,0,1,40,41,2.44
March 31 2017,St. Lucie,FL,Passenger,1,0,1,31,32,3.12
March 31 2019,Ventura,CA,Passenger,0,2,2,320,322,0.62
October 31 2020,Island,WA,Truck,1,0,1,21292,21293,0.00
December 31 2017,Chelan,WA,Passenger,86,38,124,53029,53153,0.23
June 30 2017,Clark,NV,Passenger,2,2,4,835,839,0.48
September 30 2021,Clallam,WA,Truck,1,0,1,22011,22012,0.00
June 30 2022,Klickitat,WA,Passenger,103,55,158,15242,15400,1.03
April 30 2023,Vernon,LA,Passenger,1,0,1,73,74,1.35
November 30 2018,Jefferson,CO,Passenger,0,2,2,65,67,2.99
November 30 2021,Albemarle,VA,Passenger,1,0,1,21,22,4.55
May 31 2023,Maui,HI,Passenger,1,0,1,20,21,4.76
June 30 2022,Pierce,WA,Passenger,5062,2306,7368,545624,552992,1.33
December 31 2022,Asotin,WA,Truck,0,0,0,6673,6673,0.00
August 31 2022,Pacific,WA,Truck,0,0,0,7855,7855,0.00
August 31 2018,Montgomery,TX,Passenger,2,0,2,65,67,2.99
June 30 2020,Collin,TX,Passenger,2,1,3,123,126,2.38
December 31 2022,Wahkiakum,WA,Truck,1,0,1,1787,1788,0.06
February 28 2017,Kittitas,WA,Passenger,15,15,30,27061,27091,0.11
November 30 2018,Garfield,WA,Truck,0,0,0,963,963,0.00
January 31 2022,Platte,MO,Passenger,1,0,1,21,22,4.55
June 30 2021,Jones,GA,Passenger,1,0,1,1,2,50.00
November 30 2023,Moore,NC,Passenger,0,1,1,95,96,1.04
November 30 2023,Cumberland,PA,Passenger,1,1,2,26,28,7.14
April 30 2019,Lake,CA,Passenger,0,1,1,10,11,9.09
September 30 2020,Whitman,WA,Passenger,47,47,94,21986,22080,0.43
April 30 2022,Montgomery,MD,Passenger,4,2,6,203,209,2.87
May 31 2022,Escambia,FL,Passenger,0,1,1,138,139,0.72
February 28 2019,Ventura,CA,Passenger,0,2,2,321,323,0.62
May 31 2022,Skamania,WA,Truck,0,0,0,3968,3968,0.00
July 31 2019,Pinellas,FL,Passenger,1,0,1,118,119,0.84
June 30 2022,Tarrant,TX,Passenger,1,0,1,119,120,0.83
March 31 2022,Harford,MD,Passenger,1,1,2,51,53,3.77
June 30 2020,Juneau,AK,Passenger,0,2,2,27,29,6.90
November 30 2022,Oldham,KY,Passenger,0,1,1,4,5,20.00
April 30 2023,Hawaii,HI,Passenger,1,0,1,29,30,3.33
September 30 2022,Clallam,WA,Truck,6,0,6,21878,21884,0.03
March 31 2019,Island,WA,Truck,0,0,0,21174,21174,0.00
July 31 2018,Whitman,WA,Passenger,19,28,47,22658,22705,0.21
August 31 2023,Stevens,WA,Truck,2,0,2,18635,18637,0.01
December 31 2017,Clallam,WA,Truck,0,0,0,21219,21219,0.00
June 30 2022,Contra Costa,CA,Passenger,0,4,4,244,248,1.61
June 30 2023,Moore,NC,Passenger,0,1,1,104,105,0.95
August 31 2021,San Luis Obispo,CA,Passenger,1,0,1,62,63,1.59
May 31 2018,Monroe,IL,Passenger,1,0,1,4,5,20.00
December 31 2018,Thurston,WA,Passenger,739,572,1311,195547,196858,0.67
April 30 2022,San Diego,CA,Passenger,16,8,24,2440,2464,0.97
October 31 2021,Whitman,WA,Truck,0,0,0,8560,8560,0.00
February 28 2021,Fairfax,VA,Passenger,5,4,9,704,713,1.26
February 28 2022,Harrison,MS,Passenger,2,0,2,49,51,3.92
July 31 2023,Cumberland,NC,Passenger,1,4,5,301,306,1.63
March 31 2020,Tarrant,TX,Passenger,1,0,1,188,189,0.53
August 31 2021,Lake,IN,Passenger,0,1,1,11,12,8.33
November 30 2022,Camden,NJ,Passenger,0,1,1,13,14,7.14
July 31 2017,Lake,CA,Passenger,0,1,1,14,15,6.67
July 31 2021,Wilson,NC,Passenger,1,0,1,0,1,100.00
March 31 2021,Asotin,WA,Passenger,17,14,31,12563,12594,0.25
October 31 2020,Whitman,WA,Truck,0,0,0,8491,8491,0.00
August 31 2018,Cowlitz,WA,Truck,0,0,0,28605,28605,0.00
December 31 2021,Franklin,WA,Truck,0,0,0,20843,20843,0.00
February 29 2020,Franklin,WA,Passenger,58,76,134,61119,61253,0.22
December 31 2021,Dallas,TX,Passenger,1,0,1,144,145,0.69
March 31 2022,Montgomery,TX,Passenger,1,0,1,40,41,2.44
January 31 2022,Middlesex,MA,Passenger,0,1,1,87,88,1.14
July 31 2023,Atlantic,NJ,Passenger,1,0,1,9,10,10.00
January 31 2019,Yakima,WA,Passenger,84,100,184,164921,165105,0.11
November 30 2020,Kitsap,WA,Truck,0,0,0,54279,54279,0.00
March 31 2019,Whatcom,WA,Passenger,792,386,1178,149718,150896,0.78
February 28 2022,Pend Oreille,WA,Truck,0,0,0,5715,5715,0.00
August 31 2017,Okanogan,WA,Passenger,4,18,22,25668,25690,0.09
March 31 2021,Riverside,CA,Passenger,5,1,6,578,584,1.03
May 31 2019,El Paso,TX,Passenger,3,0,3,486,489,0.61
March 31 2023,St. Louis,MO,Passenger,1,0,1,54,55,1.82
April 30 2020,Albemarle,VA,Passenger,1,0,1,22,23,4.35
November 30 2019,Powhatan,VA,Passenger,1,0,1,0,1,100.00
December 31 2019,Kitsap,WA,Passenger,1198,652,1850,182312,184162,1.00
March 31 2022,Stevens,WA,Passenger,60,50,110,30063,30173,0.36
November 30 2020,Deschutes,OR,Passenger,2,0,2,130,132,1.52
January 31 2023,Sonoma,CA,Passenger,1,1,2,72,74,2.70
November 30 2022,Douglas,CO,Passenger,0,1,1,69,70,1.43
March 31 2017,Skamania,WA,Truck,0,0,0,3882,3882,0.00
September 30 2017,Stevens,WA,Truck,0,0,0,18249,18249,0.00
October 31 2019,Vigo,IN,Passenger,1,0,1,6,7,14.29
November 30 2017,Lincoln,WA,Passenger,2,5,7,7552,7559,0.09
August 31 2021,Island,WA,Passenger,645,318,963,63161,64124,1.50
January 31 2020,Island,WA,Passenger,392,258,650,63558,64208,1.01
November 30 2017,Canyon,ID,Passenger,0,1,1,93,94,1.06
February 28 2018,Clay,FL,Passenger,0,1,1,101,102,0.98
August 31 2021,Saginaw,MI,Passenger,1,0,1,9,10,10.00
July 31 2021,Shelby,OH,Passenger,0,1,1,1,2,50.00
March 31 2021,Kauai,HI,Passenger,1,0,1,17,18,5.56
August 31 2023,Bartow,GA,Passenger,0,1,1,2,3,33.33
May 31 2021,Lewis,WA,Truck,0,0,0,26893,26893,0.00
August 31 2019,Benton,WA,Passenger,279,291,570,134326,134896,0.42
January 31 2022,Klickitat,WA,Truck,0,0,0,8330,8330,0.00
April 30 2020,Cumberland,NC,Passenger,0,2,2,485,487,0.41
June 30 2019,Richland,SC,Passenger,0,1,1,162,163,0.61
March 31 2021,Lake,IL,Passenger,2,0,2,161,163,1.23
February 28 2023,Escambia,FL,Passenger,0,1,1,129,130,0.77
August 31 2017,Dale,AL,Passenger,0,1,1,63,64,1.56
August 31 2023,Platte,MO,Passenger,2,0,2,21,23,8.70
April 30 2017,Hardin,KY,Passenger,0,1,1,120,121,0.83
June 30 2020,Albemarle,VA,Passenger,1,0,1,22,23,4.35
February 28 2023,Mercer,NJ,Passenger,0,1,1,12,13,7.69
October 31 2017,St. Lucie,FL,Passenger,1,0,1,27,28,3.57
November 30 2018,Grays Harbor,WA,Passenger,61,68,129,47370,47499,0.27
May 31 2019,Yakima,WA,Truck,0,0,0,59081,59081,0.00
November 30 2021,Clallam,WA,Passenger,372,238,610,50500,51110,1.19
November 30 2019,Yakima,WA,Truck,0,0,0,59585,59585,0.00
September 30 2020,Pinellas,FL,Passenger,1,1,2,109,111,1.80
May 31 2022,Philadelphia,PA,Passenger,1,0,1,40,41,2.44
January 31 2020,Benton,WA,Truck,0,0,0,42556,42556,0.00
February 28 2018,Travis,TX,Passenger,1,1,2,190,192,1.04
August 31 2023,Palm Beach,FL,Passenger,1,0,1,40,41,2.44
April 30 2022,Queens,NY,Passenger,1,0,1,47,48,2.08
November 30 2022,Ray,MO,Passenger,0,1,1,1,2,50.00
September 30 2020,Multnomah,OR,Passenger,4,6,10,711,721,1.39
March 31 2023,Benton,WA,Truck,16,0,16,43372,43388,0.04
March 31 2023,Kings,CA,Passenger,2,2,4,286,290,1.38
June 30 2021,Stevens,WA,Truck,0,0,0,18944,18944,0.00
September 30 2020,Goochland,VA,Passenger,3,2,5,253,258,1.94
October 31 2017,Walla Walla,WA,Passenger,28,28,56,35146,35202,0.16
September 30 2017,Fulton,GA,Passenger,1,0,1,109,110,0.91
August 31 2020,Carroll,MD,Passenger,0,1,1,20,21,4.76
September 30 2019,Powhatan,VA,Passenger,1,0,1,0,1,100.00
September 30 2022,Wilson,TX,Passenger,0,1,1,3,4,25.00
October 31 2017,Clark,WA,Truck,0,0,0,78120,78120,0.00
November 30 2018,Pima,AZ,Passenger,1,1,2,415,417,0.48
November 30 2019,Mason,WA,Truck,0,0,0,20505,20505,0.00
June 30 2019,Montgomery,TX,Passenger,2,0,2,64,66,3.03
November 30 2018,Collin,TX,Passenger,1,1,2,155,157,1.27
May 31 2018,San Juan,WA,Passenger,141,56,197,14044,14241,1.38
July 31 2023,Moore,NC,Passenger,0,1,1,104,105,0.95
June 30 2017,Santa Fe,NM,Passenger,0,1,1,47,48,2.08
November 30 2019,Guadalupe,TX,Passenger,1,0,1,70,71,1.41
April 30 2020,Washtenaw,MI,Passenger,1,0,1,36,37,2.70
April 30 2021,Juneau,AK,Passenger,0,1,1,25,26,3.85
August 31 2022,Mason,WA,Passenger,330,177,507,46999,47506,1.07
February 28 2023,Mason,WA,Truck,9,0,9,20884,20893,0.04
May 31 2023,Burlington,NJ,Passenger,2,2,4,89,93,4.30
November 30 2022,Burlington,NJ,Passenger,0,2,2,97,99,2.02
November 30 2022,Fairfax,VA,Passenger,6,3,9,601,610,1.48
January 31 2021,Dakota,MN,Passenger,0,1,1,30,31,3.23
December 31 2022,Santa Barbara,CA,Passenger,1,0,1,71,72,1.39
October 31 2021,Polk,FL,Passenger,1,0,1,60,61,1.64
July 31 2018,Essex,NJ,Passenger,1,0,1,13,14,7.14
July 31 2021,Kauai,HI,Passenger,1,0,1,19,20,5.00
April 30 2022,King,WA,Passenger,39315,10822,50137,1350381,1400518,3.58
March 31 2022,Spartanburg,SC,Passenger,0,1,1,43,44,2.27
October 31 2017,Prince George's,MD,Passenger,0,1,1,180,181,0.55
April 30 2020,Franklin,WA,Truck,0,0,0,19841,19841,0.00
January 31 2017,Tarrant,TX,Passenger,0,2,2,337,339,0.59
April 30 2021,Calvert,MD,Passenger,0,2,2,85,87,2.30
February 29 2020,Palm Beach,FL,Passenger,0,1,1,83,84,1.19
January 31 2017,Santa Barbara,CA,Passenger,0,1,1,136,137,0.73
November 30 2017,Orleans,LA,Passenger,0,1,1,46,47,2.13
November 30 2019,Montgomery,AL,Passenger,0,1,1,38,39,2.56
September 30 2023,Skagit,WA,Passenger,1230,447,1677,87787,89464,1.87
November 30 2020,Spartanburg,SC,Passenger,0,1,1,51,52,1.92
March 31 2019,Multnomah,OR,Passenger,4,5,9,757,766,1.17
April 30 2020,Norfolk,VA,Passenger,2,2,4,350,354,1.13
November 30 2023,St. Mary's,MD,Passenger,1,0,1,161,162,0.62
July 31 2017,Prince George's,MD,Passenger,0,1,1,187,188,0.53
April 30 2018,Dale,AL,Passenger,0,1,1,63,64,1.56
May 31 2022,Williams,ND,Passenger,0,1,1,6,7,14.29
November 30 2017,Twin Falls,ID,Passenger,0,1,1,25,26,3.85
November 30 2017,Orange,CA,Passenger,3,1,4,602,606,0.66
December 31 2021,Maricopa,AZ,Passenger,8,4,12,1137,1149,1.04
October 31 2022,Stevens,WA,Passenger,83,56,139,30010,30149,0.46
January 31 2021,Harnett,NC,Passenger,1,0,1,192,193,0.52
November 30 2017,Wahkiakum,WA,Passenger,0,2,2,2868,2870,0.07
February 28 2017,Garfield,WA,Passenger,0,0,0,1290,1290,0.00
May 31 2017,Orange,CA,Passenger,3,1,4,657,661,0.61
September 30 2017,Saratoga,NY,Passenger,1,1,2,71,73,2.74
January 31 2020,Arapahoe,CO,Passenger,1,0,1,146,147,0.68
October 31 2022,Napa,CA,Passenger,0,1,1,12,13,7.69
August 31 2021,Pacific,WA,Passenger,48,54,102,16062,16164,0.63
January 31 2022,Grant,WA,Passenger,140,100,240,66796,67036,0.36
June 30 2020,Whitman,WA,Passenger,44,48,92,22130,22222,0.41
January 31 2018,San Diego,CA,Passenger,6,1,7,2576,2583,0.27
April 30 2017,Okanogan,WA,Truck,0,0,0,16257,16257,0.00
July 31 2017,Stevens,WA,Passenger,8,23,31,31390,31421,0.10
March 31 2022,Snohomish,WA,Passenger,7662,2361,10023,534706,544729,1.84
May 31 2018,Kootenai,ID,Passenger,0,1,1,219,220,0.45
May 31 2017,Utah,UT,Passenger,0,1,1,166,167,0.60
May 31 2021,Fairbanks North Star,AK,Passenger,0,1,1,86,87,1.15
November 30 2018,Orange,FL,Passenger,2,1,3,165,168,1.79
October 31 2022,Anne Arundel,MD,Passenger,4,3,7,317,324,2.16
February 28 2021,Mason,WA,Passenger,177,135,312,47643,47955,0.65
November 30 2018,Jefferson,NY,Passenger,0,1,1,233,234,0.43
December 31 2021,Harrison,MS,Passenger,2,0,2,48,50,4.00
April 30 2023,Gwinnett,GA,Passenger,1,0,1,47,48,2.08
May 31 2022,Benton,WA,Passenger,728,455,1183,135215,136398,0.87
June 30 2023,Thurston,WA,Passenger,3110,1236,4346,190051,194397,2.24
January 31 2018,King,WA,Truck,8,1,9,184782,184791,0.00
May 31 2021,Orange,FL,Passenger,1,0,1,110,111,0.90
April 30 2019,Stevens,WA,Truck,0,0,0,18678,18678,0.00
May 31 2017,Franklin,WA,Truck,0,0,0,18087,18087,0.00
June 30 2021,Grant,WA,Passenger,107,89,196,66954,67150,0.29
February 28 2019,Lee,FL,Passenger,1,0,1,53,54,1.85
August 31 2023,Elmore,ID,Passenger,1,0,1,11,12,8.33
March 31 2020,Mercer,NJ,Passenger,0,1,1,17,18,5.56
January 31 2022,Oldham,KY,Passenger,0,1,1,4,5,20.00
November 30 2018,Franklin,MA,Passenger,0,1,1,1,2,50.00
August 31 2021,Whatcom,WA,Passenger,1520,628,2148,150437,152585,1.41
June 30 2019,Lincoln,WA,Truck,0,0,0,4675,4675,0.00
October 31 2018,Clark,NV,Passenger,3,2,5,734,739,0.68
April 30 2020,District of Columbia,DC,Passenger,1,1,2,200,202,0.99
May 31 2021,Hudson,NJ,Passenger,1,0,1,43,44,2.27
July 31 2020,Boone,MO,Passenger,0,1,1,10,11,9.09
June 30 2022,Rockdale,GA,Passenger,1,0,1,7,8,12.50
December 31 2018,St. Lucie,FL,Passenger,1,0,1,30,31,3.23
January 31 2020,Shasta,CA,Passenger,1,0,1,38,39,2.56
February 29 2020,Whatcom,WA,Passenger,1042,486,1528,151580,153108,1.00
September 30 2017,San Diego,CA,Passenger,6,1,7,2645,2652,0.26
July 31 2022,San Diego,CA,Passenger,19,10,29,2352,2381,1.22
May 31 2020,Ferry,WA,Passenger,5,3,8,4332,4340,0.18
September 30 2018,Beaufort,SC,Passenger,1,0,1,39,40,2.50
November 30 2021,Wichita,TX,Passenger,1,0,1,43,44,2.27
December 31 2022,Oldham,KY,Passenger,0,1,1,4,5,20.00
July 31 2023,Grays Harbor,WA,Truck,9,0,9,20896,20905,0.04
June 30 2019,Pend Oreille,WA,Passenger,4,5,9,9529,9538,0.09
November 30 2019,Solano,CA,Passenger,1,0,1,208,209,0.48
June 30 2019,Jefferson,WA,Passenger,197,119,316,24990,25306,1.25
September 30 2018,Alameda,CA,Passenger,0,2,2,337,339,0.59
December 31 2018,Manatee,FL,Passenger,1,0,1,39,40,2.50
April 30 2017,Mercer,NJ,Passenger,0,1,1,20,21,4.76
July 31 2022,Elmore,ID,Passenger,1,0,1,15,16,6.25
September 30 2020,Putnam,TN,Passenger,0,1,1,2,3,33.33
June 30 2019,Lake,CA,Passenger,0,1,1,9,10,10.00
December 31 2018,Adams,WA,Passenger,5,6,11,12742,12753,0.09
February 28 2017,Tarrant,TX,Passenger,0,2,2,308,310,0.65
June 30 2020,Okanogan,WA,Passenger,36,33,69,25846,25915,0.27
April 30 2020,Clark,WA,Passenger,1992,1056,3048,318700,321748,0.95
February 28 2021,Alameda,CA,Passenger,4,0,4,262,266,1.50
November 30 2022,Chelan,WA,Passenger,523,141,664,54238,54902,1.21
June 30 2021,Hamilton,IN,Passenger,2,0,2,35,37,5.41
November 30 2017,Frederick,MD,Passenger,0,1,1,89,90,1.11
November 30 2022,Yavapai,AZ,Passenger,0,1,1,22,23,4.35
September 30 2019,Lee,FL,Passenger,1,0,1,51,52,1.92
August 31 2019,DeKalb,GA,Passenger,1,0,1,82,83,1.20
December 31 2020,DeKalb,GA,Passenger,1,0,1,74,75,1.33
April 30 2017,Stevens,WA,Passenger,8,22,30,31229,31259,0.10
November 30 2023,Los Angeles,CA,Passenger,5,4,9,495,504,1.79
March 31 2022,Fairfax,VA,Passenger,4,3,7,636,643,1.09
September 30 2018,Arlington,VA,Passenger,1,1,2,174,176,1.14
February 28 2018,Prince George,VA,Passenger,0,1,1,75,76,1.32
November 30 2021,Spartanburg,SC,Passenger,0,1,1,49,50,2.00
September 30 2023,Las Animas,CO,Passenger,1,0,1,0,1,100.00
April 30 2018,Kittitas,WA,Truck,0,0,0,13994,13994,0.00
February 28 2022,Kittitas,WA,Truck,0,0,0,14753,14753,0.00
September 30 2021,Pima,AZ,Passenger,1,1,2,277,279,0.72
May 31 2020,DuPage,IL,Passenger,3,0,3,59,62,4.84
February 28 2023,Snohomish,WA,Passenger,10935,2837,13772,529870,543642,2.53
November 30 2018,Bexar,TX,Passenger,3,4,7,723,730,0.96
December 31 2018,Okanogan,WA,Truck,0,0,0,16486,16486,0.00
June 30 2022,Skagit,WA,Truck,3,0,3,32338,32341,0.01
December 31 2018,Garfield,WA,Passenger,1,1,2,1328,1330,0.15
October 31 2019,Pierce,WA,Truck,0,0,0,140668,140668,0.00
May 31 2021,Mason,WA,Truck,0,0,0,21333,21333,0.00
March 31 2021,Klickitat,WA,Passenger,65,46,111,15026,15137,0.73
July 31 2023,Bartow,GA,Passenger,0,1,1,2,3,33.33
April 30 2021,Pierce,WA,Passenger,3271,1902,5173,559600,564773,0.92
June 30 2022,Chelan,WA,Passenger,461,126,587,54332,54919,1.07
May 31 2019,Lewis,WA,Truck,0,0,0,25911,25911,0.00
March 31 2021,Pinellas,FL,Passenger,1,1,2,101,103,1.94
July 31 2023,Grant,WA,Truck,12,0,12,28006,28018,0.04
July 31 2020,Riverside,CA,Passenger,3,1,4,610,614,0.65
November 30 2019,Volusia,FL,Passenger,0,1,1,44,45,2.22
June 30 2017,San Mateo,CA,Passenger,0,1,1,153,154,0.65
October 31 2021,Anne Arundel,MD,Passenger,4,1,5,371,376,1.33
May 31 2019,Suffolk,MA,Passenger,0,1,1,40,41,2.44
January 31 2018,Dale,AL,Passenger,0,1,1,66,67,1.49
December 31 2022,Rockdale,GA,Passenger,1,0,1,7,8,12.50
November 30 2020,Kittitas,WA,Passenger,125,52,177,29740,29917,0.59
October 31 2018,Wahkiakum,WA,Truck,0,0,0,1701,1701,0.00
January 31 2021,Spokane,WA,Truck,0,0,0,100853,100853,0.00
March 31 2018,Clark,WA,Passenger,918,641,1559,305985,307544,0.51
October 31 2021,St. Louis,MO,Passenger,1,0,1,76,77,1.30
January 31 2017,Clallam,WA,Passenger,73,64,137,48002,48139,0.28
July 31 2022,Whitman,WA,Passenger,88,60,148,21936,22084,0.67
July 31 2020,Hawaii,HI,Passenger,1,0,1,58,59,1.69
January 31 2023,Sedgwick,KS,Passenger,1,1,2,67,69,2.90
October 31 2020,Polk,FL,Passenger,1,0,1,65,66,1.52
February 29 2020,Washtenaw,MI,Passenger,1,0,1,39,40,2.50
July 31 2022,Meade,KY,Passenger,1,0,1,19,20,5.00
August 31 2021,Harnett,NC,Passenger,1,1,2,173,175,1.14
August 31 2018,Ada,ID,Passenger,0,2,2,323,325,0.62
July 31 2022,Middlesex,MA,Passenger,2,1,3,75,78,3.85
October 31 2018,Juneau,AK,Passenger,0,1,1,42,43,2.33
June 30 2023,Cowlitz,WA,Passenger,477,218,695,69871,70566,0.98
April 30 2023,Charles,MD,Passenger,1,1,2,55,57,3.51
June 30 2023,Chelan,WA,Passenger,636,163,799,54231,55030,1.45
December 31 2020,Manassas,VA,Passenger,0,1,1,6,7,14.29
July 31 2023,Henrico,VA,Passenger,0,1,1,5,6,16.67
November 30 2021,Lake,IN,Passenger,0,1,1,9,10,10.00
January 31 2017,King,WA,Passenger,8801,3621,12422,1387243,1399665,0.89
March 31 2023,Columbia,WA,Truck,0,0,0,1572,1572,0.00
December 31 2022,Pacific,WA,Truck,2,0,2,7836,7838,0.03
June 30 2019,Snohomish,WA,Passenger,3472,1592,5064,531438,536502,0.94
February 28 2021,Snohomish,WA,Truck,1,0,1,125711,125712,0.00
April 30 2019,Alameda,CA,Passenger,3,2,5,316,321,1.56
September 30 2018,Orange,FL,Passenger,2,1,3,167,170,1.76
January 31 2022,Essex,NJ,Passenger,2,0,2,13,15,13.33
February 28 2022,Hamilton,OH,Passenger,1,0,1,36,37,2.70
March 31 2021,Boulder,CO,Passenger,1,1,2,51,53,3.77
March 31 2023,Las Animas,CO,Passenger,1,0,1,0,1,100.00
November 30 2019,Pend Oreille,WA,Truck,0,0,0,5730,5730,0.00
June 30 2017,Lincoln,WA,Truck,0,0,0,4427,4427,0.00
August 31 2020,Ramsey,MN,Passenger,1,0,1,39,40,2.50
November 30 2019,Kitsap,WA,Truck,1,0,1,54402,54403,0.00
November 30 2019,Denver,CO,Passenger,1,0,1,125,126,0.79
December 31 2018,Ferry,WA,Truck,0,0,0,3585,3585,0.00
January 31 2017,Shelby,TN,Passenger,0,1,1,117,118,0.85
July 31 2020,Ferry,WA,Passenger,7,3,10,4331,4341,0.23
February 28 2019,Palm Beach,FL,Passenger,0,1,1,90,91,1.10
May 31 2023,Monterey,CA,Passenger,1,1,2,111,113,1.77
July 31 2019,Camden,NJ,Passenger,0,1,1,25,26,3.85
May 31 2021,Champaign,IL,Passenger,1,0,1,13,14,7.14
May 31 2021,Oldham,KY,Passenger,0,1,1,4,5,20.00
June 30 2019,Alameda,CA,Passenger,4,2,6,311,317,1.89
February 28 2021,Adams,WA,Truck,0,0,0,5344,5344,0.00
April 30 2019,Bexar,TX,Passenger,3,4,7,682,689,1.02
July 31 2020,Ada,ID,Passenger,0,1,1,275,276,0.36
August 31 2019,Klamath,OR,Passenger,1,0,1,40,41,2.44
October 31 2020,Charles,MD,Passenger,1,1,2,79,81,2.47
October 31 2018,Ramsey,MN,Passenger,1,0,1,42,43,2.33
July 31 2021,King,WA,Truck,5,1,6,184326,184332,0.00
May 31 2022,Clallam,WA,Truck,1,0,1,21946,21947,0.00
April 30 2023,Pierce,WA,Truck,140,0,140,137764,137904,0.10
June 30 2021,Richland,SC,Passenger,0,1,1,137,138,0.72
May 31 2019,Goochland,VA,Passenger,1,1,2,258,260,0.77
October 31 2018,Orange,FL,Passenger,2,1,3,166,169,1.78
December 31 2018,Clark,WA,Truck,0,0,0,79833,79833,0.00
August 31 2017,Spokane,WA,Truck,1,0,1,90992,90993,0.00
August 31 2020,Arapahoe,CO,Passenger,1,0,1,133,134,0.75
March 31 2020,Pend Oreille,WA,Truck,0,0,0,5755,5755,0.00
November 30 2019,Anne Arundel,MD,Passenger,1,1,2,439,441,0.45
June 30 2021,Collin,TX,Passenger,2,1,3,113,116,2.59
March 31 2018,Mercer,NJ,Passenger,0,1,1,21,22,4.55
April 30 2017,Cowlitz,WA,Passenger,52,48,100,69318,69418,0.14
July 31 2020,Clark,WA,Passenger,2097,1066,3163,317908,321071,0.99
March 31 2022,Lincoln,WA,Truck,0,0,0,4833,4833,0.00
October 31 2018,Douglas,WA,Passenger,47,33,80,27894,27974,0.29
December 31 2020,Kittitas,WA,Passenger,127,51,178,29820,29998,0.59
February 28 2017,Maricopa,AZ,Passenger,3,1,4,1881,1885,0.21
November 30 2020,Kern,CA,Passenger,0,1,1,216,217,0.46
July 31 2020,Pinal,AZ,Passenger,1,0,1,182,183,0.55
February 28 2021,Cumberland,NC,Passenger,0,2,2,452,454,0.44
July 31 2017,Santa Rosa,FL,Passenger,1,0,1,115,116,0.86
November 30 2019,Arlington,VA,Passenger,0,2,2,159,161,1.24
March 31 2022,Lewis,WA,Truck,0,0,0,26513,26513,0.00
September 30 2020,Snohomish,WA,Truck,0,0,0,124921,124921,0.00
January 31 2023,Snohomish,WA,Passenger,10595,2790,13385,530300,543685,2.46
January 31 2019,Skamania,WA,Truck,0,0,0,4008,4008,0.00
January 31 2022,Dallas,TX,Passenger,1,0,1,137,138,0.72
March 31 2022,Washtenaw,MI,Passenger,0,1,1,29,30,3.33
July 31 2020,Sarasota,FL,Passenger,2,0,2,27,29,6.90
November 30 2022,Dorchester,SC,Passenger,1,0,1,48,49,2.04
June 30 2021,Champaign,IL,Passenger,1,0,1,12,13,7.69
September 30 2023,Elmore,ID,Passenger,1,0,1,11,12,8.33
May 31 2022,Cowlitz,WA,Passenger,322,175,497,70690,71187,0.70
July 31 2020,Benton,WA,Passenger,372,321,693,134282,134975,0.51
March 31 2020,San Juan,WA,Passenger,291,86,377,14276,14653,2.57
October 31 2021,El Paso,CO,Passenger,3,1,4,674,678,0.59
January 31 2021,Skagit,WA,Passenger,517,243,760,91418,92178,0.82
August 31 2020,Montgomery,OH,Passenger,0,1,1,48,49,2.04
June 30 2021,Prince William,VA,Passenger,1,1,2,216,218,0.92
December 31 2019,New London,CT,Passenger,0,2,2,244,246,0.81
February 28 2022,Bell,TX,Passenger,1,0,1,347,348,0.29
October 31 2021,Okanogan,WA,Truck,0,0,0,16674,16674,0.00
May 31 2019,,,Passenger,4,2,6,407,413,1.45
June 30 2021,Placer,CA,Passenger,2,0,2,81,83,2.41
October 31 2022,Nassau,NY,Passenger,2,0,2,25,27,7.41
October 31 2020,Boone,MO,Passenger,0,1,1,10,11,9.09
December 31 2022,Newport News,VA,Passenger,1,0,1,102,103,0.97
January 31 2022,Okaloosa,FL,Passenger,0,1,1,113,114,0.88
October 31 2019,Juneau,AK,Passenger,0,2,2,27,29,6.90
May 31 2022,Clark,WA,Passenger,3935,1735,5670,316633,322303,1.76
October 31 2020,Richmond,GA,Passenger,0,1,1,80,81,1.23
June 30 2022,Kittitas,WA,Passenger,266,84,350,29751,30101,1.16
August 31 2020,District of Columbia,DC,Passenger,2,1,3,200,203,1.48
August 31 2021,St. Mary's,MD,Passenger,1,0,1,209,210,0.48
June 30 2020,Harrison,MS,Passenger,1,0,1,54,55,1.82
August 31 2021,Monterey,CA,Passenger,0,2,2,147,149,1.34
September 30 2023,Meade,KY,Passenger,1,0,1,15,16,6.25
August 31 2023,Rockdale,GA,Passenger,1,0,1,5,6,16.67
September 30 2022,San Juan,WA,Passenger,536,162,698,13997,14695,4.75
October 31 2020,Chelan,WA,Truck,0,0,0,22767,22767,0.00
February 28 2022,Asotin,WA,Passenger,22,18,40,12634,12674,0.32
June 30 2023,St. Mary's,MD,Passenger,1,0,1,168,169,0.59
April 30 2018,Whitman,WA,Truck,0,0,0,8465,8465,0.00
October 31 2023,Suffolk,VA,Passenger,1,0,1,85,86,1.16
August 31 2019,Tulsa,OK,Passenger,1,1,2,49,51,3.92
June 30 2022,Marin,CA,Passenger,0,1,1,33,34,2.94
June 30 2022,King,WA,Passenger,40718,11311,52029,1349043,1401072,3.71
August 31 2022,Whatcom,WA,Passenger,1915,766,2681,148805,151486,1.77
June 30 2021,Douglas,WA,Passenger,93,48,141,28515,28656,0.49
April 30 2020,Kittitas,WA,Truck,0,0,0,14594,14594,0.00
October 31 2022,Benton,WA,Truck,7,0,7,43328,43335,0.02
January 31 2023,Deschutes,OR,Passenger,1,0,1,66,67,1.49
November 30 2020,Prince George's,MD,Passenger,2,1,3,154,157,1.91
July 31 2022,Montgomery,PA,Passenger,1,0,1,21,22,4.55
February 28 2021,Howard,IN,Passenger,0,1,1,3,4,25.00
July 31 2022,Orange,NC,Passenger,0,1,1,7,8,12.50
June 30 2018,Thurston,WA,Passenger,572,481,1053,192996,194049,0.54
January 31 2019,Thurston,WA,Passenger,771,590,1361,195993,197354,0.69
April 30 2023,Santa Clara,CA,Passenger,9,4,13,182,195,6.67
May 31 2023,Lewis,WA,Truck,7,0,7,26037,26044,0.03
July 31 2019,Whatcom,WA,Passenger,883,436,1319,151085,152404,0.87
July 31 2021,Klickitat,WA,Truck,0,0,0,8310,8310,0.00
September 30 2021,Santa Clara,CA,Passenger,8,2,10,263,273,3.66
September 30 2019,Denver,CO,Passenger,1,0,1,124,125,0.80
July 31 2017,Moore,NC,Passenger,0,1,1,198,199,0.50
July 31 2018,DuPage,IL,Passenger,1,0,1,63,64,1.56
February 28 2021,Eagle,CO,Passenger,1,0,1,9,10,10.00
April 30 2021,Clark,WA,Passenger,2681,1329,4010,321546,325556,1.23
January 31 2022,Riverside,CA,Passenger,5,1,6,496,502,1.20
November 30 2020,San Juan,WA,Passenger,355,106,461,14012,14473,3.19
February 28 2019,Klickitat,WA,Passenger,30,32,62,15448,15510,0.40
February 28 2022,Whitman,WA,Passenger,70,56,126,22000,22126,0.57
April 30 2019,Lincoln,WA,Truck,0,0,0,4699,4699,0.00
April 30 2018,Chelan,WA,Truck,0,0,0,21765,21765,0.00
January 31 2021,King,WA,Truck,6,1,7,184323,184330,0.00
January 31 2017,Hood River,OR,Passenger,1,0,1,43,44,2.27
August 31 2021,Manassas,VA,Passenger,0,1,1,8,9,11.11
May 31 2021,Nassau,FL,Passenger,1,0,1,31,32,3.12
October 31 2018,Gwinnett,GA,Passenger,0,1,1,82,83,1.20
July 31 2022,Clinton,PA,Passenger,1,0,1,1,2,50.00
December 31 2019,Okanogan,WA,Passenger,30,30,60,26235,26295,0.23
July 31 2021,Kitsap,WA,Truck,0,0,0,54403,54403,0.00
October 31 2020,Ramsey,MN,Passenger,1,0,1,36,37,2.70
March 31 2019,Montgomery,MD,Passenger,1,0,1,278,279,0.36
January 31 2018,Morris,NJ,Passenger,1,0,1,20,21,4.76
October 31 2019,Arlington,VA,Passenger,0,2,2,157,159,1.26
July 31 2020,Collier,FL,Passenger,1,0,1,19,20,5.00
July 31 2019,Eagle,CO,Passenger,1,0,1,6,7,14.29
February 28 2021,Multnomah,OR,Passenger,3,5,8,684,692,1.16
January 31 2019,Jefferson,WA,Passenger,175,112,287,24848,25135,1.14
October 31 2019,Carson City,NV,Passenger,1,0,1,11,12,8.33
October 31 2018,San Juan,WA,Truck,0,0,0,5784,5784,0.00
June 30 2019,RÃ­o Grande,PR,Passenger,1,0,1,1,2,50.00
March 31 2020,Penobscot,ME,Passenger,0,1,1,16,17,5.88
March 31 2021,Harrison,MS,Passenger,2,0,2,53,55,3.64
December 31 2022,Stafford,VA,Passenger,3,1,4,86,90,4.44
May 31 2021,Charleston,SC,Passenger,2,0,2,89,91,2.20
December 31 2018,Whatcom,WA,Passenger,757,371,1128,149422,150550,0.75
February 29 2020,Washington,OR,Passenger,1,0,1,466,467,0.21
June 30 2023,Columbia,WA,Truck,0,0,0,1552,1552,0.00
February 29 2020,Lewis,WA,Truck,0,0,0,26098,26098,0.00
November 30 2022,Klickitat,WA,Passenger,120,53,173,15110,15283,1.13
December 31 2022,Prince George's,MD,Passenger,3,1,4,120,124,3.23
April 30 2017,New London,CT,Passenger,1,1,2,256,258,0.78
March 31 2023,Fairbanks North Star,AK,Passenger,0,1,1,58,59,1.69
August 31 2021,Spokane,WA,Passenger,1157,684,1841,325902,327743,0.56
November 30 2018,Asotin,WA,Passenger,12,9,21,12725,12746,0.16
October 31 2021,Benton,WA,Truck,0,0,0,43702,43702,0.00
April 30 2018,New London,CT,Passenger,0,1,1,251,252,0.40
August 31 2022,Orange,CA,Passenger,6,3,9,360,369,2.44
July 31 2023,Thurston,WA,Passenger,3190,1253,4443,189636,194079,2.29
April 30 2022,Chelan,WA,Passenger,447,124,571,54506,55077,1.04
November 30 2017,Garfield,WA,Truck,0,0,0,936,936,0.00
February 28 2023,Stafford,VA,Passenger,3,1,4,83,87,4.60
October 31 2020,Nueces,TX,Passenger,1,0,1,87,88,1.14
March 31 2017,Orleans,LA,Passenger,0,1,1,50,51,1.96
November 30 2023,Yellowstone,MT,Passenger,0,1,1,9,10,10.00
July 31 2022,Placer,CA,Passenger,2,0,2,69,71,2.82
April 30 2018,Columbia,WA,Truck,0,0,0,1523,1523,0.00
March 31 2021,Snohomish,WA,Truck,1,0,1,125911,125912,0.00
August 31 2020,Portsmouth,VA,Passenger,0,1,1,75,76,1.32
December 31 2020,Ventura,CA,Passenger,1,1,2,287,289,0.69
January 31 2020,Santa Rosa,FL,Passenger,1,0,1,89,90,1.11
July 31 2022,Orange,FL,Passenger,2,0,2,84,86,2.33
January 31 2020,Powhatan,VA,Passenger,1,0,1,0,1,100.00
April 30 2019,Spokane,WA,Passenger,511,407,918,309542,310460,0.30
October 31 2017,Skagit,WA,Passenger,151,126,277,88957,89234,0.31
November 30 2023,El Paso,CO,Passenger,4,2,6,410,416,1.44
March 31 2021,Franklin,WA,Passenger,100,88,188,61654,61842,0.30
May 31 2022,Sarasota,FL,Passenger,2,0,2,29,31,6.45
September 30 2020,Clallam,WA,Passenger,245,173,418,49879,50297,0.83
September 30 2022,Jefferson,WA,Truck,3,0,3,9380,9383,0.03
October 31 2017,Multnomah,OR,Passenger,1,3,4,914,918,0.44
June 30 2021,Clallam,WA,Truck,1,0,1,22019,22020,0.00
December 31 2021,Placer,CA,Passenger,2,0,2,76,78,2.56
January 31 2017,Duval,FL,Passenger,1,1,2,379,381,0.52
May 31 2020,Stafford,VA,Passenger,1,1,2,91,93,2.15
June 30 2018,Canyon,ID,Passenger,0,1,1,93,94,1.06
March 31 2017,Polk,FL,Passenger,1,0,1,67,68,1.47
July 31 2021,Pennington,SD,Passenger,1,0,1,32,33,3.03
December 31 2017,Nantucket,MA,Passenger,1,0,1,3,4,25.00
September 30 2018,DeKalb,IN,Passenger,1,0,1,1,2,50.00
January 31 2021,Grant,WA,Passenger,87,84,171,66092,66263,0.26
May 31 2022,Douglas,WA,Truck,0,0,0,12765,12765,0.00
October 31 2017,Travis,TX,Passenger,1,1,2,195,197,1.02
December 31 2022,Rockingham,NH,Passenger,1,0,1,15,16,6.25
August 31 2017,Frederick,MD,Passenger,0,1,1,85,86,1.16
October 31 2023,Charleston,SC,Passenger,1,2,3,45,48,6.25
January 31 2017,Marin,CA,Passenger,1,0,1,58,59,1.69
April 30 2019,Lee,FL,Passenger,1,0,1,54,55,1.82
December 31 2019,Powhatan,VA,Passenger,1,0,1,0,1,100.00
September 30 2021,Escambia,FL,Passenger,0,1,1,146,147,0.68
July 31 2023,Honolulu,HI,Passenger,2,3,5,250,255,1.96
October 31 2018,Montgomery,MD,Passenger,1,0,1,284,285,0.35
February 28 2021,St. Mary's,MD,Passenger,1,0,1,216,217,0.46
July 31 2020,Dallas,TX,Passenger,1,0,1,195,196,0.51
May 31 2023,Douglas,NE,Passenger,1,1,2,31,33,6.06
May 31 2022,Rock Island,IL,Passenger,0,1,1,12,13,7.69
October 31 2022,,,Passenger,2,1,3,275,278,1.08
May 31 2021,Whitman,WA,Passenger,60,44,104,22001,22105,0.47
December 31 2021,Snohomish,WA,Truck,2,0,2,125416,125418,0.00
March 31 2020,Contra Costa,CA,Passenger,3,2,5,324,329,1.52
September 30 2019,San Juan,WA,Truck,0,0,0,5913,5913,0.00
July 31 2019,Pacific,WA,Passenger,24,30,54,16025,16079,0.34
June 30 2021,Pinellas,FL,Passenger,0,1,1,98,99,1.01
February 28 2017,Cobb,GA,Passenger,0,1,1,83,84,1.19
November 30 2017,King,WA,Truck,7,1,8,185490,185498,0.00
September 30 2020,Williamson,TX,Passenger,0,2,2,134,136,1.47
May 31 2023,Stafford,VA,Passenger,3,1,4,78,82,4.88
April 30 2022,Galveston,TX,Passenger,0,1,1,21,22,4.55
October 31 2021,Shelby,OH,Passenger,0,1,1,2,3,33.33
February 29 2020,Grays Harbor,WA,Truck,0,0,0,20807,20807,0.00
August 31 2019,Pinellas,FL,Passenger,1,1,2,122,124,1.61
March 31 2020,Grays Harbor,WA,Passenger,107,109,216,48315,48531,0.45
June 30 2023,Ventura,CA,Passenger,2,2,4,208,212,1.89
January 31 2017,Wahkiakum,WA,Passenger,0,1,1,2861,2862,0.03
May 31 2022,Kern,CA,Passenger,0,1,1,191,192,0.52
July 31 2021,Hudson,NJ,Passenger,1,0,1,44,45,2.22
March 31 2022,Spokane,WA,Passenger,1442,799,2241,325678,327919,0.68
February 29 2020,Lincoln,WA,Truck,0,0,0,4655,4655,0.00
October 31 2017,Montgomery,MD,Passenger,1,0,1,308,309,0.32
September 30 2020,Douglas,WA,Passenger,79,45,124,28039,28163,0.44
January 31 2017,Salt Lake,UT,Passenger,0,1,1,357,358,0.28
June 30 2018,Cochise,AZ,Passenger,0,1,1,120,121,0.83
January 31 2019,Cochise,AZ,Passenger,0,1,1,117,118,0.85
September 30 2020,New York,NY,Passenger,1,0,1,56,57,1.75
September 30 2019,Arlington,VA,Passenger,0,2,2,158,160,1.25
October 31 2020,Douglas,WA,Passenger,80,43,123,28068,28191,0.44
January 31 2017,Klickitat,WA,Passenger,20,22,42,14794,14836,0.28
October 31 2022,Yakima,WA,Truck,5,0,5,61239,61244,0.01
September 30 2017,Okanogan,WA,Truck,0,0,0,16235,16235,0.00
July 31 2023,Maricopa,AZ,Passenger,7,4,11,636,647,1.70
May 31 2018,Lincoln,WA,Passenger,2,6,8,7644,7652,0.10
October 31 2022,Lake,FL,Passenger,1,0,1,16,17,5.88
July 31 2022,Kauai,HI,Passenger,1,0,1,17,18,5.56
October 31 2022,Boulder,CO,Passenger,2,0,2,42,44,4.55
January 31 2020,Spokane,WA,Passenger,683,467,1150,316703,317853,0.36
April 30 2023,Suffolk,VA,Passenger,1,0,1,103,104,0.96
November 30 2022,New London,CT,Passenger,2,4,6,184,190,3.16
March 31 2018,Spokane,WA,Truck,1,0,1,91889,91890,0.00
March 31 2017,Tulare,CA,Passenger,1,0,1,194,195,0.51
June 30 2022,Cowlitz,WA,Passenger,336,172,508,70719,71227,0.71
July 31 2019,Asotin,WA,Truck,0,0,0,6660,6660,0.00
March 31 2018,Hawaii,HI,Passenger,1,0,1,80,81,1.23
September 30 2022,Duval,FL,Passenger,0,2,2,275,277,0.72
January 31 2020,Penobscot,ME,Passenger,0,1,1,15,16,6.25
August 31 2022,Hennepin,MN,Passenger,1,0,1,50,51,1.96
August 31 2020,Sumter,FL,Passenger,0,1,1,10,11,9.09
May 31 2023,Spokane,WA,Passenger,2232,1064,3296,322505,325801,1.01
April 30 2020,New London,CT,Passenger,1,2,3,241,244,1.23
December 31 2021,Garfield,WA,Truck,0,0,0,1000,1000,0.00
May 31 2017,Moore,NC,Passenger,0,1,1,201,202,0.50
December 31 2018,Boulder,CO,Passenger,1,0,1,52,53,1.89
June 30 2020,Greene,MO,Passenger,0,1,1,36,37,2.70
July 31 2018,Monroe,IL,Passenger,1,0,1,4,5,20.00
February 28 2017,Nantucket,MA,Passenger,1,0,1,3,4,25.00
July 31 2017,King,WA,Truck,8,1,9,187234,187243,0.00
April 30 2019,Marion,OR,Passenger,1,0,1,118,119,0.84
March 31 2019,Harris,TX,Passenger,0,1,1,261,262,0.38
May 31 2021,Greene,MO,Passenger,0,1,1,35,36,2.78
September 30 2019,Placer,CA,Passenger,1,0,1,101,102,0.98
April 30 2020,Hillsborough,FL,Passenger,0,1,1,184,185,0.54
April 30 2022,Howard,IN,Passenger,0,1,1,5,6,16.67
October 31 2022,Bartow,GA,Passenger,0,1,1,3,4,25.00
December 31 2018,Denver,CO,Passenger,1,0,1,126,127,0.79
October 31 2022,Rockdale,GA,Passenger,1,0,1,6,7,14.29
March 31 2020,Pend Oreille,WA,Passenger,8,7,15,9369,9384,0.16
July 31 2017,Wahkiakum,WA,Truck,0,0,0,1659,1659,0.00
January 31 2017,Ferry,WA,Truck,0,0,0,3582,3582,0.00
December 31 2018,Ferry,WA,Passenger,3,2,5,4384,4389,0.11
July 31 2022,San Juan,WA,Truck,4,0,4,5944,5948,0.07
October 31 2022,New London,CT,Passenger,2,4,6,187,193,3.11
December 31 2017,Missoula,MT,Passenger,1,0,1,69,70,1.43
September 30 2021,Washtenaw,MI,Passenger,0,1,1,29,30,3.33
July 31 2017,Essex,NJ,Passenger,1,0,1,16,17,5.88
May 31 2023,Ulster,NY,Passenger,1,0,1,7,8,12.50
June 30 2020,Sumter,FL,Passenger,0,1,1,9,10,10.00
June 30 2019,Ada,ID,Passenger,0,2,2,317,319,0.63
August 31 2022,Adams,WA,Truck,1,0,1,5434,5435,0.02
June 30 2017,Lincoln,WA,Passenger,2,5,7,7527,7534,0.09
November 30 2021,Chelan,WA,Truck,0,0,0,23093,23093,0.00
September 30 2017,Skagit,WA,Truck,1,0,1,31549,31550,0.00
March 31 2017,Gwinnett,GA,Passenger,0,1,1,87,88,1.14
September 30 2023,Prince George's,MD,Passenger,3,1,4,103,107,3.74
October 31 2020,New York,NY,Passenger,1,0,1,57,58,1.72
March 31 2018,Volusia,FL,Passenger,0,1,1,37,38,2.63
September 30 2023,Montgomery,MD,Passenger,5,4,9,169,178,5.06
February 28 2021,Maui,HI,Passenger,2,0,2,29,31,6.45
July 31 2021,Dallas,IA,Passenger,0,1,1,8,9,11.11
February 28 2018,DeKalb,IN,Passenger,1,0,1,1,2,50.00
August 31 2020,Los Angeles,CA,Passenger,7,12,19,1013,1032,1.84
September 30 2017,Chelan,WA,Passenger,75,37,112,52503,52615,0.21
October 31 2021,Platte,MO,Passenger,1,0,1,21,22,4.55
April 30 2017,District of Columbia,DC,Passenger,0,3,3,223,226,1.33
May 31 2019,Kootenai,ID,Passenger,1,1,2,217,219,0.91
April 30 2022,Penobscot,ME,Passenger,0,1,1,7,8,12.50
July 31 2018,San Francisco,CA,Passenger,1,1,2,127,129,1.55
October 31 2019,Rogers,OK,Passenger,1,0,1,5,6,16.67
May 31 2021,Ventura,CA,Passenger,1,2,3,279,282,1.06
May 31 2023,Escambia,FL,Passenger,0,1,1,122,123,0.81
December 31 2018,Klickitat,WA,Truck,0,0,0,8208,8208,0.00
April 30 2023,Pacific,WA,Passenger,77,90,167,15626,15793,1.06
July 31 2021,Prince George's,MD,Passenger,2,1,3,147,150,2.00
December 31 2018,Kitsap,WA,Truck,1,0,1,53633,53634,0.00
March 31 2018,Latah,ID,Passenger,0,1,1,80,81,1.23
September 30 2023,Arapahoe,CO,Passenger,1,1,2,64,66,3.03
January 31 2023,Plaquemines,LA,Passenger,1,1,2,18,20,10.00
December 31 2018,San Mateo,CA,Passenger,2,1,3,132,135,2.22
July 31 2020,Yakima,WA,Truck,0,0,0,60197,60197,0.00
November 30 2019,San Juan,WA,Passenger,243,78,321,14400,14721,2.18
February 28 2023,Philadelphia,PA,Passenger,1,0,1,42,43,2.33
August 31 2018,Dakota,MN,Passenger,0,2,2,36,38,5.26
November 30 2018,DeKalb,GA,Passenger,1,0,1,80,81,1.23
August 31 2017,Spokane,WA,Passenger,268,220,488,297391,297879,0.16
February 28 2017,Clallam,WA,Truck,0,0,0,21026,21026,0.00
December 31 2022,Jefferson,WA,Truck,6,0,6,9365,9371,0.06
April 30 2023,Lewis,WA,Truck,6,0,6,26094,26100,0.02
September 30 2020,Lake,IL,Passenger,1,0,1,171,172,0.58
August 31 2023,Hoke,NC,Passenger,1,0,1,57,58,1.72
April 30 2022,San Joaquin,CA,Passenger,1,1,2,97,99,2.02
December 31 2020,Norfolk,VA,Passenger,2,3,5,343,348,1.44
October 31 2018,Jefferson,WA,Passenger,163,101,264,24780,25044,1.05
September 30 2019,El Paso,CO,Passenger,2,2,4,745,749,0.53
May 31 2021,Snohomish,WA,Passenger,5723,2000,7723,540188,547911,1.41
March 31 2017,Maricopa,AZ,Passenger,2,1,3,1850,1853,0.16
July 31 2023,Coryell,TX,Passenger,1,0,1,71,72,1.39
December 31 2017,Dallas,TX,Passenger,0,1,1,188,189,0.53
November 30 2022,Richmond,GA,Passenger,0,1,1,65,66,1.52
April 30 2018,Juneau,AK,Passenger,0,1,1,44,45,2.22
December 31 2020,Boone,MO,Passenger,0,1,1,10,11,9.09
September 30 2020,Maui,HI,Passenger,2,0,2,31,33,6.06
November 30 2022,Sheridan,WY,Passenger,1,0,1,6,7,14.29
March 31 2020,Sumter,FL,Passenger,0,1,1,9,10,10.00
August 31 2019,Clark,WA,Passenger,1647,959,2606,315510,318116,0.82
October 31 2018,Ferry,WA,Truck,0,0,0,3566,3566,0.00
June 30 2018,Norfolk,VA,Passenger,2,2,4,335,339,1.18
September 30 2018,Grant,WA,Truck,0,0,0,26067,26067,0.00
March 31 2018,Adams,WA,Passenger,5,4,9,12466,12475,0.07
January 31 2018,Gwinnett,GA,Passenger,0,1,1,85,86,1.16
August 31 2018,Orange,FL,Passenger,2,1,3,169,172,1.74
February 29 2020,Santa Rosa,FL,Passenger,1,0,1,88,89,1.12
February 28 2018,Allegheny,PA,Passenger,1,0,1,82,83,1.20
December 31 2017,Travis,TX,Passenger,1,1,2,191,193,1.04
October 31 2021,Lee,FL,Passenger,1,0,1,39,40,2.50
August 31 2023,Larimer,CO,Passenger,1,0,1,27,28,3.57
September 30 2019,Spokane,WA,Passenger,595,445,1040,313512,314552,0.33
February 28 2022,Jefferson,WA,Passenger,393,202,595,24669,25264,2.36
December 31 2019,Hawaii,HI,Passenger,1,0,1,61,62,1.61
May 31 2021,Los Angeles,CA,Passenger,9,11,20,923,943,2.12
January 31 2020,Duval,FL,Passenger,1,2,3,379,382,0.79
March 31 2019,Fresno,CA,Passenger,1,0,1,195,196,0.51
October 31 2022,Lincoln,WA,Truck,0,0,0,4857,4857,0.00
February 28 2018,Benton,WA,Truck,0,0,0,40755,40755,0.00
May 31 2017,Cascade,MT,Passenger,0,1,1,62,63,1.59
September 30 2022,Kitsap,WA,Passenger,2568,1109,3677,177618,181295,2.03
July 31 2019,Clark,WA,Passenger,1588,944,2532,314887,317419,0.80
November 30 2019,Los Angeles,CA,Passenger,7,10,17,1089,1106,1.54
October 31 2021,Los Angeles,CA,Passenger,6,9,15,868,883,1.70
March 31 2017,Volusia,FL,Passenger,0,1,1,48,49,2.04
June 30 2017,Cowlitz,WA,Truck,0,0,0,27911,27911,0.00
February 28 2019,Mecklenburg,NC,Passenger,1,0,1,81,82,1.22
March 31 2022,Contra Costa,CA,Passenger,0,3,3,250,253,1.19
September 30 2019,Douglas,NE,Passenger,0,1,1,61,62,1.61
December 31 2020,Fulton,GA,Passenger,1,2,3,87,90,3.33
November 30 2019,Fulton,GA,Passenger,0,2,2,104,106,1.89
August 31 2017,Sangamon,IL,Passenger,1,0,1,11,12,8.33
November 30 2022,Sumter,SC,Passenger,0,1,1,33,34,2.94
June 30 2022,Charleston,SC,Passenger,2,2,4,66,70,5.71
April 30 2022,Mercer,NJ,Passenger,0,1,1,12,13,7.69
October 31 2021,Sedgwick,KS,Passenger,1,1,2,84,86,2.33
October 31 2023,Franklin,WA,Truck,7,0,7,20511,20518,0.03
June 30 2020,Walla Walla,WA,Passenger,73,62,135,35831,35966,0.38
April 30 2017,San Mateo,CA,Passenger,0,1,1,160,161,0.62
December 31 2017,Utah,UT,Passenger,0,1,1,139,140,0.71
September 30 2018,Garfield,WA,Passenger,1,1,2,1320,1322,0.15
March 31 2022,Franklin,WA,Truck,0,0,0,20928,20928,0.00
October 31 2020,Leavenworth,KS,Passenger,0,1,1,124,125,0.80
September 30 2021,Cumberland,NC,Passenger,0,4,4,419,423,0.95
August 31 2019,Lake,IL,Passenger,1,0,1,172,173,0.58
May 31 2022,Loudoun,VA,Passenger,2,1,3,63,66,4.55
November 30 2021,Currituck,NC,Passenger,1,0,1,22,23,4.35
October 31 2023,Hamilton,OH,Passenger,1,0,1,23,24,4.17
February 28 2019,Montgomery,MD,Passenger,1,0,1,281,282,0.35
December 31 2019,Ramsey,MN,Passenger,1,0,1,41,42,2.38
September 30 2018,Los Angeles,CA,Passenger,6,5,11,1145,1156,0.95
July 31 2020,Lincoln,WA,Passenger,5,11,16,7648,7664,0.21
January 31 2021,Travis,TX,Passenger,3,3,6,169,175,3.43
September 30 2023,Harford,MD,Passenger,1,1,2,42,44,4.55
December 31 2017,Howard,MD,Passenger,0,2,2,88,90,2.22
August 31 2017,Travis,TX,Passenger,1,1,2,196,198,1.01
January 31 2019,Manassas,VA,Passenger,0,1,1,9,10,10.00
February 28 2021,Lake,FL,Passenger,1,0,1,21,22,4.55
December 31 2020,District of Columbia,DC,Passenger,3,1,4,199,203,1.97
February 28 2019,Duval,FL,Passenger,1,2,3,387,390,0.77
November 30 2023,Thurston,WA,Passenger,3623,1346,4969,183616,188585,2.63
June 30 2023,Saratoga,NY,Passenger,1,1,2,33,35,5.71
November 30 2023,Grays Harbor,WA,Truck,12,0,12,20142,20154,0.06
January 31 2018,Lincoln,WA,Passenger,2,5,7,7587,7594,0.09
March 31 2021,Whitman,WA,Passenger,54,44,98,21919,22017,0.45
November 30 2021,St. Mary's,MD,Passenger,1,0,1,208,209,0.48
November 30 2018,San Francisco,CA,Passenger,2,1,3,120,123,2.44
June 30 2018,Pacific,WA,Truck,0,0,0,7599,7599,0.00
October 31 2018,Whatcom,WA,Truck,2,0,2,42555,42557,0.00
April 30 2022,Stevens,WA,Passenger,64,52,116,30093,30209,0.38
September 30 2018,Marion,IN,Passenger,1,0,1,120,121,0.83
May 31 2023,Contra Costa,CA,Passenger,0,3,3,188,191,1.57
July 31 2023,Cumberland,PA,Passenger,1,0,1,31,32,3.12
October 31 2023,Boulder,CO,Passenger,2,0,2,23,25,8.00
April 30 2020,Loudoun,VA,Passenger,1,0,1,88,89,1.12
April 30 2019,Allegheny,PA,Passenger,1,0,1,88,89,1.12
December 31 2022,Goochland,VA,Passenger,1,2,3,73,76,3.95
July 31 2019,Dakota,MN,Passenger,0,1,1,37,38,2.63
March 31 2023,Douglas,NE,Passenger,2,1,3,31,34,8.82
June 30 2023,Sarpy,NE,Passenger,1,0,1,51,52,1.92
May 31 2023,Henrico,VA,Passenger,0,1,1,5,6,16.67
July 31 2023,Wilson,TX,Passenger,0,1,1,3,4,25.00
October 31 2019,Pima,AZ,Passenger,2,1,3,394,397,0.76
April 30 2020,Deschutes,OR,Passenger,4,0,4,144,148,2.70
April 30 2019,King,WA,Truck,5,1,6,181800,181806,0.00
November 30 2019,Skagit,WA,Passenger,347,210,557,92572,93129,0.60
January 31 2022,Douglas,CO,Passenger,0,1,1,84,85,1.18
September 30 2017,Grays Harbor,WA,Truck,0,0,0,19975,19975,0.00
November 30 2023,Sacramento,CA,Passenger,2,0,2,128,130,1.54
May 31 2021,Orange,NC,Passenger,0,1,1,11,12,8.33
September 30 2023,Allen,IN,Passenger,1,0,1,8,9,11.11
September 30 2019,Collin,TX,Passenger,2,1,3,136,139,2.16
September 30 2017,Sacramento,CA,Passenger,1,0,1,341,342,0.29
April 30 2019,Franklin,WA,Truck,0,0,0,19212,19212,0.00
July 31 2020,San Juan,WA,Passenger,311,94,405,13953,14358,2.82
January 31 2022,Suffolk,MA,Passenger,0,2,2,27,29,6.90
May 31 2018,Orleans,LA,Passenger,0,1,1,47,48,2.08
August 31 2022,Plaquemines,LA,Passenger,1,1,2,17,19,10.53
May 31 2019,Santa Cruz,CA,Passenger,1,0,1,42,43,2.33
January 31 2020,DeKalb,IN,Passenger,1,0,1,1,2,50.00
August 31 2023,Kitsap,WA,Passenger,3456,1356,4812,174940,179752,2.68
December 31 2021,Whitman,WA,Truck,0,0,0,8563,8563,0.00
March 31 2022,El Paso,TX,Passenger,3,0,3,366,369,0.81
January 31 2017,Fulton,GA,Passenger,1,2,3,135,138,2.17
April 30 2021,Portsmouth,VA,Passenger,0,1,1,84,85,1.18
January 31 2023,Lincoln,WA,Passenger,14,19,33,7767,7800,0.42
February 28 2019,Columbia,WA,Passenger,2,2,4,2431,2435,0.16
January 31 2019,Arlington,VA,Passenger,1,2,3,166,169,1.78
October 31 2017,Manatee,FL,Passenger,1,0,1,42,43,2.33
February 28 2022,Gwinnett,GA,Passenger,1,0,1,59,60,1.67
July 31 2020,Valencia,NM,Passenger,1,0,1,8,9,11.11
June 30 2021,Eagle,CO,Passenger,1,0,1,10,11,9.09
February 28 2022,Wilson,NC,Passenger,1,0,1,0,1,100.00
September 30 2020,DeKalb,IN,Passenger,1,0,1,1,2,50.00
January 31 2019,Jefferson,WA,Truck,0,0,0,9617,9617,0.00
October 31 2017,Orange,CA,Passenger,3,1,4,617,621,0.64
April 30 2022,Yakima,WA,Passenger,318,183,501,167370,167871,0.30
March 31 2017,Adams,WA,Passenger,2,4,6,12106,12112,0.05
February 28 2017,Grays Harbor,WA,Passenger,27,24,51,44249,44300,0.12
April 30 2021,Grant,WA,Truck,0,0,0,27875,27875,0.00
December 31 2018,Santa Clara,CA,Passenger,8,1,9,379,388,2.32
April 30 2018,Orange,FL,Passenger,2,1,3,170,173,1.73
November 30 2023,Beaufort,SC,Passenger,1,0,1,21,22,4.55
August 31 2020,Owyhee,ID,Passenger,1,0,1,3,4,25.00
February 28 2019,Eagle,CO,Passenger,1,0,1,5,6,16.67
May 31 2018,Kitsap,WA,Passenger,780,453,1233,177885,179118,0.69
December 31 2021,Okanogan,WA,Passenger,69,45,114,26591,26705,0.43
December 31 2017,Island,WA,Truck,0,0,0,20745,20745,0.00
November 30 2023,Cowlitz,WA,Truck,13,0,13,27004,27017,0.05
September 30 2023,Salt Lake,UT,Passenger,1,1,2,83,85,2.35
April 30 2019,Clallam,WA,Passenger,160,132,292,50458,50750,0.58
February 28 2021,Benton,WA,Truck,0,0,0,43381,43381,0.00
June 30 2018,Pend Oreille,WA,Truck,0,0,0,5680,5680,0.00
June 30 2021,Douglas,CO,Passenger,0,1,1,80,81,1.23
June 30 2022,Skamania,WA,Passenger,73,47,120,8200,8320,1.44
August 31 2019,Palm Beach,FL,Passenger,0,1,1,84,85,1.18
May 31 2017,Franklin,MA,Passenger,0,1,1,4,5,20.00
April 30 2019,Berkshire,MA,Passenger,0,1,1,4,5,20.00
May 31 2017,Island,WA,Passenger,113,130,243,59911,60154,0.40
November 30 2021,Miami-Dade,FL,Passenger,1,0,1,90,91,1.10
January 31 2023,Clark,NV,Passenger,8,2,10,438,448,2.23
May 31 2022,Cowlitz,WA,Truck,1,1,2,28588,28590,0.01
June 30 2018,Jefferson,WA,Truck,0,0,0,9545,9545,0.00
October 31 2022,Kings,CA,Passenger,2,1,3,299,302,0.99
December 31 2022,Adams,WA,Passenger,23,11,34,13009,13043,0.26
March 31 2019,Walla Walla,WA,Passenger,44,56,100,36066,36166,0.28
February 28 2021,Morris,NJ,Passenger,1,0,1,16,17,5.88
June 30 2021,Harford,MD,Passenger,0,1,1,57,58,1.72
February 28 2022,Howard,MD,Passenger,0,2,2,60,62,3.23
October 31 2021,Collier,FL,Passenger,1,0,1,18,19,5.26
September 30 2019,Oklahoma,OK,Passenger,0,1,1,131,132,0.76
November 30 2023,Orange,FL,Passenger,1,0,1,44,45,2.22
December 31 2022,Arlington,VA,Passenger,1,0,1,115,116,0.86
April 30 2022,Hamilton,IN,Passenger,1,0,1,24,25,4.00
February 28 2023,Ulster,NY,Passenger,1,0,1,7,8,12.50
April 30 2022,Las Animas,CO,Passenger,1,0,1,1,2,50.00
June 30 2020,Wahkiakum,WA,Passenger,6,6,12,2990,3002,0.40
June 30 2022,Walla Walla,WA,Truck,0,0,0,13932,13932,0.00
September 30 2023,El Paso,TX,Passenger,3,0,3,256,259,1.16
April 30 2021,Lewis,WA,Passenger,146,135,281,59770,60051,0.47
October 31 2021,San Diego,CA,Passenger,19,8,27,2563,2590,1.04
September 30 2019,Ferry,WA,Passenger,5,2,7,4424,4431,0.16
November 30 2023,Pacific,WA,Truck,5,0,5,7623,7628,0.07
February 28 2019,Wahkiakum,WA,Truck,0,0,0,1720,1720,0.00
November 30 2021,New London,CT,Passenger,1,4,5,214,219,2.28
December 31 2019,Houston,GA,Passenger,1,0,1,59,60,1.67
February 29 2020,DeKalb,GA,Passenger,1,0,1,88,89,1.12
July 31 2022,Alexandria,VA,Passenger,4,0,4,107,111,3.60
April 30 2021,Erie,NY,Passenger,1,0,1,42,43,2.33
February 28 2023,Arlington,VA,Passenger,1,0,1,115,116,0.86
May 31 2020,Owyhee,ID,Passenger,1,0,1,3,4,25.00
January 31 2020,Yakima,WA,Passenger,121,115,236,166238,166474,0.14
September 30 2019,Vigo,IN,Passenger,1,0,1,6,7,14.29
March 31 2019,Fairfax,VA,Passenger,4,2,6,800,806,0.74
May 31 2020,Adams,WA,Truck,0,0,0,5217,5217,0.00
July 31 2021,Skagit,WA,Truck,1,0,1,33014,33015,0.00
June 30 2020,Montgomery,OH,Passenger,0,1,1,49,50,2.00
April 30 2021,El Paso,CO,Passenger,3,1,4,698,702,0.57
September 30 2022,San Bernardino,CA,Passenger,1,1,2,306,308,0.65
October 31 2022,Onslow,NC,Passenger,0,1,1,166,167,0.60
June 30 2021,New York,NY,Passenger,1,0,1,45,46,2.17
July 31 2020,Multnomah,OR,Passenger,4,7,11,720,731,1.50
August 31 2018,Cochise,AZ,Passenger,0,1,1,115,116,0.86
October 31 2017,Howard,MD,Passenger,0,2,2,89,91,2.20
October 31 2021,Fort Bend,TX,Passenger,1,0,1,36,37,2.70
November 30 2020,Nassau,NY,Passenger,4,0,4,31,35,11.43
September 30 2020,Howard,IN,Passenger,0,1,1,3,4,25.00
November 30 2021,Hawaii,HI,Passenger,1,0,1,45,46,2.17
July 31 2019,Grant,WA,Passenger,43,61,104,65013,65117,0.16
July 31 2022,Multnomah,OR,Passenger,0,3,3,529,532,0.56
September 30 2020,Grays Harbor,WA,Truck,0,0,0,21089,21089,0.00
September 30 2022,Skamania,WA,Truck,0,0,0,3907,3907,0.00
September 30 2020,Franklin,WA,Truck,0,0,0,20285,20285,0.00
September 30 2019,Contra Costa,CA,Passenger,2,2,4,364,368,1.09
January 31 2021,Loudoun,VA,Passenger,1,0,1,71,72,1.39
November 30 2021,Williams,ND,Passenger,0,1,1,8,9,11.11
April 30 2022,Grant,WA,Passenger,159,98,257,66868,67125,0.38
October 31 2019,Hawaii,HI,Passenger,1,0,1,59,60,1.67
March 31 2022,Denton,TX,Passenger,1,0,1,70,71,1.41
May 31 2019,Charles,MD,Passenger,0,1,1,86,87,1.15
April 30 2021,Clackamas,OR,Passenger,2,0,2,177,179,1.12
September 30 2021,Wilson,TX,Passenger,0,1,1,3,4,25.00
July 31 2021,Kitsap,WA,Passenger,1910,870,2780,180565,183345,1.52
September 30 2020,Broward,FL,Passenger,1,1,2,114,116,1.72
September 30 2023,Columbia,WA,Truck,0,0,0,1541,1541,0.00
November 30 2020,Williamson,TX,Passenger,0,2,2,128,130,1.54
October 31 2021,Hamilton,OH,Passenger,1,0,1,39,40,2.50
June 30 2023,DuPage,IL,Passenger,0,1,1,31,32,3.12
July 31 2021,Clark,WA,Passenger,2977,1458,4435,322297,326732,1.36
April 30 2021,Utah,UT,Passenger,0,1,1,125,126,0.79
January 31 2020,Pend Oreille,WA,Passenger,8,7,15,9469,9484,0.16
August 31 2017,Clallam,WA,Passenger,96,79,175,48546,48721,0.36
June 30 2020,Orange,CA,Passenger,7,2,9,518,527,1.71
February 28 2019,Ferry,WA,Passenger,3,2,5,4378,4383,0.11
November 30 2021,Charles,MD,Passenger,1,1,2,71,73,2.74
September 30 2023,Frederick,MD,Passenger,1,1,2,49,51,3.92
April 30 2020,Hamilton,IN,Passenger,1,0,1,42,43,2.33
September 30 2023,Virginia Beach,VA,Truck,1,0,1,91,92,1.09
September 30 2018,Monterey,CA,Passenger,0,1,1,188,189,0.53
January 31 2020,Bexar,TX,Passenger,2,5,7,658,665,1.05
August 31 2020,Ventura,CA,Passenger,1,1,2,290,292,0.68
July 31 2020,Okanogan,WA,Truck,0,0,0,16490,16490,0.00
March 31 2019,Yakima,WA,Truck,0,0,0,58743,58743,0.00
October 31 2021,Wake,NC,Passenger,1,0,1,122,123,0.81
May 31 2022,Travis,TX,Passenger,3,0,3,116,119,2.52
December 31 2018,Rogers,OK,Passenger,1,0,1,5,6,16.67
October 31 2021,Owyhee,ID,Passenger,1,0,1,2,3,33.33
September 30 2021,Harris,TX,Passenger,1,1,2,187,189,1.06
December 31 2019,Pierce,WA,Truck,0,0,0,140840,140840,0.00
September 30 2017,Franklin,WA,Passenger,29,48,77,56179,56256,0.14
September 30 2021,Miami-Dade,FL,Passenger,1,0,1,96,97,1.03
November 30 2020,Lincoln,WA,Truck,0,0,0,4658,4658,0.00
May 31 2017,Skagit,WA,Truck,1,0,1,31390,31391,0.00
January 31 2018,Wahkiakum,WA,Truck,0,0,0,1681,1681,0.00
April 30 2019,Asotin,WA,Truck,0,0,0,6629,6629,0.00
June 30 2017,Grant,WA,Passenger,20,27,47,60844,60891,0.08
May 31 2022,Allegheny,PA,Passenger,1,1,2,60,62,3.23
August 31 2022,Wood,OH,Passenger,0,1,1,4,5,20.00
September 30 2022,Washtenaw,MI,Passenger,0,1,1,27,28,3.57
August 31 2023,Lake,IN,Passenger,0,1,1,6,7,14.29
December 31 2019,Albemarle,VA,Passenger,1,0,1,26,27,3.70
September 30 2017,Sumter,FL,Passenger,0,1,1,10,11,9.09
November 30 2023,Clark,WA,Passenger,6829,2554,9383,303563,312946,3.00
September 30 2018,Whatcom,WA,Passenger,666,335,1001,148481,149482,0.67
January 31 2017,Ventura,CA,Passenger,0,2,2,396,398,0.50
February 28 2023,Klickitat,WA,Passenger,127,57,184,15144,15328,1.20
July 31 2022,Grays Harbor,WA,Passenger,214,162,376,48912,49288,0.76
October 31 2019,Lincoln,WA,Passenger,2,11,13,7831,7844,0.17
August 31 2021,Lincoln,WA,Truck,0,0,0,4772,4772,0.00
December 31 2019,Anne Arundel,MD,Passenger,1,1,2,439,441,0.45
December 31 2020,Harrison,MS,Passenger,2,0,2,53,55,3.64
May 31 2021,Lee,FL,Passenger,1,0,1,40,41,2.44
November 30 2019,Grant,WA,Truck,0,0,0,26951,26951,0.00
July 31 2017,Columbia,WA,Truck,0,0,0,1533,1533,0.00
December 31 2020,Shelby,OH,Passenger,0,1,1,1,2,50.00
October 31 2020,Ferry,WA,Truck,0,0,0,3597,3597,0.00
February 28 2022,Geary,KS,Passenger,1,0,1,90,91,1.10
March 31 2018,Pima,AZ,Passenger,1,1,2,429,431,0.46
October 31 2023,New London,CT,Passenger,1,4,5,149,154,3.25
July 31 2022,Platte,MO,Passenger,1,0,1,24,25,4.00
May 31 2020,Douglas,NE,Passenger,0,1,1,56,57,1.75
August 31 2020,Mercer,NJ,Passenger,0,1,1,15,16,6.25
February 28 2023,Louisa,VA,Passenger,0,1,1,1,2,50.00
October 31 2023,Allen,IN,Passenger,1,0,1,8,9,11.11
August 31 2018,Richland,SC,Passenger,0,1,1,172,173,0.58
July 31 2022,Clallam,WA,Truck,3,0,3,21883,21886,0.01
April 30 2023,Island,WA,Passenger,1013,425,1438,61301,62739,2.29
June 30 2019,El Paso,TX,Passenger,3,0,3,486,489,0.61
March 31 2021,Skamania,WA,Truck,0,0,0,4025,4025,0.00
March 31 2023,Harford,MD,Passenger,1,1,2,45,47,4.26
July 31 2017,Marion,OR,Passenger,1,0,1,166,167,0.60
January 31 2017,Manatee,FL,Passenger,1,0,1,59,60,1.67
November 30 2019,Montgomery,PA,Passenger,2,0,2,36,38,5.26
December 31 2018,Orange,FL,Passenger,2,0,2,168,170,1.18
November 30 2022,Napa,CA,Passenger,0,1,1,11,12,8.33
December 31 2017,Spokane,WA,Passenger,297,240,537,300080,300617,0.18
January 31 2017,Island,WA,Truck,1,0,1,20513,20514,0.00
May 31 2021,Santa Clara,CA,Passenger,8,3,11,274,285,3.86
October 31 2018,Clallam,WA,Passenger,136,119,255,50303,50558,0.50
March 31 2019,Benton,WA,Truck,0,0,0,41531,41531,0.00
August 31 2018,Tarrant,TX,Passenger,1,0,1,217,218,0.46
May 31 2022,Harnett,NC,Passenger,2,0,2,153,155,1.29
December 31 2021,Essex,NJ,Passenger,2,0,2,13,15,13.33
December 31 2020,Dallas,IA,Passenger,0,1,1,10,11,9.09
December 31 2022,Wilson,TX,Passenger,0,1,1,3,4,25.00
October 31 2017,Clark,WA,Passenger,829,559,1388,302248,303636,0.46
February 28 2017,Whatcom,WA,Truck,2,0,2,41327,41329,0.00
December 31 2019,Kitsap,WA,Truck,1,0,1,54441,54442,0.00
July 31 2022,Cowlitz,WA,Truck,2,0,2,28467,28469,0.01
April 30 2019,Walla Walla,WA,Truck,0,0,0,13603,13603,0.00
November 30 2020,Chesapeake,VA,Passenger,0,2,2,406,408,0.49
September 30 2023,San Juan,WA,Passenger,653,183,836,13624,14460,5.78
January 31 2020,Cumberland,NC,Passenger,0,2,2,500,502,0.40
February 28 2021,San Joaquin,CA,Passenger,1,0,1,113,114,0.88
April 30 2018,Montgomery,MD,Passenger,1,0,1,298,299,0.33
November 30 2019,Harford,MD,Passenger,0,1,1,62,63,1.59
August 31 2022,Solano,CA,Passenger,2,0,2,160,162,1.23
January 31 2023,District of Columbia,DC,Passenger,3,0,3,155,158,1.90
January 31 2019,Montgomery,AL,Passenger,0,1,1,45,46,2.17
January 31 2020,Mason,WA,Passenger,150,135,285,47616,47901,0.59
September 30 2022,El Paso,CO,Passenger,3,2,5,577,582,0.86
October 31 2021,Fairfax,VA,Passenger,5,4,9,679,688,1.31
April 30 2017,Clackamas,OR,Passenger,1,1,2,324,326,0.61
June 30 2020,Prince George's,MD,Passenger,1,1,2,168,170,1.18
January 31 2017,St. Mary's,MD,Passenger,0,1,1,205,206,0.49
August 31 2019,Harrison,MS,Passenger,1,0,1,64,65,1.54
September 30 2021,Salt Lake,UT,Passenger,0,1,1,164,165,0.61
October 31 2019,Montgomery,PA,Passenger,2,0,2,36,38,5.26
June 30 2019,Manassas,VA,Passenger,0,1,1,9,10,10.00
August 31 2020,Cascade,MT,Passenger,0,1,1,56,57,1.75
July 31 2019,Santa Cruz,CA,Passenger,1,0,1,41,42,2.38
June 30 2022,Yakima,WA,Passenger,336,190,526,166980,167506,0.31
September 30 2021,Douglas,WA,Passenger,103,51,154,28568,28722,0.54
June 30 2022,Spokane,WA,Truck,1,0,1,102194,102195,0.00
August 31 2017,Island,WA,Truck,0,0,0,20512,20512,0.00
April 30 2018,San Diego,CA,Passenger,7,1,8,2561,2569,0.31
November 30 2020,Clallam,WA,Passenger,262,176,438,49863,50301,0.87
July 31 2017,Lincoln,WA,Truck,0,0,0,4443,4443,0.00
September 30 2018,Fresno,CA,Passenger,1,0,1,198,199,0.50
April 30 2023,Pacific,WA,Truck,3,0,3,7827,7830,0.04
October 31 2021,Travis,TX,Passenger,5,3,8,140,148,5.41
June 30 2022,Rogers,OK,Passenger,1,0,1,2,3,33.33
February 28 2023,Whatcom,WA,Passenger,2223,825,3048,148694,151742,2.01
October 31 2019,Nassau,NY,Passenger,4,0,4,42,46,8.70
May 31 2023,Pend Oreille,WA,Passenger,30,11,41,8888,8929,0.46
March 31 2017,Okanogan,WA,Passenger,3,16,19,25638,25657,0.07
November 30 2020,Pacific,WA,Passenger,36,34,70,15731,15801,0.44
October 31 2019,Travis,TX,Passenger,3,1,4,207,211,1.90
August 31 2021,Erie,NY,Passenger,1,0,1,38,39,2.56
February 28 2019,Kent,MI,Passenger,0,1,1,24,25,4.00
August 31 2020,Maui,HI,Passenger,2,0,2,32,34,5.88
February 28 2022,Wichita,TX,Passenger,1,0,1,43,44,2.27
October 31 2022,Santa Clara,CA,Passenger,10,4,14,214,228,6.14
February 28 2022,Kittitas,WA,Passenger,218,73,291,29775,30066,0.97
November 30 2020,Pinellas,FL,Passenger,1,1,2,104,106,1.89
October 31 2020,Collin,TX,Passenger,2,1,3,120,123,2.44
December 31 2022,Bell,TX,Passenger,1,0,1,294,295,0.34
August 31 2021,Broward,FL,Passenger,2,0,2,112,114,1.75
July 31 2018,Richland,SC,Passenger,0,1,1,170,171,0.58
September 30 2018,Brevard,FL,Passenger,0,1,1,95,96,1.04
April 30 2020,Harnett,NC,Passenger,1,0,1,207,208,0.48
February 28 2022,Lane,OR,Passenger,0,2,2,111,113,1.77
February 28 2022,Marin,CA,Passenger,0,1,1,34,35,2.86
October 31 2022,Elmore,ID,Passenger,1,0,1,15,16,6.25
April 30 2022,Danville,VA,Passenger,1,0,1,0,1,100.00
September 30 2023,Island,WA,Truck,34,0,34,20788,20822,0.16
November 30 2018,District of Columbia,DC,Passenger,1,3,4,190,194,2.06
January 31 2019,Calvert,MD,Passenger,0,1,1,86,87,1.15
April 30 2020,Greene,MO,Passenger,0,1,1,35,36,2.78
February 28 2019,Mercer,NJ,Passenger,0,1,1,19,20,5.00
March 31 2022,New Haven,CT,Passenger,0,2,2,33,35,5.71
October 31 2019,Oldham,KY,Passenger,0,1,1,5,6,16.67
June 30 2021,RÃ­o Grande,PR,Passenger,1,0,1,0,1,100.00
March 31 2021,Benton,WA,Passenger,465,369,834,135469,136303,0.61
May 31 2022,King,WA,Truck,43,1,44,181162,181206,0.02
August 31 2018,San Juan,WA,Passenger,152,66,218,14147,14365,1.52
June 30 2019,Prince George's,MD,Passenger,1,1,2,179,181,1.10
April 30 2020,Chelan,WA,Passenger,224,80,304,54224,54528,0.56
June 30 2021,Kitsap,WA,Truck,0,0,0,54455,54455,0.00
December 31 2019,Hillsborough,FL,Passenger,0,1,1,186,187,0.53
December 31 2021,Yakima,WA,Truck,0,0,0,61780,61780,0.00
March 31 2019,Honolulu,HI,Passenger,2,3,5,509,514,0.97
July 31 2018,Kootenai,ID,Passenger,0,1,1,219,220,0.45
November 30 2022,Ferry,WA,Passenger,24,4,28,4366,4394,0.64
July 31 2019,DeKalb,GA,Passenger,1,0,1,81,82,1.22
March 31 2017,Spokane,WA,Passenger,232,202,434,295436,295870,0.15
May 31 2020,Ferry,WA,Truck,0,0,0,3541,3541,0.00
December 31 2017,St. Clair,IL,Passenger,0,1,1,159,160,0.62
July 31 2022,Whatcom,WA,Truck,11,0,11,43204,43215,0.03
January 31 2022,Kitsap,WA,Truck,0,0,0,54121,54121,0.00
October 31 2020,Ventura,CA,Passenger,1,1,2,286,288,0.69
November 30 2023,Platte,MO,Passenger,2,0,2,20,22,9.09
March 31 2020,Harford,MD,Passenger,0,1,1,62,63,1.59
March 31 2021,Twin Falls,ID,Passenger,0,1,1,23,24,4.17
September 30 2023,Sarasota,FL,Passenger,1,0,1,15,16,6.25
April 30 2023,Napa,CA,Passenger,0,1,1,12,13,7.69
October 31 2017,King,WA,Passenger,10938,4483,15421,1372030,1387451,1.11
January 31 2017,Adams,WA,Truck,0,0,0,5077,5077,0.00
February 28 2021,DeKalb,GA,Passenger,1,0,1,70,71,1.41
March 31 2017,Stevens,WA,Truck,0,0,0,18307,18307,0.00
February 28 2021,Clark,NV,Passenger,5,2,7,659,666,1.05
February 28 2019,Charles,MD,Passenger,0,1,1,79,80,1.25
October 31 2021,Fairbanks North Star,AK,Passenger,0,1,1,79,80,1.25
March 31 2017,Richmond,GA,Passenger,0,1,1,95,96,1.04
December 31 2021,Sarpy,NE,Passenger,1,0,1,65,66,1.52
January 31 2022,RÃ­o Grande,PR,Passenger,1,0,1,0,1,100.00
April 30 2020,Asotin,WA,Passenger,16,12,28,12442,12470,0.22
November 30 2022,Los Angeles,CA,Passenger,5,6,11,730,741,1.48
January 31 2017,Clark,WA,Truck,0,0,0,77519,77519,0.00
April 30 2021,Fresno,CA,Passenger,1,0,1,184,185,0.54
October 31 2018,Pacific,WA,Passenger,19,23,42,15758,15800,0.27
June 30 2019,San Diego,CA,Passenger,11,3,14,2694,2708,0.52
March 31 2018,Prince George,VA,Passenger,0,1,1,75,76,1.32
February 28 2021,Monroe,IL,Passenger,1,0,1,2,3,33.33
May 31 2017,Adams,WA,Passenger,2,3,5,12195,12200,0.04
April 30 2021,Lewis,WA,Truck,0,0,0,26909,26909,0.00
April 30 2023,Shasta,CA,Passenger,1,0,1,22,23,4.35
May 31 2020,Ada,ID,Passenger,0,1,1,284,285,0.35
September 30 2018,Klamath,OR,Passenger,1,0,1,36,37,2.70
January 31 2018,Manatee,FL,Passenger,1,0,1,39,40,2.50
April 30 2023,Pulaski,AR,Passenger,3,0,3,22,25,12.00
March 31 2023,Parker,TX,Passenger,0,1,1,15,16,6.25
October 31 2023,Skagit,WA,Passenger,1261,455,1716,87175,88891,1.93
August 31 2021,Skamania,WA,Passenger,52,38,90,8381,8471,1.06
March 31 2023,Calvert,MD,Passenger,0,2,2,73,75,2.67
June 30 2022,Monterey,CA,Passenger,1,2,3,130,133,2.26
June 30 2020,Guadalupe,TX,Passenger,1,0,1,67,68,1.47
July 31 2021,Danville,VA,Passenger,1,0,1,0,1,100.00
January 31 2022,Danville,VA,Passenger,1,0,1,0,1,100.00
November 30 2022,Grant,WA,Passenger,221,110,331,66778,67109,0.49
January 31 2022,Whatcom,WA,Truck,3,0,3,43595,43598,0.01
May 31 2017,Los Angeles,CA,Passenger,3,1,4,1334,1338,0.30
October 31 2018,Hennepin,MN,Passenger,2,0,2,110,112,1.79
June 30 2022,Garfield,WA,Passenger,0,3,3,1317,1320,0.23
July 31 2023,Yakima,WA,Truck,13,0,13,60900,60913,0.02
February 28 2022,Pend Oreille,WA,Passenger,17,9,26,9067,9093,0.29
September 30 2019,Deschutes,OR,Passenger,4,0,4,157,161,2.48
March 31 2019,Anne Arundel,MD,Passenger,0,1,1,455,456,0.22
March 31 2021,Carroll,MD,Passenger,0,1,1,20,21,4.76
October 31 2018,Frederick,MD,Passenger,0,1,1,85,86,1.16
January 31 2017,Sumter,FL,Passenger,0,1,1,10,11,9.09
November 30 2018,Asotin,WA,Truck,0,0,0,6619,6619,0.00
February 29 2020,Vigo,IN,Passenger,1,0,1,5,6,16.67
June 30 2021,Whatcom,WA,Truck,4,0,4,43905,43909,0.01
June 30 2023,Stevens,WA,Truck,1,0,1,18734,18735,0.01
March 31 2018,Garfield,WA,Truck,0,0,0,951,951,0.00
March 31 2018,Travis,TX,Passenger,1,1,2,192,194,1.03
January 31 2020,Carroll,NH,Passenger,0,1,1,4,5,20.00
October 31 2021,Currituck,NC,Passenger,1,0,1,22,23,4.35
October 31 2019,Boulder,CO,Passenger,1,1,2,54,56,3.57
August 31 2022,Pierce,WA,Passenger,5426,2395,7821,542468,550289,1.42
May 31 2019,Skamania,WA,Truck,0,0,0,4052,4052,0.00
August 31 2021,Whitman,WA,Passenger,63,52,115,21911,22026,0.52
August 31 2022,Kings,CA,Passenger,2,1,3,303,306,0.98
December 31 2019,Montgomery,TX,Passenger,1,0,1,59,60,1.67
January 31 2022,Kings,CA,Passenger,2,1,3,329,332,0.90
August 31 2023,Benton,WA,Truck,27,0,27,42952,42979,0.06
July 31 2019,Stevens,WA,Truck,0,0,0,18697,18697,0.00
May 31 2021,Kitsap,WA,Truck,0,0,0,54528,54528,0.00
September 30 2020,Klickitat,WA,Passenger,58,42,100,15020,15120,0.66
September 30 2022,Montgomery,PA,Passenger,1,0,1,22,23,4.35
July 31 2019,Suffolk,MA,Passenger,0,1,1,38,39,2.56
May 31 2023,Whitman,WA,Truck,4,0,4,8600,8604,0.05
January 31 2020,Lincoln,WA,Passenger,1,11,12,7787,7799,0.15
November 30 2018,Cowlitz,WA,Truck,0,0,0,28720,28720,0.00
January 31 2022,Tarrant,TX,Passenger,1,0,1,139,140,0.71
March 31 2020,Nueces,TX,Passenger,1,0,1,83,84,1.19
April 30 2023,Arlington,VA,Passenger,1,0,1,111,112,0.89
February 28 2023,Mason,WA,Passenger,394,199,593,46676,47269,1.25
May 31 2018,Anne Arundel,MD,Passenger,0,1,1,449,450,0.22
July 31 2023,Mason,WA,Truck,12,0,12,20567,20579,0.06
April 30 2018,El Paso,CO,Passenger,2,0,2,754,756,0.26
October 31 2023,King,WA,Truck,896,2,898,170492,171390,0.52
October 31 2022,Klickitat,WA,Passenger,114,51,165,15093,15258,1.08
January 31 2023,Norfolk,VA,Passenger,3,3,6,286,292,2.05
January 31 2018,Yakima,WA,Truck,0,0,0,58104,58104,0.00
January 31 2022,Burlington,NJ,Passenger,0,1,1,114,115,0.87
December 31 2018,Charles,MD,Passenger,0,1,1,78,79,1.27
October 31 2022,Harford,MD,Passenger,1,1,2,44,46,4.35
January 31 2023,York,VA,Passenger,1,0,1,80,81,1.23
January 31 2023,Hennepin,MN,Passenger,1,0,1,43,44,2.27
August 31 2020,Suffolk,VA,Passenger,1,0,1,124,125,0.80
December 31 2018,Fresno,CA,Passenger,1,0,1,197,198,0.51
August 31 2017,Grant,WA,Passenger,19,32,51,61195,61246,0.08
February 28 2018,Lewis,WA,Truck,0,0,0,25270,25270,0.00
January 31 2022,Prince William,VA,Passenger,1,1,2,207,209,0.96
October 31 2019,Garfield,WA,Truck,0,0,0,962,962,0.00
February 28 2021,Mason,WA,Truck,0,0,0,21048,21048,0.00
January 31 2019,Harris,TX,Passenger,0,1,1,264,265,0.38
July 31 2020,Kootenai,ID,Passenger,1,0,1,217,218,0.46
May 31 2023,Anchorage,AK,Passenger,1,0,1,101,102,0.98
February 28 2021,Tulsa,OK,Passenger,1,1,2,42,44,4.55
June 30 2023,Rockingham,NH,Passenger,1,0,1,13,14,7.14
March 31 2020,Sarasota,FL,Passenger,2,0,2,29,31,6.45
August 31 2021,Hawaii,HI,Passenger,1,0,1,48,49,2.04
January 31 2019,Collier,FL,Passenger,1,0,1,18,19,5.26
March 31 2021,Pennington,SD,Passenger,1,0,1,33,34,2.94
July 31 2020,King,WA,Passenger,24902,7755,32657,1370842,1403499,2.33
May 31 2017,Ramsey,MN,Passenger,1,0,1,44,45,2.22
August 31 2021,Riverside,CA,Passenger,5,1,6,534,540,1.11
August 31 2018,Los Angeles,CA,Passenger,6,4,10,1152,1162,0.86
March 31 2020,Thurston,WA,Truck,0,0,0,55677,55677,0.00
December 31 2022,Bexar,TX,Passenger,4,3,7,408,415,1.69
October 31 2021,Snohomish,WA,Truck,2,0,2,125761,125763,0.00
July 31 2021,Ventura,CA,Passenger,1,3,4,267,271,1.48
September 30 2023,,,Passenger,3,0,3,227,230,1.30
August 31 2023,Cook,IL,Passenger,3,1,4,138,142,2.82
January 31 2017,Lane,OR,Passenger,0,1,1,293,294,0.34
August 31 2022,Sarpy,NE,Passenger,1,0,1,56,57,1.75
December 31 2021,Larimer,CO,Passenger,1,0,1,49,50,2.00
April 30 2021,Mercer,NJ,Passenger,0,1,1,12,13,7.69
July 31 2019,Columbia,WA,Truck,0,0,0,1529,1529,0.00
December 31 2020,New London,CT,Passenger,1,2,3,232,235,1.28
January 31 2018,Clark,NV,Passenger,2,2,4,751,755,0.53
March 31 2020,Lee,FL,Passenger,1,0,1,52,53,1.89
July 31 2018,Manassas,VA,Passenger,0,1,1,9,10,10.00
August 31 2021,Pennington,SD,Passenger,1,0,1,32,33,3.03
April 30 2019,Fresno,CA,Passenger,1,0,1,194,195,0.51
July 31 2019,Whatcom,WA,Truck,2,0,2,42929,42931,0.00
May 31 2023,Lewis,WA,Passenger,309,207,516,59047,59563,0.87
March 31 2022,Kittitas,WA,Truck,0,0,0,14721,14721,0.00
December 31 2022,Sacramento,CA,Passenger,4,0,4,191,195,2.05
April 30 2020,Harford,MD,Passenger,0,1,1,61,62,1.61
June 30 2023,Richmond,NY,Passenger,1,0,1,4,5,20.00
March 31 2021,Hawaii,HI,Passenger,1,0,1,52,53,1.89
June 30 2018,Sedgwick,KS,Passenger,0,1,1,101,102,0.98
October 31 2020,Manassas,VA,Passenger,0,1,1,6,7,14.29
August 31 2020,Henrico,VA,Passenger,0,1,1,18,19,5.26
May 31 2022,Richmond,GA,Passenger,0,1,1,69,70,1.43
July 31 2022,Sheridan,WY,Passenger,1,0,1,8,9,11.11
February 28 2021,Pierce,WA,Truck,0,0,0,144980,144980,0.00
August 31 2018,El Paso,TX,Passenger,1,0,1,514,515,0.19
February 28 2019,Shelby,TN,Passenger,0,1,1,99,100,1.00
January 31 2021,San Juan,WA,Passenger,377,113,490,14018,14508,3.38
January 31 2023,Clark,WA,Passenger,5080,2075,7155,314698,321853,2.22
February 29 2020,Whitman,WA,Truck,0,0,0,8557,8557,0.00
November 30 2017,Montgomery,MD,Passenger,1,0,1,305,306,0.33
May 31 2018,Kent,MI,Passenger,0,1,1,30,31,3.23
August 31 2023,Burlington,NJ,Passenger,2,2,4,81,85,4.71
October 31 2023,Monterey,CA,Truck,1,0,1,26,27,3.70
June 30 2017,Orange,CA,Passenger,3,1,4,640,644,0.62
July 31 2022,Thurston,WA,Passenger,2240,1065,3305,193356,196661,1.68
September 30 2022,New London,CT,Passenger,2,4,6,188,194,3.09
May 31 2020,Clallam,WA,Truck,1,0,1,21665,21666,0.00
August 31 2017,Snohomish,WA,Truck,1,0,1,121667,121668,0.00
March 31 2017,Stevens,WA,Passenger,6,20,26,31280,31306,0.08
August 31 2018,Maricopa,AZ,Passenger,2,2,4,1598,1602,0.25
May 31 2022,Moore,NC,Passenger,0,1,1,118,119,0.84
April 30 2019,Santa Clara,CA,Passenger,8,1,9,371,380,2.37
January 31 2023,Montgomery,MD,Passenger,4,4,8,190,198,4.04
September 30 2021,San Francisco,CA,Passenger,0,1,1,93,94,1.06
December 31 2018,Mason,WA,Passenger,107,110,217,46454,46671,0.46
April 30 2017,Columbia,WA,Truck,0,0,0,1536,1536,0.00
February 28 2021,Goochland,VA,Passenger,4,3,7,244,251,2.79
April 30 2021,King,WA,Truck,6,1,7,184910,184917,0.00
July 31 2019,Sedgwick,KS,Passenger,1,1,2,102,104,1.92
March 31 2018,Sacramento,CA,Passenger,1,0,1,305,306,0.33
August 31 2018,Honolulu,HI,Passenger,1,2,3,536,539,0.56
December 31 2022,Burlington,NJ,Passenger,0,2,2,98,100,2.00
April 30 2022,Carroll,NH,Passenger,0,1,1,5,6,16.67
July 31 2021,Flathead,MT,Passenger,1,0,1,50,51,1.96
November 30 2022,Lee,FL,Passenger,1,0,1,32,33,3.03
July 31 2020,Kent,MI,Passenger,0,1,1,25,26,3.85
October 31 2022,Penobscot,ME,Passenger,0,1,1,9,10,10.00
March 31 2019,Monroe,IL,Passenger,1,0,1,3,4,25.00
November 30 2022,Essex,MA,Passenger,1,0,1,16,17,5.88
May 31 2023,Alexandria,VA,Passenger,4,1,5,87,92,5.43
February 28 2018,Madison,ID,Passenger,1,0,1,39,40,2.50
July 31 2020,Douglas,WA,Truck,0,0,0,12347,12347,0.00
August 31 2019,Allegheny,PA,Passenger,1,0,1,84,85,1.18
May 31 2020,Broward,FL,Passenger,2,1,3,118,121,2.48
March 31 2019,Hennepin,MN,Passenger,2,0,2,101,103,1.94
December 31 2018,Clallam,WA,Passenger,150,124,274,50354,50628,0.54
November 30 2022,Asotin,WA,Passenger,29,20,49,12486,12535,0.39
March 31 2021,Nueces,TX,Passenger,1,0,1,81,82,1.22
April 30 2023,Mason,WA,Truck,10,0,10,20820,20830,0.05
March 31 2018,Pacific,WA,Truck,0,0,0,7576,7576,0.00
September 30 2017,Gwinnett,GA,Passenger,0,1,1,88,89,1.12
May 31 2019,Shelby,TN,Passenger,0,1,1,96,97,1.03
October 31 2022,Yavapai,AZ,Passenger,0,1,1,23,24,4.17
July 31 2018,Dallas,TX,Passenger,0,1,1,199,200,0.50
December 31 2022,Leavenworth,KS,Passenger,0,1,1,96,97,1.03
March 31 2018,Wahkiakum,WA,Truck,0,0,0,1668,1668,0.00
August 31 2022,Columbia,WA,Passenger,8,0,8,2433,2441,0.33
February 29 2020,Contra Costa,CA,Passenger,3,2,5,328,333,1.50
October 31 2019,Ventura,CA,Passenger,0,2,2,315,317,0.63
July 31 2019,Clackamas,OR,Passenger,1,1,2,213,215,0.93
June 30 2023,Dallas,TX,Passenger,1,0,1,78,79,1.27
March 31 2022,Boone,MO,Passenger,0,1,1,9,10,10.00
October 31 2023,Charles,MD,Passenger,1,1,2,47,49,4.08
May 31 2022,Ray,MO,Passenger,0,1,1,1,2,50.00
October 31 2022,Thurston,WA,Passenger,2468,1109,3577,192498,196075,1.82
August 31 2023,Hawaii,HI,Passenger,1,0,1,28,29,3.45
February 29 2020,Dallas,TX,Passenger,1,0,1,207,208,0.48
October 31 2018,Charleston,SC,Passenger,1,0,1,132,133,0.75
August 31 2022,Galveston,TX,Passenger,0,1,1,19,20,5.00
March 31 2021,Pend Oreille,WA,Truck,0,0,0,5722,5722,0.00
July 31 2021,Washington,OR,Passenger,1,0,1,386,387,0.26
June 30 2019,San Francisco,CA,Passenger,2,1,3,108,111,2.70
July 31 2019,Collin,TX,Passenger,2,1,3,142,145,2.07
November 30 2019,Howard,MD,Passenger,0,1,1,75,76,1.32
October 31 2017,Pacific,WA,Passenger,14,10,24,15318,15342,0.16
August 31 2023,Clark,WA,Truck,114,0,114,80842,80956,0.14
April 30 2022,Baltimore,MD,Passenger,1,0,1,77,78,1.28
June 30 2017,Hardin,KY,Passenger,0,1,1,118,119,0.84
October 31 2018,Lake,CA,Passenger,0,1,1,11,12,8.33
February 28 2021,Benton,WA,Passenger,459,362,821,135055,135876,0.60
November 30 2021,Fairfax,VA,Passenger,4,4,8,675,683,1.17
September 30 2023,Orange,CA,Passenger,7,3,10,277,287,3.48
May 31 2019,Kittitas,WA,Truck,0,0,0,14378,14378,0.00
June 30 2018,Lake,CA,Passenger,0,1,1,9,10,10.00
July 31 2018,Tulsa,OK,Passenger,1,1,2,48,50,4.00
May 31 2022,Penobscot,ME,Passenger,0,1,1,8,9,11.11
October 31 2018,King,WA,Truck,7,1,8,182814,182822,0.00
April 30 2022,Fulton,GA,Passenger,1,0,1,66,67,1.49
June 30 2019,Hawaii,HI,Passenger,1,0,1,59,60,1.67
March 31 2023,Solano,CA,Passenger,4,0,4,143,147,2.72
January 31 2021,Bartow,GA,Passenger,0,1,1,4,5,20.00
November 30 2022,Snohomish,WA,Passenger,9876,2714,12590,530462,543052,2.32
January 31 2020,Lincoln,WA,Truck,0,0,0,4668,4668,0.00
June 30 2018,Clackamas,OR,Passenger,0,1,1,224,225,0.44
September 30 2020,Denton,TX,Passenger,1,0,1,90,91,1.10
August 31 2020,Williamson,TX,Passenger,0,2,2,134,136,1.47
December 31 2018,King,WA,Truck,6,1,7,182634,182641,0.00
May 31 2018,DuPage,IL,Passenger,1,0,1,66,67,1.49
January 31 2017,Latah,ID,Passenger,0,1,1,144,145,0.69
December 31 2017,Carroll,NH,Passenger,0,1,1,1,2,50.00
January 31 2020,Lewis,WA,Passenger,109,104,213,59591,59804,0.36
October 31 2017,Spokane,WA,Truck,1,0,1,91324,91325,0.00
February 28 2023,Lincoln,WA,Passenger,16,17,33,7753,7786,0.42
June 30 2017,Santa Rosa,FL,Passenger,1,0,1,115,116,0.86
August 31 2020,Sarasota,FL,Passenger,2,0,2,25,27,7.41
August 31 2019,Los Angeles,CA,Passenger,7,6,13,1126,1139,1.14
August 31 2020,Chesapeake,VA,Passenger,0,1,1,415,416,0.24
December 31 2021,San Mateo,CA,Passenger,2,0,2,87,89,2.25
February 28 2017,Nueces,TX,Passenger,0,1,1,98,99,1.01
February 28 2018,Volusia,FL,Passenger,0,1,1,37,38,2.63
April 30 2020,Anne Arundel,MD,Passenger,0,1,1,419,420,0.24
November 30 2019,Montgomery,TX,Passenger,1,0,1,60,61,1.64
September 30 2022,Montgomery,MD,Passenger,4,2,6,195,201,2.99
September 30 2022,Middlesex,MA,Passenger,2,1,3,71,74,4.05
July 31 2017,Maricopa,AZ,Passenger,2,1,3,1728,1731,0.17
April 30 2020,Gwinnett,GA,Passenger,1,0,1,76,77,1.30
May 31 2023,Coryell,TX,Passenger,1,0,1,74,75,1.33
March 31 2021,Juneau,AK,Passenger,0,1,1,25,26,3.85
March 31 2017,Walla Walla,WA,Passenger,20,22,42,34821,34863,0.12
January 31 2018,DuPage,IL,Passenger,1,0,1,66,67,1.49
September 30 2023,Lewis,WA,Truck,8,0,8,25563,25571,0.03
April 30 2019,Hawaii,HI,Passenger,1,0,1,63,64,1.56
May 31 2021,Leavenworth,KS,Passenger,0,1,1,120,121,0.83
August 31 2022,Skagit,WA,Passenger,854,348,1202,89759,90961,1.32
September 30 2018,Pinal,AZ,Passenger,2,0,2,204,206,0.97
May 31 2018,Broward,FL,Passenger,1,1,2,131,133,1.50
December 31 2022,Marin,CA,Passenger,0,1,1,32,33,3.03
September 30 2020,Kitsap,WA,Passenger,1425,712,2137,179600,181737,1.18
May 31 2018,Lewis,WA,Truck,0,0,0,25405,25405,0.00
April 30 2021,Charles,MD,Passenger,1,1,2,73,75,2.67
May 31 2020,Harford,MD,Passenger,0,1,1,59,60,1.67
August 31 2022,Harford,MD,Passenger,1,1,2,46,48,4.17
June 30 2020,Chesapeake,VA,Passenger,0,1,1,416,417,0.24
May 31 2021,Multnomah,OR,Passenger,2,5,7,669,676,1.04
November 30 2023,Hillsborough,FL,Passenger,1,2,3,75,78,3.85
June 30 2020,Monroe,IL,Passenger,1,0,1,3,4,25.00
October 31 2020,Grant,WA,Passenger,71,81,152,65734,65886,0.23
December 31 2021,Ferry,WA,Truck,0,0,0,3595,3595,0.00
June 30 2021,New Haven,CT,Passenger,0,2,2,33,35,5.71
October 31 2021,Allen,IN,Passenger,1,0,1,20,21,4.76
February 28 2019,Riverside,CA,Passenger,2,2,4,654,658,0.61
May 31 2022,Arapahoe,CO,Passenger,0,1,1,87,88,1.14
July 31 2021,Lake,IL,Passenger,2,0,2,166,168,1.19
July 31 2020,Utah,UT,Passenger,0,1,1,137,138,0.72
January 31 2018,Pend Oreille,WA,Truck,0,0,0,5616,5616,0.00
February 28 2021,Contra Costa,CA,Passenger,3,3,6,278,284,2.11
March 31 2022,Escambia,FL,Passenger,0,1,1,141,142,0.70
July 31 2018,Hamilton,IN,Passenger,1,0,1,46,47,2.13
August 31 2022,Klickitat,WA,Passenger,106,54,160,15178,15338,1.04
December 31 2021,Orange,NC,Passenger,0,1,1,10,11,9.09
March 31 2023,Grays Harbor,WA,Truck,2,0,2,21017,21019,0.01
June 30 2017,Shelby,TN,Passenger,0,1,1,114,115,0.87
August 31 2020,Jones,GA,Passenger,1,0,1,1,2,50.00
June 30 2022,Stafford,VA,Passenger,2,1,3,91,94,3.19
April 30 2021,Placer,CA,Passenger,2,0,2,83,85,2.35
July 31 2019,Ventura,CA,Passenger,0,2,2,320,322,0.62
March 31 2021,Columbia,WA,Truck,0,0,0,1548,1548,0.00
October 31 2023,Currituck,NC,Passenger,1,0,1,16,17,5.88
March 31 2021,Whatcom,WA,Passenger,1298,576,1874,150405,152279,1.23
August 31 2019,Cowlitz,WA,Truck,0,0,0,28899,28899,0.00
September 30 2017,Clallam,WA,Truck,0,0,0,21086,21086,0.00
July 31 2018,Deschutes,OR,Passenger,1,0,1,170,171,0.58
June 30 2017,Multnomah,OR,Passenger,1,3,4,999,1003,0.40
February 28 2023,Chelan,WA,Passenger,563,151,714,54302,55016,1.30
April 30 2022,Franklin,WA,Truck,0,0,0,20931,20931,0.00
July 31 2022,Klickitat,WA,Truck,0,0,0,8279,8279,0.00
April 30 2021,Adams,WA,Passenger,11,9,20,13050,13070,0.15
October 31 2017,Skamania,WA,Truck,0,0,0,3893,3893,0.00
October 31 2019,Montgomery,TX,Passenger,1,0,1,62,63,1.59
May 31 2023,Camden,NJ,Passenger,0,1,1,13,14,7.14
February 28 2017,Pierce,WA,Truck,0,0,0,138547,138547,0.00
June 30 2020,Whatcom,WA,Passenger,1064,498,1562,149215,150777,1.04
November 30 2022,District of Columbia,DC,Passenger,3,0,3,159,162,1.85
February 29 2020,Collin,TX,Passenger,2,1,3,134,137,2.19
September 30 2020,Douglas,WA,Truck,0,0,0,12375,12375,0.00
June 30 2020,Shelby,OH,Passenger,0,1,1,1,2,50.00
December 31 2018,Valencia,NM,Passenger,1,0,1,12,13,7.69
January 31 2017,St. Lucie,FL,Passenger,1,0,1,32,33,3.03
July 31 2020,Sedgwick,KS,Passenger,1,1,2,100,102,1.96
March 31 2017,Hidalgo,TX,Passenger,0,1,1,99,100,1.00
July 31 2019,Cochise,AZ,Passenger,0,1,1,110,111,0.90
October 31 2020,Chesapeake,VA,Passenger,0,2,2,406,408,0.49
May 31 2019,Kitsap,WA,Passenger,1034,588,1622,180666,182288,0.89
May 31 2023,San Diego,CA,Passenger,19,9,28,2059,2087,1.34
September 30 2019,Clallam,WA,Truck,1,0,1,21837,21838,0.00
April 30 2022,Benton,WA,Truck,1,0,1,43575,43576,0.00
June 30 2018,Mason,WA,Truck,0,0,0,19954,19954,0.00
September 30 2021,DuPage,IL,Passenger,1,1,2,56,58,3.45
April 30 2017,Franklin,WA,Truck,0,0,0,17992,17992,0.00
October 31 2020,San Francisco,CA,Passenger,1,1,2,95,97,2.06
April 30 2022,Lewis,WA,Truck,0,0,0,26431,26431,0.00
June 30 2022,Mercer,NJ,Passenger,0,1,1,12,13,7.69
September 30 2022,Elmore,ID,Passenger,1,0,1,15,16,6.25
June 30 2023,Washington,OR,Passenger,1,0,1,227,228,0.44
July 31 2020,Yakima,WA,Passenger,140,119,259,165755,166014,0.16
November 30 2021,Alameda,CA,Passenger,5,0,5,223,228,2.19
February 28 2019,Guadalupe,TX,Passenger,1,0,1,81,82,1.22
October 31 2018,Jefferson,NY,Passenger,0,1,1,227,228,0.44
November 30 2022,Cumberland,NC,Passenger,1,4,5,345,350,1.43
June 30 2021,San Diego,CA,Passenger,18,6,24,2593,2617,0.92
October 31 2017,Clark,NV,Passenger,2,2,4,773,777,0.51
May 31 2020,Santa Clara,CA,Passenger,7,2,9,316,325,2.77
December 31 2017,Charles,MD,Passenger,0,1,1,86,87,1.15
January 31 2019,Lincoln,WA,Truck,0,0,0,4664,4664,0.00
January 31 2021,Queens,NY,Passenger,1,0,1,54,55,1.82
May 31 2019,Clark,WA,Passenger,1475,913,2388,313225,315613,0.76
January 31 2018,Dallas,TX,Passenger,0,1,1,192,193,0.52
June 30 2020,Hawaii,HI,Passenger,1,0,1,58,59,1.69
January 31 2022,Fresno,CA,Passenger,1,0,1,166,167,0.60
December 31 2022,Parker,TX,Passenger,0,1,1,17,18,5.56
September 30 2021,Lewis,WA,Passenger,185,149,334,59575,59909,0.56
May 31 2021,Island,WA,Passenger,599,310,909,63176,64085,1.42
January 31 2020,Orange,CA,Passenger,7,2,9,533,542,1.66
August 31 2020,Skamania,WA,Truck,0,0,0,4023,4023,0.00
July 31 2022,St. Louis,MO,Passenger,2,0,2,63,65,3.08
March 31 2020,Dallas,TX,Passenger,1,0,1,207,208,0.48
May 31 2023,Hawaii,HI,Passenger,1,0,1,29,30,3.33
November 30 2021,Randolph,NC,Passenger,1,0,1,6,7,14.29
May 31 2020,Boulder,CO,Passenger,1,1,2,48,50,4.00
May 31 2022,Hamilton,OH,Passenger,1,0,1,34,35,2.86
September 30 2020,Rogers,OK,Passenger,1,0,1,5,6,16.67
October 31 2018,Island,WA,Passenger,244,217,461,63024,63485,0.73
July 31 2017,Klickitat,WA,Truck,0,0,0,7948,7948,0.00
January 31 2021,Franklin,WA,Truck,0,0,0,20489,20489,0.00
December 31 2019,Lincoln,WA,Truck,0,0,0,4680,4680,0.00
July 31 2019,Manatee,FL,Passenger,1,0,1,33,34,2.94
May 31 2023,Hamilton,OH,Truck,1,0,1,3,4,25.00
September 30 2017,Yakima,WA,Truck,0,0,0,57705,57705,0.00
September 30 2017,Island,WA,Truck,0,0,0,20556,20556,0.00
November 30 2019,Lewis,WA,Truck,0,0,0,26108,26108,0.00
February 28 2018,Juneau,AK,Passenger,0,1,1,41,42,2.38
October 31 2020,Portsmouth,VA,Passenger,0,1,1,75,76,1.32
March 31 2019,Lincoln,WA,Truck,0,0,0,4682,4682,0.00
December 31 2020,Garfield,WA,Truck,0,0,0,995,995,0.00
September 30 2021,Albemarle,VA,Passenger,1,0,1,21,22,4.55
August 31 2023,Jefferson,WA,Passenger,597,266,863,24123,24986,3.45
October 31 2021,Pacific,WA,Passenger,49,59,108,16105,16213,0.67
July 31 2018,Skamania,WA,Passenger,13,9,22,8635,8657,0.25
September 30 2018,District of Columbia,DC,Passenger,0,3,3,194,197,1.52
June 30 2022,Moore,NC,Passenger,0,1,1,118,119,0.84
October 31 2023,Sarasota,FL,Passenger,1,0,1,13,14,7.14
January 31 2017,Douglas,WA,Passenger,29,19,48,26579,26627,0.18
November 30 2023,Jefferson,WA,Truck,15,0,15,9043,9058,0.17
January 31 2020,Fulton,GA,Passenger,1,2,3,104,107,2.80
September 30 2020,Penobscot,ME,Passenger,0,1,1,13,14,7.14
August 31 2020,Okanogan,WA,Passenger,40,34,74,25977,26051,0.28
September 30 2023,Newport News,VA,Passenger,1,0,1,86,87,1.15
September 30 2018,Columbia,WA,Passenger,2,2,4,2430,2434,0.16
June 30 2023,Cumberland,PA,Passenger,1,0,1,32,33,3.03
March 31 2019,Klickitat,WA,Truck,0,0,0,8206,8206,0.00
December 31 2020,Grays Harbor,WA,Truck,0,0,0,21201,21201,0.00
March 31 2019,Calvert,MD,Passenger,0,1,1,85,86,1.16
May 31 2023,Santa Cruz,CA,Passenger,1,0,1,19,20,5.00
September 30 2023,Yakima,WA,Passenger,570,275,845,164664,165509,0.51
November 30 2020,Lewis,WA,Passenger,117,117,234,58628,58862,0.40
August 31 2022,Asotin,WA,Passenger,24,18,42,12587,12629,0.33
June 30 2020,Moore,NC,Passenger,0,2,2,165,167,1.20
April 30 2021,Cumberland,NC,Passenger,0,2,2,446,448,0.45
October 31 2023,Contra Costa,CA,Passenger,0,2,2,159,161,1.24
November 30 2019,Mercer,NJ,Passenger,0,1,1,19,20,5.00
September 30 2020,Juneau,AK,Passenger,0,1,1,27,28,3.57
September 30 2018,Thurston,WA,Passenger,621,527,1148,194561,195709,0.59
October 31 2022,Island,WA,Truck,14,0,14,21240,21254,0.07
July 31 2020,Duval,FL,Passenger,0,2,2,370,372,0.54
June 30 2021,Polk,FL,Passenger,1,0,1,61,62,1.61
December 31 2019,San Juan,WA,Passenger,253,79,332,14402,14734,2.25
February 28 2021,Cowlitz,WA,Truck,0,0,0,28972,28972,0.00
March 31 2020,Clallam,WA,Passenger,214,166,380,50657,51037,0.74
August 31 2020,Moore,NC,Passenger,0,2,2,159,161,1.24
February 28 2021,Utah,UT,Passenger,0,1,1,129,130,0.77
March 31 2021,Lake,FL,Passenger,1,0,1,21,22,4.55
February 28 2019,Franklin,MA,Passenger,0,1,1,1,2,50.00
March 31 2022,Spokane,WA,Truck,0,0,0,102418,102418,0.00
July 31 2023,Franklin,WA,Passenger,320,144,464,61802,62266,0.75
April 30 2021,Wahkiakum,WA,Passenger,11,6,17,3113,3130,0.54
July 31 2022,El Paso,TX,Passenger,3,0,3,344,347,0.86
August 31 2021,Collier,FL,Passenger,1,0,1,18,19,5.26
May 31 2020,Lincoln,WA,Passenger,4,12,16,7640,7656,0.21
December 31 2019,Adams,WA,Passenger,6,7,13,12932,12945,0.10
July 31 2022,San Juan,WA,Passenger,521,160,681,14014,14695,4.63
April 30 2021,Ferry,WA,Passenger,10,3,13,4406,4419,0.29
June 30 2023,St. Clair,IL,Passenger,1,0,1,91,92,1.09
May 31 2019,Garfield,WA,Truck,0,0,0,953,953,0.00
August 31 2023,Coryell,TX,Passenger,1,0,1,65,66,1.52
June 30 2021,Kauai,HI,Passenger,1,0,1,19,20,5.00
June 30 2020,Eagle,CO,Passenger,1,0,1,9,10,10.00
August 31 2017,Norfolk,MA,Passenger,1,0,1,39,40,2.50
July 31 2023,Pacific,WA,Passenger,79,92,171,15587,15758,1.09
March 31 2019,Grant,WA,Passenger,34,55,89,64207,64296,0.14
February 28 2023,Benton,WA,Truck,15,0,15,43361,43376,0.03
July 31 2017,San Diego,CA,Passenger,6,1,7,2705,2712,0.26
February 28 2019,Contra Costa,CA,Passenger,1,2,3,388,391,0.77
July 31 2022,Moore,NC,Passenger,0,1,1,115,116,0.86
January 31 2021,Stafford,VA,Passenger,2,1,3,97,100,3.00
July 31 2023,Lane,OR,Passenger,0,2,2,64,66,3.03
December 31 2021,Ulster,NY,Passenger,1,0,1,13,14,7.14
November 30 2020,New Haven,CT,Passenger,0,2,2,35,37,5.41
December 31 2020,Yakima,WA,Passenger,171,128,299,167276,167575,0.18
November 30 2020,Cowlitz,WA,Truck,0,0,0,28867,28867,0.00
February 28 2022,Klickitat,WA,Passenger,92,53,145,15299,15444,0.94
October 31 2018,El Paso,TX,Passenger,1,0,1,505,506,0.20
March 31 2022,San Bernardino,CA,Passenger,1,1,2,342,344,0.58
May 31 2019,Island,WA,Truck,0,0,0,21233,21233,0.00
July 31 2017,Garfield,WA,Truck,0,0,0,925,925,0.00
December 31 2020,Spokane,WA,Truck,0,0,0,100688,100688,0.00
August 31 2020,Hamilton,IN,Passenger,1,0,1,41,42,2.38
December 31 2019,Tarrant,TX,Passenger,2,0,2,199,201,1.00
October 31 2023,Rock Island,IL,Passenger,0,1,1,10,11,9.09
August 31 2020,Stafford,VA,Passenger,1,1,2,94,96,2.08
May 31 2019,Juneau,AK,Passenger,0,2,2,30,32,6.25
December 31 2020,Flathead,MT,Passenger,1,0,1,57,58,1.72
September 30 2018,Mason,WA,Passenger,94,100,194,46177,46371,0.42
November 30 2021,Asotin,WA,Truck,0,0,0,6756,6756,0.00
October 31 2021,Stevens,WA,Truck,0,0,0,18882,18882,0.00
November 30 2023,Norfolk,VA,Passenger,1,1,2,234,236,0.85
February 28 2022,Salt Lake,UT,Passenger,1,1,2,155,157,1.27
February 28 2019,Clay,FL,Passenger,0,1,1,82,83,1.20
March 31 2023,Loudoun,VA,Passenger,3,0,3,56,59,5.08
October 31 2022,Houston,GA,Passenger,1,0,1,26,27,3.70
February 28 2018,Norfolk,MA,Passenger,1,0,1,40,41,2.44
April 30 2023,Benton,WA,Passenger,1091,549,1640,135626,137266,1.19
March 31 2021,Prince George's,MD,Passenger,2,1,3,147,150,2.00
February 28 2017,Jefferson,WA,Truck,0,0,0,9472,9472,0.00
December 31 2020,Garfield,WA,Passenger,0,2,2,1365,1367,0.15
July 31 2023,Lincoln,WA,Passenger,19,20,39,7615,7654,0.51
March 31 2023,Goochland,VA,Passenger,1,2,3,57,60,5.00
January 31 2022,Skagit,WA,Truck,1,0,1,32644,32645,0.00
July 31 2019,Skagit,WA,Truck,1,0,1,32522,32523,0.00
April 30 2022,Sonoma,CA,Passenger,0,1,1,79,80,1.25
June 30 2017,Portsmouth,VA,Passenger,0,1,1,67,68,1.47
November 30 2023,Thurston,WA,Truck,77,0,77,51785,51862,0.15
January 31 2019,Clackamas,OR,Passenger,1,1,2,212,214,0.93
November 30 2020,San Juan,WA,Truck,0,0,0,5862,5862,0.00
January 31 2021,Ferry,WA,Truck,0,0,0,3607,3607,0.00
August 31 2019,Pend Oreille,WA,Passenger,5,6,11,9493,9504,0.12
October 31 2023,Grant,WA,Truck,12,0,12,27495,27507,0.04
July 31 2017,Los Angeles,CA,Passenger,3,1,4,1284,1288,0.31
December 31 2019,Chesapeake,VA,Passenger,0,1,1,430,431,0.23
January 31 2023,Cowlitz,WA,Truck,7,0,7,28350,28357,0.02
March 31 2018,Jefferson,NY,Passenger,1,0,1,226,227,0.44
July 31 2020,Pinellas,FL,Passenger,1,1,2,114,116,1.72
February 28 2017,Mason,WA,Truck,0,0,0,19193,19193,0.00
March 31 2017,Hardin,KY,Passenger,0,1,1,123,124,0.81
January 31 2018,Missoula,MT,Passenger,1,0,1,68,69,1.45
June 30 2022,Sumter,SC,Passenger,0,1,1,31,32,3.12
September 30 2022,Randolph,NC,Passenger,1,0,1,6,7,14.29
August 31 2018,Douglas,WA,Passenger,45,31,76,27793,27869,0.27
October 31 2023,Lincoln,WA,Passenger,20,24,44,7472,7516,0.59
August 31 2018,Kitsap,WA,Truck,1,0,1,53439,53440,0.00
November 30 2017,Pacific,WA,Truck,0,0,0,7535,7535,0.00
November 30 2020,Snohomish,WA,Truck,0,0,0,125451,125451,0.00
May 31 2021,Mercer,NJ,Passenger,0,1,1,12,13,7.69
April 30 2018,King,WA,Passenger,12281,5290,17571,1368238,1385809,1.27
December 31 2021,Jefferson,WA,Passenger,381,194,575,24742,25317,2.27
January 31 2020,Whatcom,WA,Passenger,1032,486,1518,151759,153277,0.99
March 31 2017,Klickitat,WA,Truck,0,0,0,7937,7937,0.00
May 31 2019,Garfield,WA,Passenger,1,1,2,1292,1294,0.15
June 30 2019,Walla Walla,WA,Passenger,49,61,110,36183,36293,0.30
December 31 2017,Asotin,WA,Truck,0,0,0,6542,6542,0.00
March 31 2021,Allegheny,PA,Passenger,1,1,2,71,73,2.74
February 28 2021,Hennepin,MN,Passenger,2,0,2,79,81,2.47
April 30 2023,Wichita,TX,Passenger,2,0,2,33,35,5.71
February 28 2023,DeKalb,GA,Passenger,1,0,1,48,49,2.04
May 31 2023,Honolulu,HI,Passenger,2,3,5,263,268,1.87
July 31 2020,Hudson,NJ,Passenger,1,0,1,39,40,2.50
September 30 2021,Hillsborough,FL,Passenger,0,2,2,146,148,1.35
August 31 2017,Monterey,CA,Passenger,0,2,2,194,196,1.02
July 31 2017,Dallas,TX,Passenger,0,1,1,183,184,0.54
December 31 2018,El Paso,CO,Passenger,3,1,4,769,773,0.52
September 30 2022,Onslow,NC,Passenger,0,1,1,169,170,0.59
July 31 2020,Fairbanks North Star,AK,Passenger,0,1,1,94,95,1.05
July 31 2020,Montgomery,AL,Passenger,0,1,1,41,42,2.38
January 31 2018,Sumter,FL,Passenger,0,1,1,10,11,9.09
April 30 2018,Skamania,WA,Passenger,12,8,20,8704,8724,0.23
November 30 2020,Columbia,WA,Truck,0,0,0,1529,1529,0.00
March 31 2021,Clallam,WA,Passenger,299,199,498,50113,50611,0.98
October 31 2022,Berkeley,SC,Passenger,0,1,1,119,120,0.83
October 31 2021,Clark,WA,Truck,0,0,0,84012,84012,0.00
November 30 2022,St. Clair,IL,Passenger,2,0,2,112,114,1.75
February 29 2020,RÃ­o Grande,PR,Passenger,1,0,1,1,2,50.00
December 31 2017,Dale,AL,Passenger,0,1,1,64,65,1.54
August 31 2019,Mercer,NJ,Passenger,0,1,1,18,19,5.26
June 30 2022,Carroll,MD,Passenger,0,1,1,17,18,5.56
September 30 2018,Nantucket,MA,Passenger,1,0,1,4,5,20.00
April 30 2022,RÃ­o Grande,PR,Passenger,1,0,1,0,1,100.00
September 30 2023,Cowlitz,WA,Passenger,540,232,772,69181,69953,1.10
October 31 2022,Lewis,WA,Passenger,260,179,439,59874,60313,0.73
June 30 2023,Jefferson,WA,Truck,12,0,12,9329,9341,0.13
January 31 2018,Kittitas,WA,Passenger,36,27,63,28638,28701,0.22
October 31 2019,Alameda,CA,Passenger,5,1,6,303,309,1.94
July 31 2020,Houston,GA,Passenger,1,0,1,54,55,1.82
January 31 2017,Allegheny,PA,Passenger,1,0,1,95,96,1.04
August 31 2017,Albemarle,VA,Passenger,0,1,1,32,33,3.03
November 30 2022,Alexandria,VA,Passenger,5,1,6,97,103,5.83
August 31 2021,Danville,VA,Passenger,1,0,1,0,1,100.00
February 29 2020,Grant,WA,Passenger,58,70,128,65562,65690,0.19
January 31 2020,Island,WA,Truck,1,0,1,21342,21343,0.00
July 31 2022,Clackamas,OR,Passenger,2,0,2,140,142,1.41
May 31 2022,DeKalb,GA,Passenger,1,0,1,54,55,1.82
July 31 2022,Prince George's,MD,Passenger,3,1,4,122,126,3.17
February 28 2017,Deschutes,OR,Passenger,1,0,1,205,206,0.49
April 30 2023,Fulton,GA,Passenger,1,0,1,50,51,1.96
July 31 2020,Charleston,SC,Passenger,2,0,2,102,104,1.92
July 31 2017,Hamilton,IN,Passenger,1,0,1,58,59,1.69
November 30 2017,Maricopa,AZ,Passenger,2,1,3,1661,1664,0.18
January 31 2019,Stevens,WA,Truck,0,0,0,18763,18763,0.00
May 31 2020,Whatcom,WA,Truck,3,0,3,42846,42849,0.01
June 30 2023,Lincoln,WA,Truck,0,0,0,4862,4862,0.00
July 31 2019,Island,WA,Passenger,328,244,572,63461,64033,0.89
September 30 2020,Suffolk,VA,Passenger,1,0,1,124,125,0.80
July 31 2019,Solano,CA,Passenger,1,0,1,217,218,0.46
August 31 2021,Essex,NJ,Passenger,2,0,2,12,14,14.29
August 31 2021,Arlington,VA,Passenger,0,1,1,140,141,0.71
September 30 2023,Williamson,TX,Passenger,0,1,1,38,39,2.56
February 28 2019,Grant,WA,Passenger,33,55,88,64276,64364,0.14
March 31 2023,Columbia,WA,Passenger,8,1,9,2412,2421,0.37
August 31 2023,Franklin,WA,Truck,6,0,6,20822,20828,0.03
November 30 2022,Pacific,WA,Passenger,70,79,149,15738,15887,0.94
March 31 2017,Orange,CA,Passenger,2,1,3,672,675,0.44
July 31 2022,Tarrant,TX,Passenger,1,0,1,112,113,0.88
September 30 2017,Santa Rosa,FL,Passenger,1,0,1,112,113,0.88
November 30 2020,Moore,NC,Passenger,0,1,1,156,157,0.64
November 30 2020,Douglas,NE,Passenger,0,1,1,52,53,1.89
May 31 2017,Carroll,NH,Passenger,0,1,1,0,1,100.00
May 31 2023,Carroll,MD,Passenger,0,1,1,19,20,5.00
September 30 2022,Walla Walla,WA,Passenger,187,104,291,35826,36117,0.81
September 30 2021,San Diego,CA,Passenger,18,8,26,2578,2604,1.00
May 31 2019,Walla Walla,WA,Passenger,46,57,103,36161,36264,0.28
April 30 2018,Douglas,WA,Passenger,41,32,73,27440,27513,0.27
November 30 2018,Prince George's,MD,Passenger,1,1,2,183,185,1.08
March 31 2019,Columbia,WA,Truck,0,0,0,1527,1527,0.00
June 30 2020,San Joaquin,CA,Passenger,1,0,1,130,131,0.76
July 31 2018,San Mateo,CA,Passenger,1,1,2,133,135,1.48
January 31 2017,Hardin,KY,Passenger,0,1,1,124,125,0.80
January 31 2021,Lewis,WA,Passenger,126,131,257,58899,59156,0.43
April 30 2020,Hennepin,MN,Passenger,3,1,4,91,95,4.21
January 31 2020,Montgomery,AL,Passenger,0,1,1,38,39,2.56
October 31 2019,Powhatan,VA,Passenger,1,0,1,0,1,100.00
December 31 2021,Cumberland,NC,Passenger,1,4,5,410,415,1.20
February 28 2022,Whatcom,WA,Passenger,1690,685,2375,149282,151657,1.57
April 30 2022,Skamania,WA,Passenger,67,46,113,8214,8327,1.36
May 31 2022,Hudson,NJ,Passenger,2,0,2,37,39,5.13
January 31 2018,Asotin,WA,Passenger,8,5,13,12545,12558,0.10
December 31 2018,Adams,WA,Truck,0,0,0,5148,5148,0.00
February 28 2017,Harnett,NC,Passenger,1,0,1,267,268,0.37
September 30 2020,Prince George's,MD,Passenger,2,1,3,155,158,1.90
February 28 2022,Garfield,WA,Passenger,0,3,3,1351,1354,0.22
January 31 2021,Pacific,WA,Passenger,35,37,72,15792,15864,0.45
November 30 2020,Saginaw,MI,Passenger,1,0,1,11,12,8.33
January 31 2022,Erie,NY,Passenger,1,0,1,32,33,3.03
August 31 2023,Hardin,KY,Passenger,1,0,1,52,53,1.89
September 30 2021,Dallas,TX,Passenger,1,0,1,154,155,0.65
June 30 2019,Clark,NV,Passenger,4,2,6,698,704,0.85
May 31 2022,El Paso,CO,Passenger,3,1,4,616,620,0.65
November 30 2019,Houston,GA,Passenger,1,0,1,58,59,1.69
April 30 2020,DeKalb,GA,Passenger,1,0,1,85,86,1.16
August 31 2021,Calvert,MD,Passenger,0,2,2,84,86,2.33
November 30 2022,Lincoln,OR,Passenger,0,1,1,17,18,5.56
March 31 2017,Clark,WA,Truck,0,0,0,77570,77570,0.00
April 30 2020,Pend Oreille,WA,Truck,0,0,0,5737,5737,0.00
July 31 2020,Ramsey,MN,Passenger,1,0,1,40,41,2.44
July 31 2019,Kern,CA,Passenger,0,1,1,217,218,0.46
February 28 2017,Nassau,NY,Passenger,0,1,1,39,40,2.50
May 31 2022,Hawaii,HI,Passenger,1,0,1,39,40,2.50
March 31 2018,Collier,FL,Passenger,1,0,1,20,21,4.76
May 31 2020,Randolph,NC,Passenger,1,0,1,8,9,11.11
November 30 2020,Kittitas,WA,Truck,0,0,0,14644,14644,0.00
January 31 2018,Multnomah,OR,Passenger,3,4,7,848,855,0.82
June 30 2019,Jefferson,WA,Truck,0,0,0,9666,9666,0.00
November 30 2020,Williams,ND,Passenger,0,1,1,10,11,9.09
September 30 2018,St. Clair,IL,Passenger,0,1,1,159,160,0.62
February 28 2019,Brevard,FL,Passenger,0,1,1,94,95,1.05
May 31 2022,Frederick,MD,Passenger,1,1,2,67,69,2.90
April 30 2023,Madison,IL,Passenger,1,0,1,16,17,5.88
July 31 2021,RÃ­o Grande,PR,Passenger,1,0,1,0,1,100.00
January 31 2019,Clallam,WA,Truck,0,0,0,21631,21631,0.00
February 28 2019,Cowlitz,WA,Passenger,82,100,182,72437,72619,0.25
June 30 2019,Clark,WA,Truck,0,0,0,80326,80326,0.00
June 30 2018,Asotin,WA,Truck,0,0,0,6614,6614,0.00
November 30 2023,Monterey,CA,Passenger,1,2,3,99,102,2.94
August 31 2020,King,WA,Truck,5,1,6,183299,183305,0.00
July 31 2021,Salt Lake,UT,Passenger,0,1,1,170,171,0.58
September 30 2020,Clackamas,OR,Passenger,2,0,2,184,186,1.08
October 31 2019,Richmond,GA,Passenger,0,1,1,93,94,1.06
October 31 2022,Williamsburg,VA,Passenger,0,1,1,7,8,12.50
April 30 2020,Larimer,CO,Passenger,1,0,1,51,52,1.92
May 31 2020,Larimer,CO,Passenger,1,0,1,50,51,1.96
February 29 2020,Dallas,IA,Passenger,0,1,1,10,11,9.09
September 30 2018,Collier,FL,Passenger,1,0,1,21,22,4.55
August 31 2018,DeKalb,IN,Passenger,1,0,1,1,2,50.00
July 31 2018,Grays Harbor,WA,Passenger,54,62,116,46758,46874,0.25
June 30 2020,Ada,ID,Passenger,0,1,1,281,282,0.35
September 30 2020,San Juan,WA,Passenger,331,100,431,13902,14333,3.01
October 31 2017,Norfolk,VA,Passenger,1,1,2,311,313,0.64
June 30 2018,Clallam,WA,Truck,0,0,0,21442,21442,0.00
April 30 2023,Escambia,FL,Passenger,0,1,1,125,126,0.79
January 31 2020,Ada,ID,Passenger,0,1,1,297,298,0.34
September 30 2020,Charleston,SC,Passenger,2,0,2,98,100,2.00
April 30 2021,Oldham,KY,Passenger,0,1,1,4,5,20.00
January 31 2023,Pacific,WA,Passenger,72,81,153,15713,15866,0.96
August 31 2020,Montgomery,TX,Passenger,1,0,1,54,55,1.82
July 31 2022,Bexar,TX,Passenger,4,3,7,454,461,1.52
November 30 2022,Lake,FL,Passenger,1,0,1,16,17,5.88
April 30 2023,Sacramento,CA,Passenger,4,0,4,161,165,2.42
July 31 2019,Saratoga,NY,Passenger,1,0,1,52,53,1.89
April 30 2022,Sarpy,NE,Passenger,1,0,1,58,59,1.69
June 30 2019,Frederick,MD,Passenger,1,1,2,81,83,2.41
March 31 2020,Collier,FL,Passenger,1,0,1,18,19,5.26
November 30 2022,Hawaii,HI,Passenger,1,0,1,31,32,3.12
May 31 2020,Clark,WA,Passenger,2003,1055,3058,317450,320508,0.95
December 31 2022,Lewis,WA,Truck,1,0,1,26293,26294,0.00
April 30 2021,Stevens,WA,Truck,0,0,0,18871,18871,0.00
June 30 2022,Kern,CA,Passenger,0,1,1,189,190,0.53
November 30 2021,Orange,CA,Passenger,5,2,7,416,423,1.65
January 31 2022,Douglas,WA,Passenger,118,56,174,28578,28752,0.61
April 30 2023,Cumberland,PA,Passenger,1,0,1,36,37,2.70
January 31 2017,Cobb,GA,Passenger,0,1,1,85,86,1.16
January 31 2019,Santa Fe,NM,Passenger,0,1,1,43,44,2.27
August 31 2018,Kent,MI,Passenger,0,1,1,28,29,3.45
August 31 2019,Houston,GA,Passenger,1,0,1,55,56,1.79
August 31 2020,Grant,WA,Passenger,66,75,141,65393,65534,0.22
May 31 2021,Ferry,WA,Passenger,9,3,12,4373,4385,0.27
September 30 2018,Spokane,WA,Passenger,359,344,703,305115,305818,0.23
March 31 2021,Lincoln,WA,Passenger,5,13,18,7689,7707,0.23
November 30 2023,Vernon,LA,Passenger,1,0,1,63,64,1.56
March 31 2017,Garfield,WA,Passenger,0,0,0,1283,1283,0.00
April 30 2018,Ada,ID,Passenger,0,2,2,339,341,0.59
August 31 2019,Hawaii,HI,Passenger,1,0,1,59,60,1.67
October 31 2022,Jefferson,NY,Passenger,1,1,2,201,203,0.99
May 31 2023,Napa,CA,Passenger,0,1,1,12,13,7.69
April 30 2022,Boulder,CO,Passenger,2,0,2,43,45,4.44
July 31 2023,Rockdale,GA,Passenger,1,0,1,5,6,16.67
December 31 2019,Hennepin,MN,Passenger,3,1,4,100,104,3.85
June 30 2023,Clallam,WA,Truck,20,0,20,21729,21749,0.09
May 31 2019,Fairfax,VA,Passenger,4,2,6,785,791,0.76
April 30 2020,Bexar,TX,Passenger,2,5,7,632,639,1.10
October 31 2020,Pierce,WA,Truck,0,0,0,144351,144351,0.00
August 31 2021,Thurston,WA,Truck,0,0,0,56398,56398,0.00
April 30 2017,Douglas,WA,Truck,0,0,0,11450,11450,0.00
November 30 2018,Richland,SC,Passenger,0,1,1,164,165,0.61
June 30 2018,Saratoga,NY,Passenger,1,1,2,63,65,3.08
October 31 2021,Stafford,VA,Passenger,2,1,3,100,103,2.91
March 31 2022,Nassau,NY,Passenger,3,0,3,30,33,9.09
September 30 2020,Lake,FL,Passenger,1,0,1,23,24,4.17
June 30 2020,Pierce,WA,Truck,0,0,0,142139,142139,0.00
August 31 2022,Thurston,WA,Truck,17,0,17,55115,55132,0.03
November 30 2019,Cumberland,NC,Passenger,0,2,2,495,497,0.40
December 31 2019,Multnomah,OR,Passenger,4,6,10,738,748,1.34
October 31 2023,Portsmouth,VA,Passenger,0,1,1,64,65,1.54
November 30 2017,Ramsey,MN,Passenger,1,0,1,41,42,2.38
June 30 2023,Platte,MO,Passenger,1,0,1,21,22,4.55
January 31 2021,Fairbanks North Star,AK,Passenger,0,1,1,87,88,1.14
June 30 2023,Spokane,WA,Truck,39,0,39,101714,101753,0.04
April 30 2022,Pinellas,FL,Passenger,0,1,1,86,87,1.15
May 31 2017,Multnomah,OR,Passenger,1,3,4,1033,1037,0.39
December 31 2020,Riverside,CA,Passenger,4,1,5,596,601,0.83
July 31 2019,Ada,ID,Passenger,0,2,2,316,318,0.63
May 31 2022,Yellowstone,MT,Passenger,0,1,1,28,29,3.45
December 31 2022,Whitman,WA,Truck,3,0,3,8653,8656,0.03
April 30 2020,El Paso,TX,Passenger,3,0,3,443,446,0.67
July 31 2023,Cowlitz,WA,Truck,10,0,10,28129,28139,0.04
August 31 2018,Multnomah,OR,Passenger,3,5,8,782,790,1.01
September 30 2022,Douglas,CO,Passenger,0,1,1,73,74,1.35
September 30 2021,Kauai,HI,Passenger,1,0,1,19,20,5.00
December 31 2021,Flathead,MT,Passenger,1,0,1,49,50,2.00
January 31 2022,Lake,IN,Passenger,0,1,1,9,10,10.00
May 31 2022,Chesapeake,VA,Passenger,2,2,4,349,353,1.13
June 30 2022,Cook,IL,Passenger,2,0,2,198,200,1.00
July 31 2021,Adams,WA,Truck,0,0,0,5392,5392,0.00
February 28 2021,Norfolk,VA,Passenger,2,3,5,335,340,1.47
October 31 2017,Lewis,WA,Truck,0,0,0,25212,25212,0.00
December 31 2021,Geary,KS,Passenger,1,0,1,95,96,1.04
October 31 2017,San Juan,WA,Truck,0,0,0,5567,5567,0.00
January 31 2021,Virginia Beach,VA,Passenger,3,0,3,638,641,0.47
March 31 2018,Monterey,CA,Passenger,0,2,2,189,191,1.05
July 31 2023,Rock Island,IL,Passenger,0,1,1,10,11,9.09
March 31 2017,Fulton,GA,Passenger,1,1,2,122,124,1.61
October 31 2021,New York,NY,Passenger,1,0,1,39,40,2.50
July 31 2017,Missoula,MT,Passenger,1,0,1,72,73,1.37
September 30 2022,Collin,TX,Passenger,3,0,3,73,76,3.95
May 31 2018,Essex,NJ,Passenger,1,0,1,12,13,7.69
March 31 2022,Maui,HI,Passenger,1,0,1,27,28,3.57
February 28 2021,Kittitas,WA,Passenger,142,53,195,29820,30015,0.65
September 30 2019,Broward,FL,Passenger,2,1,3,131,134,2.24
June 30 2023,Lincoln,WA,Passenger,17,19,36,7660,7696,0.47
August 31 2019,Nueces,TX,Passenger,1,1,2,91,93,2.15
April 30 2022,Anchorage,AK,Passenger,2,0,2,137,139,1.44
July 31 2022,Essex,NJ,Passenger,2,0,2,12,14,14.29
April 30 2021,Williams,ND,Passenger,0,1,1,9,10,10.00
January 31 2022,Mercer,NJ,Passenger,0,1,1,14,15,6.67
August 31 2022,Carroll,MD,Passenger,0,1,1,18,19,5.26
April 30 2020,Placer,CA,Passenger,2,0,2,96,98,2.04
December 31 2017,Garfield,WA,Passenger,1,0,1,1321,1322,0.08
November 30 2017,Maui,HI,Passenger,1,0,1,68,69,1.45
March 31 2021,Vigo,IN,Passenger,1,0,1,5,6,16.67
May 31 2017,Franklin,WA,Passenger,28,44,72,55456,55528,0.13
June 30 2022,Grays Harbor,WA,Truck,1,0,1,21314,21315,0.00
November 30 2018,Wahkiakum,WA,Truck,0,0,0,1704,1704,0.00
August 31 2020,Whatcom,WA,Truck,3,0,3,43277,43280,0.01
March 31 2023,Wahkiakum,WA,Truck,2,0,2,1787,1789,0.11
April 30 2020,Thurston,WA,Truck,0,0,0,55496,55496,0.00
August 31 2021,Douglas,NE,Passenger,1,1,2,54,56,3.57
December 31 2022,Stevens,WA,Passenger,89,56,145,29977,30122,0.48
August 31 2020,Travis,TX,Passenger,3,1,4,177,181,2.21
August 31 2020,Polk,FL,Passenger,1,0,1,66,67,1.49
October 31 2017,Juneau,AK,Passenger,0,1,1,43,44,2.27
November 30 2019,DeKalb,IN,Passenger,1,0,1,1,2,50.00
June 30 2023,Island,WA,Truck,32,0,32,21042,21074,0.15
November 30 2019,Cowlitz,WA,Passenger,114,106,220,73586,73806,0.30
November 30 2018,Island,WA,Passenger,266,225,491,63087,63578,0.77
March 31 2023,Ferry,WA,Truck,0,0,0,3573,3573,0.00
October 31 2020,Wahkiakum,WA,Passenger,6,6,12,3034,3046,0.39
August 31 2021,Carroll,NH,Passenger,0,1,1,5,6,16.67
June 30 2018,Skamania,WA,Truck,0,0,0,3947,3947,0.00
February 28 2019,Kootenai,ID,Passenger,1,1,2,210,212,0.94
August 31 2021,Whatcom,WA,Truck,4,0,4,43854,43858,0.01
November 30 2021,Wahkiakum,WA,Truck,0,0,0,1816,1816,0.00
May 31 2021,Cumberland,NC,Passenger,0,2,2,440,442,0.45
March 31 2023,El Paso,TX,Passenger,3,0,3,297,300,1.00
August 31 2020,Adams,WA,Truck,0,0,0,5303,5303,0.00
November 30 2019,Tulsa,OK,Passenger,1,1,2,50,52,3.85
November 30 2020,Henrico,VA,Passenger,0,1,1,17,18,5.56
September 30 2021,San Luis Obispo,CA,Passenger,1,0,1,64,65,1.54
December 31 2020,DuPage,IL,Passenger,2,1,3,56,59,5.08
January 31 2022,Rogers,OK,Passenger,1,0,1,3,4,25.00
May 31 2020,Grant,WA,Passenger,59,70,129,65199,65328,0.20
May 31 2020,King,WA,Passenger,24015,7687,31702,1374656,1406358,2.25
December 31 2021,Kittitas,WA,Passenger,207,75,282,29837,30119,0.94
December 31 2020,Stevens,WA,Truck,0,0,0,18712,18712,0.00
September 30 2019,San Joaquin,CA,Passenger,1,0,1,137,138,0.72
April 30 2017,Tarrant,TX,Passenger,0,2,2,277,279,0.72
May 31 2021,Lincoln,WA,Passenger,5,13,18,7731,7749,0.23
December 31 2021,Kern,CA,Passenger,0,1,1,201,202,0.50
October 31 2021,Suffolk,VA,Passenger,1,0,1,122,123,0.81
March 31 2023,Allen,IN,Passenger,1,0,1,16,17,5.88
January 31 2021,Moore,NC,Passenger,0,1,1,145,146,0.68
April 30 2017,Dakota,MN,Passenger,0,1,1,42,43,2.33
March 31 2020,San Diego,CA,Passenger,13,6,19,2784,2803,0.68
April 30 2022,Skamania,WA,Truck,0,0,0,3978,3978,0.00
April 30 2017,Skagit,WA,Truck,1,0,1,31395,31396,0.00
July 31 2018,Chelan,WA,Truck,0,0,0,21951,21951,0.00
November 30 2020,Whitman,WA,Passenger,51,44,95,21953,22048,0.43
September 30 2018,Travis,TX,Passenger,1,0,1,200,201,0.50
March 31 2017,Norfolk,MA,Passenger,1,0,1,38,39,2.56
June 30 2023,Eau Claire,WI,Passenger,1,0,1,1,2,50.00
June 30 2019,Collier,FL,Passenger,1,0,1,17,18,5.56
December 31 2020,Cowlitz,WA,Passenger,177,127,304,72107,72411,0.42
March 31 2021,Miami-Dade,FL,Passenger,1,0,1,97,98,1.02
April 30 2021,Skagit,WA,Truck,1,0,1,33019,33020,0.00
March 31 2021,Arapahoe,CO,Passenger,1,0,1,123,124,0.81
July 31 2022,Arapahoe,CO,Passenger,0,1,1,87,88,1.14
November 30 2021,Richmond,GA,Passenger,0,1,1,76,77,1.30
August 31 2018,Jefferson,WA,Truck,0,0,0,9620,9620,0.00
June 30 2019,Dale,AL,Passenger,0,1,1,58,59,1.69
March 31 2023,Stafford,VA,Passenger,3,1,4,80,84,4.76
November 30 2022,Orange,FL,Passenger,1,0,1,74,75,1.33
January 31 2021,Howard,IN,Passenger,0,1,1,3,4,25.00
November 30 2017,Manassas,VA,Passenger,0,1,1,9,10,10.00
November 30 2018,Contra Costa,CA,Passenger,0,2,2,411,413,0.48
August 31 2021,Asotin,WA,Passenger,21,17,38,12722,12760,0.30
April 30 2021,Montgomery,MD,Passenger,1,0,1,235,236,0.42
April 30 2017,Franklin,OH,Passenger,0,1,1,126,127,0.79
June 30 2023,Houston,GA,Passenger,1,0,1,26,27,3.70
June 30 2017,Sangamon,IL,Passenger,1,0,1,11,12,8.33
March 31 2023,Sarpy,NE,Passenger,1,0,1,54,55,1.82
June 30 2021,Meade,KY,Passenger,1,0,1,25,26,3.85
June 30 2020,Osceola,FL,Passenger,1,0,1,39,40,2.50
October 31 2022,Randolph,NC,Passenger,1,0,1,6,7,14.29
December 31 2021,Bartow,GA,Passenger,0,1,1,3,4,25.00
May 31 2022,Marion,IA,Passenger,1,0,1,0,1,100.00
June 30 2022,Kitsap,WA,Truck,4,0,4,53619,53623,0.01
October 31 2020,Island,WA,Passenger,463,285,748,62856,63604,1.18
November 30 2023,Skamania,WA,Passenger,129,52,181,7741,7922,2.28
December 31 2021,Lewis,WA,Passenger,205,164,369,59596,59965,0.62
January 31 2020,Los Angeles,CA,Passenger,7,12,19,1085,1104,1.72
March 31 2021,Alameda,CA,Passenger,4,0,4,261,265,1.51
June 30 2023,Nueces,TX,Passenger,1,1,2,49,51,3.92
January 31 2018,Sangamon,IL,Passenger,1,0,1,11,12,8.33
June 30 2018,Yakima,WA,Passenger,60,88,148,163773,163921,0.09
May 31 2023,Grays Harbor,WA,Passenger,291,182,473,48343,48816,0.97
May 31 2021,Suffolk,VA,Passenger,1,0,1,125,126,0.79
March 31 2021,San Mateo,CA,Passenger,1,1,2,110,112,1.79
November 30 2022,Goochland,VA,Passenger,1,2,3,80,83,3.61
December 31 2018,Lane,OR,Passenger,0,1,1,173,174,0.57
January 31 2023,Montgomery,PA,Passenger,1,0,1,19,20,5.00
September 30 2020,Dallas,TX,Passenger,1,0,1,186,187,0.53
November 30 2023,Kauai,HI,Passenger,0,1,1,14,15,6.67
July 31 2021,Washington,MD,Passenger,2,0,2,13,15,13.33
August 31 2022,Williamsburg,VA,Passenger,0,1,1,7,8,12.50
July 31 2021,San Juan,WA,Passenger,443,139,582,14236,14818,3.93
January 31 2019,Spokane,WA,Truck,1,0,1,93928,93929,0.00
April 30 2023,Grays Harbor,WA,Truck,4,0,4,20993,20997,0.02
December 31 2018,San Juan,WA,Passenger,183,69,252,14218,14470,1.74
November 30 2021,El Paso,CO,Passenger,3,1,4,672,676,0.59
July 31 2019,Brevard,FL,Passenger,0,1,1,88,89,1.12
August 31 2019,Saginaw,MI,Passenger,1,0,1,13,14,7.14
January 31 2017,Morris,NJ,Passenger,1,0,1,23,24,4.17
October 31 2022,Miami-Dade,FL,Passenger,1,0,1,68,69,1.45
February 28 2023,Sarpy,NE,Passenger,1,0,1,52,53,1.89
March 31 2019,Kalamazoo,MI,Passenger,1,0,1,13,14,7.14
November 30 2019,District of Columbia,DC,Passenger,1,1,2,210,212,0.94
September 30 2023,Adams,WA,Truck,3,0,3,5275,5278,0.06
November 30 2021,Baltimore,MD,Passenger,1,0,1,87,88,1.14
January 31 2023,Garfield,WA,Passenger,1,3,4,1314,1318,0.30
January 31 2017,Cumberland,NC,Passenger,1,0,1,641,642,0.16
April 30 2021,Anchorage,AK,Passenger,1,0,1,149,150,0.67
September 30 2017,Tulare,CA,Passenger,1,0,1,197,198,0.51
February 28 2019,Spartanburg,SC,Passenger,0,1,1,35,36,2.78
May 31 2021,Henrico,VA,Passenger,0,1,1,16,17,5.88
September 30 2023,Monterey,CA,Truck,1,0,1,26,27,3.70
December 31 2022,Kitsap,WA,Passenger,2765,1146,3911,177076,180987,2.16
October 31 2020,Clark,WA,Truck,0,0,0,83147,83147,0.00
August 31 2021,Walla Walla,WA,Truck,0,0,0,14078,14078,0.00
January 31 2018,Klickitat,WA,Passenger,24,26,50,14932,14982,0.33
July 31 2022,Garfield,WA,Truck,0,0,0,974,974,0.00
July 31 2019,Marion,OR,Passenger,1,0,1,122,123,0.81
July 31 2018,Douglas,NE,Passenger,0,1,1,72,73,1.37
April 30 2020,Hawaii,HI,Passenger,1,0,1,58,59,1.69
December 31 2021,Lane,OR,Passenger,0,2,2,116,118,1.69
July 31 2019,Dallas,TX,Passenger,1,0,1,209,210,0.48
August 31 2022,Albemarle,VA,Passenger,2,0,2,18,20,10.00
December 31 2019,Shelby,OH,Passenger,0,1,1,1,2,50.00
August 31 2022,Placer,CA,Passenger,2,0,2,68,70,2.86
January 31 2023,Chelan,WA,Truck,15,0,15,23110,23125,0.06
February 28 2022,Anne Arundel,MD,Passenger,4,1,5,367,372,1.34
August 31 2022,Virginia Beach,VA,Passenger,3,1,4,509,513,0.78
January 31 2017,New Haven,CT,Passenger,0,1,1,65,66,1.52
November 30 2022,Frederick,MD,Passenger,1,0,1,63,64,1.56
August 31 2017,Missoula,MT,Passenger,1,0,1,70,71,1.41
February 28 2021,Sarasota,FL,Passenger,2,0,2,27,29,6.90
October 31 2023,Camden,NJ,Passenger,0,1,1,11,12,8.33
December 31 2022,Mercer,NJ,Passenger,0,1,1,12,13,7.69
May 31 2017,Kitsap,WA,Passenger,595,302,897,172840,173737,0.52
April 30 2018,King,WA,Truck,7,1,8,183332,183340,0.00
July 31 2019,Orange,CA,Passenger,6,1,7,545,552,1.27
February 28 2023,Whitman,WA,Passenger,124,71,195,22021,22216,0.88
November 30 2017,Latah,ID,Passenger,0,1,1,79,80,1.25
August 31 2022,Garfield,WA,Passenger,1,3,4,1316,1320,0.30
February 28 2019,Norfolk,MA,Passenger,1,0,1,35,36,2.78
January 31 2023,Placer,CA,Passenger,2,0,2,61,63,3.17
September 30 2023,Hamilton,OH,Truck,1,0,1,3,4,25.00
July 31 2018,DeKalb,IN,Passenger,1,0,1,1,2,50.00
December 31 2022,Yakima,WA,Passenger,425,218,643,166388,167031,0.38
May 31 2021,Adams,WA,Truck,0,0,0,5374,5374,0.00
March 31 2019,St. Mary's,MD,Passenger,1,0,1,215,216,0.46
June 30 2018,Asotin,WA,Passenger,9,6,15,12600,12615,0.12
May 31 2020,Pinal,AZ,Passenger,1,0,1,189,190,0.53
May 31 2017,Franklin,OH,Passenger,0,1,1,123,124,0.81
November 30 2019,Spartanburg,SC,Passenger,0,1,1,45,46,2.17
December 31 2018,Larimer,CO,Passenger,1,0,1,60,61,1.64
September 30 2019,Shelby,OH,Passenger,0,1,1,1,2,50.00
June 30 2022,Louisa,VA,Passenger,0,1,1,1,2,50.00
November 30 2019,Whatcom,WA,Passenger,964,470,1434,151557,152991,0.94
March 31 2022,Tarrant,TX,Passenger,1,0,1,135,136,0.74
August 31 2018,Whatcom,WA,Truck,2,0,2,42394,42396,0.00
October 31 2017,Maricopa,AZ,Passenger,2,1,3,1659,1662,0.18
January 31 2018,Garfield,WA,Truck,0,0,0,944,944,0.00
July 31 2017,Nassau,NY,Passenger,1,1,2,39,41,4.88
January 31 2023,Ulster,NY,Passenger,1,0,1,7,8,12.50
April 30 2019,Collier,FL,Passenger,1,0,1,18,19,5.26
September 30 2019,Kern,CA,Passenger,0,1,1,216,217,0.46
June 30 2020,Cowlitz,WA,Truck,0,0,0,28864,28864,0.00
September 30 2018,Island,WA,Truck,0,0,0,21089,21089,0.00
January 31 2017,Whitman,WA,Truck,0,0,0,8404,8404,0.00
March 31 2020,New London,CT,Passenger,1,2,3,243,246,1.22
October 31 2023,Asotin,WA,Passenger,41,25,66,12140,12206,0.54
May 31 2019,Thurston,WA,Truck,0,0,0,55084,55084,0.00
December 31 2020,Douglas,WA,Passenger,86,44,130,28191,28321,0.46
April 30 2022,Leavenworth,KS,Passenger,0,1,1,107,108,0.93
April 30 2020,Shelby,TN,Passenger,0,1,1,92,93,1.08
October 31 2022,Sonoma,CA,Passenger,1,1,2,78,80,2.50
July 31 2018,Nassau,NY,Passenger,2,0,2,39,41,4.88
November 30 2022,Richmond,NY,Passenger,1,0,1,4,5,20.00
March 31 2021,Wichita,TX,Passenger,1,0,1,41,42,2.38
October 31 2019,Calvert,MD,Passenger,0,2,2,90,92,2.17
June 30 2022,Washington,MD,Passenger,2,0,2,15,17,11.76
July 31 2022,Walla Walla,WA,Passenger,175,98,273,35824,36097,0.76
March 31 2021,Loudoun,VA,Passenger,1,0,1,70,71,1.41
May 31 2017,Dallas,TX,Passenger,0,1,1,189,190,0.53
June 30 2020,Jefferson,CO,Passenger,0,1,1,61,62,1.61
October 31 2017,Queens,NY,Passenger,1,0,1,62,63,1.59
March 31 2023,Boulder,CO,Passenger,2,0,2,37,39,5.13
April 30 2022,Rock Island,IL,Passenger,0,1,1,12,13,7.69
April 30 2020,Mason,WA,Truck,0,0,0,20529,20529,0.00
April 30 2020,RÃ­o Grande,PR,Passenger,1,0,1,1,2,50.00
August 31 2021,Clark,WA,Passenger,3072,1472,4544,321996,326540,1.39
February 28 2019,Skagit,WA,Truck,1,0,1,32287,32288,0.00
August 31 2017,Whitman,WA,Truck,0,0,0,8453,8453,0.00
June 30 2021,Thurston,WA,Passenger,1584,872,2456,197981,200437,1.23
October 31 2019,Stafford,VA,Passenger,1,1,2,95,97,2.06
December 31 2019,Oldham,KY,Passenger,0,1,1,4,5,20.00
September 30 2019,Monroe,IL,Passenger,1,0,1,4,5,20.00
January 31 2018,Santa Clara,CA,Passenger,7,1,8,394,402,1.99
July 31 2018,Allegheny,PA,Passenger,1,0,1,81,82,1.22
March 31 2020,Grant,WA,Truck,0,0,0,27053,27053,0.00
November 30 2022,Whitman,WA,Truck,3,0,3,8620,8623,0.03
August 31 2017,Asotin,WA,Passenger,8,5,13,12441,12454,0.10
April 30 2019,Pima,AZ,Passenger,1,1,2,415,417,0.48
July 31 2021,Chelan,WA,Truck,0,0,0,23101,23101,0.00
February 28 2022,Thurston,WA,Truck,3,0,3,55813,55816,0.01
March 31 2017,Cowlitz,WA,Truck,0,0,0,27904,27904,0.00
September 30 2018,Middlesex,MA,Passenger,0,1,1,140,141,0.71
May 31 2022,Allen,IN,Passenger,1,0,1,18,19,5.26
April 30 2023,Hamilton,OH,Truck,1,0,1,3,4,25.00
March 31 2020,Franklin,WA,Truck,0,0,0,19898,19898,0.00
July 31 2019,Skamania,WA,Passenger,25,18,43,8735,8778,0.49
July 31 2023,Ferry,WA,Truck,0,0,0,3574,3574,0.00
July 31 2023,San Juan,WA,Truck,15,0,15,5906,5921,0.25
October 31 2021,Williamson,TX,Passenger,1,2,3,102,105,2.86
June 30 2022,Orange,FL,Passenger,2,0,2,91,93,2.15
August 31 2018,Lumpkin,GA,Passenger,1,0,1,7,8,12.50
March 31 2017,Orange,FL,Passenger,1,1,2,151,153,1.31
November 30 2017,Dale,AL,Passenger,0,1,1,63,64,1.56
June 30 2023,San Joaquin,CA,Passenger,0,1,1,73,74,1.35
July 31 2023,Bexar,TX,Passenger,2,3,5,348,353,1.42
November 30 2019,Norfolk,MA,Passenger,1,0,1,36,37,2.70
February 29 2020,DuPage,IL,Passenger,3,0,3,64,67,4.48
November 30 2021,Penobscot,ME,Passenger,0,1,1,9,10,10.00
October 31 2022,Lincoln,OR,Passenger,0,1,1,19,20,5.00
December 31 2022,Boulder,CO,Passenger,2,0,2,40,42,4.76
October 31 2023,El Paso,CO,Passenger,4,2,6,426,432,1.39
July 31 2021,Anne Arundel,MD,Passenger,4,1,5,391,396,1.26
September 30 2020,Harris,TX,Passenger,1,0,1,234,235,0.43
October 31 2021,Vigo,IN,Passenger,1,0,1,5,6,16.67
July 31 2020,Jefferson,NY,Passenger,0,1,1,208,209,0.48
June 30 2019,Guadalupe,TX,Passenger,1,0,1,76,77,1.30
September 30 2019,Osceola,FL,Passenger,1,0,1,41,42,2.38
December 31 2022,Bartow,GA,Passenger,0,1,1,3,4,25.00
February 28 2023,Spokane,WA,Passenger,2040,983,3023,323927,326950,0.92
December 31 2020,Franklin,WA,Passenger,85,83,168,61355,61523,0.27
December 31 2022,Skamania,WA,Passenger,89,52,141,8114,8255,1.71
April 30 2017,Orange,FL,Passenger,1,1,2,148,150,1.33
May 31 2022,Harford,MD,Passenger,1,1,2,52,54,3.70
December 31 2021,Santa Cruz,CA,Passenger,1,0,1,27,28,3.57
December 31 2020,Lake,FL,Passenger,1,0,1,22,23,4.35
December 31 2022,Spokane,WA,Passenger,1939,932,2871,324341,327212,0.88
June 30 2017,Pend Oreille,WA,Passenger,3,4,7,9316,9323,0.08
September 30 2022,Pierce,WA,Truck,46,0,46,140386,140432,0.03
February 28 2019,Pierce,WA,Passenger,1611,1428,3039,538827,541866,0.56
April 30 2020,Columbia,WA,Passenger,3,3,6,2408,2414,0.25
June 30 2017,Norfolk,VA,Passenger,1,1,2,318,320,0.62
February 29 2020,Richmond,GA,Passenger,0,1,1,90,91,1.10
March 31 2023,Kern,CA,Passenger,1,1,2,187,189,1.06
June 30 2017,Wahkiakum,WA,Passenger,0,2,2,2832,2834,0.07
May 31 2018,San Francisco,CA,Passenger,0,1,1,131,132,0.76
April 30 2020,Denton,TX,Passenger,1,0,1,93,94,1.06
June 30 2023,Lee,AL,Passenger,1,0,1,15,16,6.25
August 31 2021,Maui,HI,Passenger,1,0,1,27,28,3.57
May 31 2017,Thurston,WA,Passenger,390,334,724,186036,186760,0.39
August 31 2017,Grays Harbor,WA,Passenger,37,37,74,44961,45035,0.16
April 30 2017,Clark,NV,Passenger,1,3,4,862,866,0.46
November 30 2019,Orange,CA,Passenger,7,2,9,530,539,1.67
April 30 2019,Grant,WA,Truck,0,0,0,26429,26429,0.00
January 31 2020,Prince William,VA,Passenger,2,3,5,235,240,2.08
May 31 2021,Yakima,WA,Truck,0,0,0,61673,61673,0.00
May 31 2019,Allegheny,PA,Passenger,1,0,1,87,88,1.14
July 31 2019,Polk,FL,Passenger,1,0,1,67,68,1.47
December 31 2020,Penobscot,ME,Passenger,0,1,1,10,11,9.09
June 30 2023,Larimer,CO,Passenger,1,0,1,31,32,3.12
August 31 2020,Rogers,OK,Passenger,1,0,1,5,6,16.67
June 30 2017,Jefferson,WA,Passenger,104,61,165,23849,24014,0.69
May 31 2017,Mason,WA,Truck,0,0,0,19263,19263,0.00
April 30 2019,Goochland,VA,Passenger,1,1,2,252,254,0.79
June 30 2022,San Joaquin,CA,Passenger,1,1,2,93,95,2.11
December 31 2018,Pacific,WA,Truck,0,0,0,7610,7610,0.00
December 31 2017,Walla Walla,WA,Truck,0,0,0,13292,13292,0.00
August 31 2018,Adams,WA,Truck,0,0,0,5174,5174,0.00
January 31 2020,Lake,IL,Passenger,1,0,1,168,169,0.59
October 31 2018,Klamath,OR,Passenger,1,0,1,35,36,2.78
October 31 2022,Washington,MD,Passenger,2,0,2,14,16,12.50
September 30 2019,Guadalupe,TX,Passenger,1,0,1,73,74,1.35
December 31 2020,Kauai,HI,Passenger,1,0,1,17,18,5.56
October 31 2022,Carroll,MD,Passenger,0,1,1,19,20,5.00
March 31 2020,Dallas,IA,Passenger,0,1,1,10,11,9.09
September 30 2023,Portsmouth,VA,Passenger,0,1,1,65,66,1.52
June 30 2023,Pacific,WA,Passenger,77,91,168,15605,15773,1.07
October 31 2021,Adams,WA,Truck,0,0,0,5408,5408,0.00
August 31 2018,Garfield,WA,Truck,0,0,0,955,955,0.00
November 30 2017,Whatcom,WA,Truck,1,0,1,41927,41928,0.00
November 30 2023,Maricopa,AZ,Passenger,6,2,8,517,525,1.52
April 30 2020,Lake,FL,Passenger,1,0,1,21,22,4.55
December 31 2020,Kern,CA,Passenger,0,1,1,216,217,0.46
March 31 2020,Placer,CA,Passenger,2,0,2,99,101,1.98
June 30 2022,Douglas,WA,Passenger,131,58,189,28489,28678,0.66
September 30 2021,Lincoln,WA,Passenger,7,16,23,7679,7702,0.30
August 31 2020,Lincoln,WA,Truck,0,0,0,4649,4649,0.00
June 30 2023,Pierce,WA,Truck,164,0,164,137025,137189,0.12
November 30 2019,Kern,CA,Passenger,0,1,1,221,222,0.45
November 30 2022,Saratoga,NY,Passenger,1,0,1,39,40,2.50
January 31 2018,Whitman,WA,Truck,0,0,0,8474,8474,0.00
August 31 2023,Hamilton,OH,Passenger,1,0,1,29,30,3.33
December 31 2022,Whitman,WA,Passenger,110,67,177,21943,22120,0.80
July 31 2023,King,WA,Truck,783,2,785,174427,175212,0.45
November 30 2020,Denton,TX,Passenger,1,0,1,87,88,1.14
October 31 2022,Jefferson,WA,Truck,5,0,5,9391,9396,0.05
October 31 2021,Skagit,WA,Truck,1,0,1,32826,32827,0.00
October 31 2022,Bexar,TX,Passenger,5,3,8,422,430,1.86
September 30 2021,Okanogan,WA,Passenger,67,44,111,26535,26646,0.42
July 31 2020,Montgomery,OH,Passenger,0,1,1,49,50,2.00
November 30 2022,Stafford,VA,Passenger,3,1,4,85,89,4.49
February 28 2023,Lee,FL,Passenger,1,0,1,31,32,3.12
November 30 2021,Oldham,KY,Passenger,0,1,1,4,5,20.00
March 31 2022,Powhatan,VA,Passenger,1,0,1,1,2,50.00
February 28 2017,Spokane,WA,Truck,1,0,1,90233,90234,0.00
March 31 2018,Kittitas,WA,Truck,0,0,0,13985,13985,0.00
November 30 2018,Clallam,WA,Truck,0,0,0,21612,21612,0.00
August 31 2019,Jefferson,WA,Passenger,205,122,327,25069,25396,1.29
May 31 2017,Montgomery,MD,Passenger,1,0,1,308,309,0.32
December 31 2021,District of Columbia,DC,Passenger,5,0,5,189,194,2.58
February 28 2023,Richland,SC,Passenger,0,1,1,106,107,0.93
July 31 2020,San Francisco,CA,Passenger,2,1,3,95,98,3.06
September 30 2022,Arlington,VA,Passenger,1,0,1,122,123,0.81
July 31 2017,Kitsap,WA,Passenger,622,324,946,173380,174326,0.54
September 30 2020,Pacific,WA,Passenger,32,34,66,15711,15777,0.42
February 28 2021,Cowlitz,WA,Passenger,194,130,324,71926,72250,0.45
June 30 2018,Lewis,WA,Truck,0,0,0,25479,25479,0.00
September 30 2018,Washoe,NV,Passenger,1,0,1,116,117,0.85
January 31 2017,Maricopa,AZ,Passenger,3,1,4,1998,2002,0.20
May 31 2022,Denton,TX,Passenger,1,0,1,64,65,1.54
March 31 2018,Canyon,ID,Passenger,0,1,1,95,96,1.04
August 31 2022,Washington,MD,Passenger,2,0,2,15,17,11.76
October 31 2022,Rock Island,IL,Passenger,0,1,1,12,13,7.69
June 30 2023,Maui,HI,Passenger,1,0,1,20,21,4.76
August 31 2019,Mason,WA,Passenger,130,127,257,47419,47676,0.54
June 30 2023,Hillsborough,FL,Passenger,1,2,3,96,99,3.03
May 31 2022,Lake,FL,Passenger,1,0,1,19,20,5.00
October 31 2023,Grays Harbor,WA,Truck,9,0,9,20502,20511,0.04
August 31 2019,Wahkiakum,WA,Passenger,2,2,4,3026,3030,0.13
November 30 2021,Cowlitz,WA,Truck,0,1,1,29019,29020,0.00
July 31 2017,Honolulu,HI,Passenger,3,2,5,578,583,0.86
October 31 2022,Lane,OR,Passenger,0,2,2,87,89,2.25
May 31 2017,Missoula,MT,Passenger,1,0,1,74,75,1.33
May 31 2020,Franklin,WA,Truck,0,0,0,19864,19864,0.00
March 31 2018,Grays Harbor,WA,Passenger,45,46,91,46088,46179,0.20
December 31 2018,Richland,SC,Passenger,0,1,1,163,164,0.61
December 31 2018,Franklin,WA,Truck,0,0,0,19052,19052,0.00
November 30 2019,Chelan,WA,Passenger,196,75,271,54637,54908,0.49
May 31 2022,Orange,FL,Passenger,2,0,2,95,97,2.06
June 30 2022,Washtenaw,MI,Passenger,0,1,1,27,28,3.57
April 30 2019,Sangamon,IL,Passenger,2,0,2,7,9,22.22
January 31 2021,Eagle,CO,Passenger,1,0,1,9,10,10.00
February 28 2022,Spokane,WA,Truck,0,0,0,102556,102556,0.00
March 31 2017,Pacific,WA,Truck,0,0,0,7479,7479,0.00
December 31 2018,Cook,IL,Passenger,1,0,1,254,255,0.39
August 31 2020,Fulton,GA,Passenger,1,2,3,98,101,2.97
February 28 2021,Manassas,VA,Passenger,0,1,1,7,8,12.50
May 31 2019,Carroll,NH,Passenger,0,1,1,3,4,25.00
June 30 2023,Henrico,VA,Passenger,0,1,1,5,6,16.67
September 30 2021,Suffolk,MA,Passenger,0,2,2,29,31,6.45
February 28 2019,San Juan,PR,Passenger,0,1,1,3,4,25.00
March 31 2023,Eau Claire,WI,Passenger,1,0,1,1,2,50.00
August 31 2022,Bell,TX,Passenger,1,0,1,316,317,0.32
November 30 2018,Skamania,WA,Truck,0,0,0,4005,4005,0.00
December 31 2019,Mason,WA,Truck,0,0,0,20525,20525,0.00
August 31 2017,Montgomery,PA,Passenger,1,0,1,39,40,2.50
December 31 2022,Richland,SC,Passenger,0,1,1,113,114,0.88
March 31 2023,Denton,TX,Passenger,1,0,1,47,48,2.08
April 30 2023,Richmond,NY,Passenger,1,0,1,4,5,20.00
September 30 2022,Richmond,GA,Passenger,0,1,1,64,65,1.54
August 31 2020,Cowlitz,WA,Passenger,152,120,272,72122,72394,0.38
July 31 2023,Alameda,CA,Passenger,4,0,4,158,162,2.47
April 30 2021,RÃ­o Grande,PR,Passenger,1,0,1,1,2,50.00
October 31 2021,Klamath,OR,Passenger,1,0,1,31,32,3.12
June 30 2018,Maricopa,AZ,Passenger,2,2,4,1618,1622,0.25
April 30 2019,Charles,MD,Passenger,0,1,1,84,85,1.18
June 30 2022,Nueces,TX,Passenger,1,1,2,54,56,3.57
September 30 2018,Manatee,FL,Passenger,1,0,1,39,40,2.50
May 31 2018,Sangamon,IL,Passenger,1,0,1,11,12,8.33
September 30 2021,Danville,VA,Passenger,1,0,1,0,1,100.00
January 31 2021,Cowlitz,WA,Passenger,188,129,317,72152,72469,0.44
November 30 2021,Onslow,NC,Passenger,0,1,1,175,176,0.57
December 31 2020,Mason,WA,Truck,0,0,0,20942,20942,0.00
September 30 2022,Pend Oreille,WA,Truck,0,0,0,5636,5636,0.00
April 30 2017,Lincoln,WA,Passenger,2,4,6,7481,7487,0.08
September 30 2018,Richmond,GA,Passenger,0,1,1,94,95,1.05
September 30 2022,Calvert,MD,Passenger,0,2,2,75,77,2.60
April 30 2020,Hudson,NJ,Passenger,1,0,1,40,41,2.44
August 31 2021,Harford,MD,Passenger,0,1,1,55,56,1.79
June 30 2022,Boulder,CO,Passenger,2,0,2,43,45,4.44
December 31 2021,Pacific,WA,Truck,0,0,0,8017,8017,0.00
March 31 2023,Klickitat,WA,Passenger,133,59,192,15183,15375,1.25
April 30 2019,Prince William,VA,Passenger,1,4,5,257,262,1.91
April 30 2020,Okanogan,WA,Truck,0,0,0,16382,16382,0.00
September 30 2020,Palm Beach,FL,Passenger,0,1,1,77,78,1.28
October 31 2022,Fulton,GA,Passenger,1,0,1,62,63,1.59
August 31 2020,Charleston,SC,Passenger,2,0,2,101,103,1.94
July 31 2021,Maui,HI,Passenger,1,0,1,29,30,3.33
April 30 2023,King,WA,Passenger,53876,13766,67642,1322301,1389943,4.87
July 31 2022,Skagit,WA,Truck,5,0,5,32285,32290,0.02
January 31 2021,Asotin,WA,Passenger,16,13,29,12435,12464,0.23
September 30 2021,Klamath,OR,Passenger,1,0,1,31,32,3.12
July 31 2023,Frederick,MD,Passenger,1,1,2,51,53,3.77
December 31 2022,Kootenai,ID,Truck,1,0,1,30,31,3.23
August 31 2020,DeKalb,IN,Passenger,1,0,1,1,2,50.00
January 31 2019,Pacific,WA,Truck,0,0,0,7612,7612,0.00
May 31 2017,Snohomish,WA,Passenger,1739,866,2605,512584,515189,0.51
July 31 2020,Norfolk,VA,Passenger,2,2,4,349,353,1.13
June 30 2022,Adams,WA,Passenger,17,10,27,12924,12951,0.21
September 30 2018,Lane,OR,Passenger,0,1,1,180,181,0.55
January 31 2020,Manassas,VA,Passenger,0,1,1,7,8,12.50
May 31 2018,Prince George,VA,Passenger,0,1,1,73,74,1.35
April 30 2020,Sarasota,FL,Passenger,2,0,2,27,29,6.90
May 31 2022,Louisa,VA,Passenger,0,1,1,1,2,50.00
December 31 2022,Klickitat,WA,Passenger,123,51,174,15137,15311,1.14
December 31 2020,Clark,WA,Truck,0,0,0,83480,83480,0.00
December 31 2020,Columbia,WA,Passenger,5,3,8,2440,2448,0.33
April 30 2017,Alameda,CA,Passenger,2,1,3,383,386,0.78
October 31 2020,Cowlitz,WA,Truck,0,0,0,28890,28890,0.00
September 30 2020,Brevard,FL,Passenger,0,1,1,86,87,1.15
February 28 2021,Jefferson,NY,Passenger,0,1,1,212,213,0.47
March 31 2019,Palm Beach,FL,Passenger,0,1,1,91,92,1.09
July 31 2020,Howard,MD,Passenger,0,1,1,71,72,1.39
December 31 2019,Arlington,VA,Passenger,0,2,2,158,160,1.25
June 30 2019,Mason,WA,Passenger,124,122,246,47177,47423,0.52
August 31 2020,Spokane,WA,Truck,1,0,1,99428,99429,0.00
October 31 2021,Klickitat,WA,Passenger,87,51,138,15351,15489,0.89
May 31 2019,Benton,WA,Truck,0,0,0,41849,41849,0.00
March 31 2022,Duval,FL,Passenger,0,2,2,305,307,0.65
April 30 2022,Tarrant,TX,Passenger,1,0,1,130,131,0.76
July 31 2018,Virginia Beach,VA,Passenger,2,1,3,691,694,0.43
August 31 2022,Richmond,NY,Passenger,1,0,1,4,5,20.00
October 31 2020,Saginaw,MI,Passenger,1,0,1,11,12,8.33
December 31 2020,Nueces,TX,Passenger,1,0,1,84,85,1.18
October 31 2022,Sedgwick,KS,Passenger,1,1,2,70,72,2.78
May 31 2020,Middlesex,MA,Passenger,1,1,2,97,99,2.02
September 30 2020,Plaquemines,LA,Passenger,0,1,1,14,15,6.67
February 28 2023,Grant,WA,Passenger,242,114,356,66935,67291,0.53
February 28 2018,Pend Oreille,WA,Passenger,4,3,7,9420,9427,0.07
June 30 2019,Stevens,WA,Passenger,19,31,50,31681,31731,0.16
October 31 2020,Kittitas,WA,Truck,0,0,0,14629,14629,0.00
August 31 2018,Stevens,WA,Passenger,12,26,38,31684,31722,0.12
June 30 2019,Benton,WA,Truck,0,0,0,41914,41914,0.00
April 30 2021,Columbia,WA,Truck,0,0,0,1559,1559,0.00
February 29 2020,Okanogan,WA,Truck,0,0,0,16495,16495,0.00
May 31 2021,Platte,MO,Passenger,1,0,1,21,22,4.55
November 30 2023,Fulton,GA,Passenger,1,0,1,38,39,2.56
June 30 2022,Nassau,NY,Passenger,3,0,3,28,31,9.68
August 31 2023,Cumberland,PA,Passenger,1,0,1,29,30,3.33
June 30 2023,Champaign,IL,Passenger,1,0,1,11,12,8.33
May 31 2023,Mason,WA,Passenger,431,206,637,46313,46950,1.36
February 28 2022,Yakima,WA,Passenger,301,178,479,167978,168457,0.28
December 31 2017,Thurston,WA,Truck,0,0,0,53761,53761,0.00
August 31 2022,Rogers,OK,Passenger,1,0,1,2,3,33.33
February 28 2018,Yakima,WA,Passenger,61,79,140,162326,162466,0.09
July 31 2021,Denton,TX,Passenger,1,0,1,83,84,1.19
September 30 2019,Adams,WA,Truck,0,0,0,5138,5138,0.00
December 31 2020,Wahkiakum,WA,Truck,0,0,0,1770,1770,0.00
March 31 2021,Anchorage,AK,Passenger,1,0,1,148,149,0.67
April 30 2022,El Paso,TX,Passenger,3,0,3,362,365,0.82
May 31 2021,Kern,CA,Passenger,0,1,1,213,214,0.47
March 31 2021,Williamson,TX,Passenger,0,2,2,120,122,1.64
April 30 2021,Rockingham,NH,Passenger,1,0,1,24,25,4.00
June 30 2017,Norfolk,MA,Passenger,1,0,1,40,41,2.44
November 30 2023,Sedgwick,KS,Passenger,1,0,1,44,45,2.22
May 31 2023,Fulton,GA,Passenger,1,0,1,51,52,1.92
October 31 2022,New Haven,CT,Passenger,0,2,2,30,32,6.25
May 31 2023,DuPage,IL,Passenger,0,1,1,31,32,3.12
May 31 2017,Twin Falls,ID,Passenger,0,1,1,23,24,4.17
July 31 2023,Pend Oreille,WA,Passenger,30,15,45,8843,8888,0.51
May 31 2021,Walla Walla,WA,Passenger,110,72,182,36553,36735,0.50
October 31 2017,Jefferson,NY,Passenger,1,0,1,242,243,0.41
September 30 2021,Riverside,CA,Passenger,4,1,5,526,531,0.94
October 31 2023,Chelan,WA,Truck,34,0,34,22737,22771,0.15
July 31 2021,Lake,FL,Passenger,1,0,1,22,23,4.35
August 31 2019,Montgomery,PA,Passenger,2,0,2,37,39,5.13
May 31 2022,Adams,CO,Passenger,1,0,1,39,40,2.50
October 31 2021,Lewis,WA,Passenger,194,158,352,59616,59968,0.59
June 30 2017,Grays Harbor,WA,Truck,0,0,0,19887,19887,0.00
September 30 2021,Harnett,NC,Passenger,1,1,2,167,169,1.18
February 28 2021,Missoula,MT,Passenger,1,0,1,67,68,1.47
July 31 2020,Kings,NY,Passenger,1,0,1,67,68,1.47
September 30 2018,Carson City,NV,Passenger,1,0,1,14,15,6.67
December 31 2022,Garfield,WA,Passenger,1,3,4,1308,1312,0.30
April 30 2017,Adams,WA,Truck,0,0,0,5072,5072,0.00
December 31 2017,Franklin,WA,Passenger,30,50,80,56859,56939,0.14
September 30 2021,Thurston,WA,Truck,0,0,0,56321,56321,0.00
November 30 2019,Pima,AZ,Passenger,2,1,3,388,391,0.77
August 31 2022,Lewis,WA,Truck,0,0,0,26315,26315,0.00
June 30 2021,Pacific,WA,Truck,0,0,0,7964,7964,0.00
April 30 2022,Williamson,TX,Passenger,1,2,3,87,90,3.33
November 30 2019,Skamania,WA,Truck,0,0,0,4095,4095,0.00
June 30 2017,Clackamas,OR,Passenger,0,1,1,290,291,0.34
August 31 2020,Lane,OR,Passenger,0,1,1,143,144,0.69
January 31 2021,St. Clair,IL,Passenger,1,0,1,133,134,0.75
August 31 2021,Clackamas,OR,Passenger,2,0,2,171,173,1.16
July 31 2020,Guadalupe,TX,Passenger,1,0,1,63,64,1.56
October 31 2019,Santa Cruz,CA,Passenger,1,0,1,38,39,2.56
May 31 2023,Pacific,WA,Passenger,77,91,168,15604,15772,1.07
March 31 2018,Ferry,WA,Truck,0,0,0,3505,3505,0.00
January 31 2022,Pacific,WA,Truck,0,0,0,8022,8022,0.00
October 31 2021,Skamania,WA,Passenger,58,39,97,8326,8423,1.15
May 31 2017,District of Columbia,DC,Passenger,0,3,3,220,223,1.35
April 30 2020,Rockingham,NH,Passenger,1,0,1,27,28,3.57
April 30 2017,Portsmouth,VA,Passenger,0,1,1,67,68,1.47
March 31 2018,Saratoga,NY,Passenger,1,1,2,65,67,2.99
June 30 2021,Philadelphia,PA,Passenger,1,0,1,51,52,1.92
March 31 2019,Santa Fe,NM,Passenger,0,1,1,41,42,2.38
September 30 2023,Camden,NJ,Passenger,0,1,1,11,12,8.33
March 31 2017,Franklin,MA,Passenger,0,1,1,4,5,20.00
June 30 2023,Wilson,TX,Passenger,0,1,1,3,4,25.00
October 31 2021,Franklin,WA,Passenger,144,102,246,62063,62309,0.39
June 30 2020,Clark,WA,Passenger,2014,1058,3072,317636,320708,0.96
December 31 2017,El Paso,TX,Passenger,1,0,1,527,528,0.19
November 30 2019,Thurston,WA,Truck,0,0,0,55652,55652,0.00
March 31 2020,Allegheny,PA,Passenger,1,0,1,80,81,1.23
September 30 2017,Kitsap,WA,Truck,1,0,1,52603,52604,0.00
December 31 2020,Monterey,CA,Passenger,0,1,1,158,159,0.63
September 30 2021,Hudson,NJ,Passenger,1,0,1,43,44,2.27
April 30 2019,Nantucket,MA,Passenger,1,0,1,3,4,25.00
March 31 2019,Cowlitz,WA,Passenger,84,101,185,72539,72724,0.25
March 31 2018,Clallam,WA,Truck,0,0,0,21314,21314,0.00
May 31 2023,Jefferson,WA,Truck,12,0,12,9318,9330,0.13
September 30 2021,King,WA,Truck,5,1,6,183871,183877,0.00
February 28 2018,Spokane,WA,Truck,1,0,1,91713,91714,0.00
March 31 2018,Stevens,WA,Truck,0,0,0,18424,18424,0.00
July 31 2018,Franklin,WA,Truck,0,0,0,18737,18737,0.00
January 31 2017,Contra Costa,CA,Passenger,1,0,1,676,677,0.15
November 30 2022,Kent,DE,Passenger,1,0,1,50,51,1.96
January 31 2023,Currituck,NC,Passenger,1,0,1,17,18,5.56
May 31 2019,Shasta,CA,Passenger,1,0,1,45,46,2.17
December 31 2018,Skagit,WA,Truck,1,0,1,32315,32316,0.00
December 31 2018,Mason,WA,Truck,0,0,0,20190,20190,0.00
August 31 2021,Garfield,WA,Passenger,0,3,3,1367,1370,0.22
July 31 2022,Lake,FL,Passenger,1,0,1,16,17,5.88
July 31 2018,Grant,WA,Truck,0,0,0,25943,25943,0.00
June 30 2018,Skagit,WA,Truck,1,0,1,32043,32044,0.00
December 31 2022,Platte,MO,Passenger,1,0,1,23,24,4.17
August 31 2019,Norfolk,MA,Passenger,1,0,1,38,39,2.56
May 31 2022,Washtenaw,MI,Passenger,0,1,1,28,29,3.45
February 28 2021,Putnam,TN,Passenger,0,1,1,3,4,25.00
October 31 2021,King,WA,Passenger,33832,9911,43743,1363438,1407181,3.11
March 31 2018,Cowlitz,WA,Passenger,55,70,125,71226,71351,0.18
March 31 2019,Stevens,WA,Truck,0,0,0,18702,18702,0.00
March 31 2020,Walla Walla,WA,Truck,0,0,0,13644,13644,0.00
May 31 2017,Montgomery,TN,Passenger,1,0,1,286,287,0.35
July 31 2021,Jefferson,WA,Truck,0,0,0,9617,9617,0.00
February 28 2021,Williamson,TX,Passenger,0,2,2,122,124,1.61
June 30 2022,Clark,WA,Truck,7,0,7,82806,82813,0.01
August 31 2021,Houston,GA,Passenger,1,0,1,44,45,2.22
January 31 2023,Cumberland,PA,Passenger,1,0,1,37,38,2.63
October 31 2019,Lake,CA,Passenger,0,1,1,10,11,9.09
January 31 2021,Snohomish,WA,Passenger,5175,1874,7049,538283,545332,1.29
March 31 2019,Kootenai,ID,Passenger,1,1,2,212,214,0.93
December 31 2021,Stevens,WA,Truck,0,0,0,18930,18930,0.00
November 30 2019,Harris,TX,Passenger,1,1,2,251,253,0.79
June 30 2021,District of Columbia,DC,Passenger,5,1,6,196,202,2.97
February 28 2017,Wayne,MI,Passenger,0,2,2,71,73,2.74
July 31 2021,San Mateo,CA,Passenger,1,0,1,103,104,0.96
March 31 2022,Williamson,TX,Passenger,1,2,3,89,92,3.26
January 31 2022,District of Columbia,DC,Passenger,5,0,5,186,191,2.62
November 30 2022,San Joaquin,CA,Passenger,1,0,1,85,86,1.16
January 31 2021,Santa Clara,CA,Passenger,7,2,9,281,290,3.10
October 31 2020,Hillsborough,FL,Passenger,0,1,1,174,175,0.57
May 31 2022,Asotin,WA,Passenger,23,19,42,12719,12761,0.33
October 31 2020,Palm Beach,FL,Passenger,0,1,1,74,75,1.33
September 30 2021,Currituck,NC,Passenger,1,0,1,23,24,4.17
December 31 2022,Hennepin,MN,Passenger,1,0,1,44,45,2.22
May 31 2017,Essex,NJ,Passenger,1,0,1,17,18,5.56
August 31 2021,Wichita,TX,Passenger,1,0,1,42,43,2.33
March 31 2020,Riverside,CA,Passenger,3,1,4,638,642,0.62
April 30 2017,San Juan,WA,Passenger,98,35,133,13479,13612,0.98
April 30 2022,Columbia,WA,Truck,0,0,0,1587,1587,0.00
December 31 2021,Asotin,WA,Passenger,22,17,39,12711,12750,0.31
October 31 2021,Portsmouth,VA,Passenger,0,1,1,85,86,1.16
July 31 2020,Prince William,VA,Passenger,2,3,5,225,230,2.17
August 31 2019,Alexandria,VA,Passenger,1,0,1,144,145,0.69
July 31 2017,Nueces,TX,Passenger,0,1,1,96,97,1.03
October 31 2017,Morris,NJ,Passenger,1,0,1,22,23,4.35
March 31 2019,Boulder,CO,Passenger,1,0,1,48,49,2.04
August 31 2018,Carroll,NH,Passenger,0,1,1,1,2,50.00
February 28 2023,Hennepin,MN,Passenger,1,0,1,39,40,2.50
April 30 2018,Essex,NJ,Passenger,1,0,1,13,14,7.14
November 30 2023,Ray,MO,Passenger,0,1,1,0,1,100.00
March 31 2023,Grant,WA,Passenger,255,113,368,66987,67355,0.55
February 28 2017,Lee,AL,Passenger,1,0,1,36,37,2.70
October 31 2021,Harnett,NC,Passenger,1,1,2,164,166,1.20
August 31 2021,Sacramento,CA,Passenger,2,0,2,231,233,0.86
January 31 2017,Utah,UT,Passenger,0,1,1,199,200,0.50
December 31 2019,DeKalb,GA,Passenger,1,0,1,86,87,1.15
July 31 2021,Denver,CO,Passenger,1,0,1,116,117,0.85
September 30 2022,Santa Cruz,CA,Passenger,1,0,1,24,25,4.00
November 30 2022,Maui,HI,Passenger,1,0,1,24,25,4.00
February 28 2019,Monroe,IL,Passenger,1,0,1,3,4,25.00
October 31 2022,Grays Harbor,WA,Truck,2,0,2,21079,21081,0.01
April 30 2017,Douglas,OR,Passenger,0,1,1,74,75,1.33
May 31 2018,El Paso,CO,Passenger,2,1,3,755,758,0.40
May 31 2022,Montgomery,MD,Passenger,4,2,6,208,214,2.80
August 31 2023,Norfolk,VA,Passenger,1,2,3,259,262,1.15
October 31 2022,Chelan,WA,Truck,8,0,8,23080,23088,0.03
June 30 2021,Sacramento,CA,Passenger,2,0,2,232,234,0.85
October 31 2022,Montgomery,PA,Passenger,1,0,1,21,22,4.55
December 31 2018,DeKalb,GA,Passenger,1,0,1,80,81,1.23
March 31 2023,Arlington,VA,Passenger,1,0,1,114,115,0.87
May 31 2018,Norfolk,VA,Passenger,1,2,3,333,336,0.89
March 31 2020,Lewis,WA,Passenger,105,108,213,59199,59412,0.36
September 30 2021,Leavenworth,KS,Passenger,0,1,1,118,119,0.84
January 31 2019,Cowlitz,WA,Passenger,79,96,175,72555,72730,0.24
September 30 2018,Skamania,WA,Truck,0,0,0,3968,3968,0.00
December 31 2020,Douglas,NE,Passenger,0,1,1,55,56,1.79
July 31 2020,Cascade,MT,Passenger,0,1,1,56,57,1.75
February 28 2023,Eau Claire,WI,Passenger,1,0,1,1,2,50.00
February 29 2020,Skagit,WA,Truck,1,0,1,32558,32559,0.00
December 31 2022,Columbia,WA,Passenger,7,1,8,2437,2445,0.33
March 31 2022,Walla Walla,WA,Truck,0,0,0,14030,14030,0.00
July 31 2018,Lewis,WA,Passenger,83,59,142,57812,57954,0.25
April 30 2018,Fairfax,VA,Passenger,3,2,5,836,841,0.59
October 31 2018,Riverside,CA,Passenger,2,2,4,676,680,0.59
June 30 2023,Maricopa,AZ,Passenger,7,4,11,652,663,1.66
March 31 2017,Cobb,GA,Passenger,0,1,1,82,83,1.20
August 31 2021,Moore,NC,Passenger,0,1,1,127,128,0.78
April 30 2018,Kent,MI,Passenger,0,1,1,33,34,2.94
February 28 2022,Benton,WA,Passenger,663,451,1114,135791,136905,0.81
April 30 2021,Prince William,VA,Passenger,1,1,2,218,220,0.91
August 31 2023,Douglas,WA,Truck,7,0,7,13002,13009,0.05
April 30 2018,Volusia,FL,Passenger,0,1,1,36,37,2.70
February 28 2018,Latah,ID,Passenger,0,1,1,78,79,1.27
June 30 2021,Fairbanks North Star,AK,Passenger,0,1,1,87,88,1.14
December 31 2020,Dallas,TX,Passenger,1,0,1,177,178,0.56
December 31 2021,Moore,NC,Passenger,0,1,1,124,125,0.80
July 31 2019,Douglas,NE,Passenger,0,1,1,63,64,1.56
August 31 2022,Lake,IL,Passenger,2,0,2,133,135,1.48
April 30 2022,Burlington,NJ,Passenger,0,2,2,107,109,1.83
December 31 2021,Travis,TX,Passenger,4,0,4,138,142,2.82
November 30 2022,Clinton,PA,Passenger,1,0,1,1,2,50.00
July 31 2018,Yakima,WA,Passenger,65,93,158,163961,164119,0.10
November 30 2022,Hillsborough,FL,Passenger,1,2,3,115,118,2.54
July 31 2018,Garfield,WA,Passenger,1,1,2,1320,1322,0.15
August 31 2022,Moore,NC,Passenger,0,1,1,112,113,0.88
July 31 2018,Flathead,MT,Passenger,1,0,1,52,53,1.89
April 30 2018,Hawaii,HI,Passenger,1,0,1,77,78,1.28
February 28 2017,Pinal,AZ,Passenger,2,0,2,264,266,0.75
November 30 2023,Grant,WA,Passenger,346,151,497,64832,65329,0.76
January 31 2021,Riverside,CA,Passenger,4,1,5,586,591,0.85
February 28 2019,Spokane,WA,Truck,1,0,1,93873,93874,0.00
November 30 2019,Juneau,AK,Passenger,0,2,2,27,29,6.90
September 30 2021,Spokane,WA,Passenger,1186,703,1889,326051,327940,0.58
November 30 2021,Clark,WA,Passenger,3363,1535,4898,320713,325611,1.50
October 31 2019,Yakima,WA,Truck,0,0,0,59488,59488,0.00
November 30 2019,San Joaquin,CA,Passenger,1,0,1,138,139,0.72
December 31 2019,Ferry,WA,Passenger,5,2,7,4399,4406,0.16
October 31 2017,Ferry,WA,Passenger,1,1,2,4396,4398,0.05
July 31 2018,Spokane,WA,Truck,1,0,1,92856,92857,0.00
September 30 2018,Norfolk,VA,Passenger,2,2,4,337,341,1.17
October 31 2023,Ventura,CA,Passenger,2,2,4,187,191,2.09
September 30 2020,Hamilton,IN,Passenger,1,0,1,39,40,2.50
February 28 2021,Washtenaw,MI,Passenger,1,1,2,31,33,6.06
August 31 2023,Mercer,NJ,Passenger,0,1,1,10,11,9.09
December 31 2020,Bradley,TN,Passenger,1,0,1,0,1,100.00
December 31 2020,Grays Harbor,WA,Passenger,127,122,249,48640,48889,0.51
January 31 2021,El Paso,CO,Passenger,2,1,3,703,706,0.42
September 30 2018,Skamania,WA,Passenger,15,11,26,8709,8735,0.30
February 28 2019,Benton,WA,Passenger,232,245,477,132988,133465,0.36
January 31 2021,Placer,CA,Passenger,2,0,2,85,87,2.30
November 30 2020,Garfield,WA,Passenger,0,1,1,1362,1363,0.07
May 31 2023,Arapahoe,CO,Passenger,1,1,2,75,77,2.60
November 30 2023,Harrison,MS,Passenger,1,0,1,25,26,3.85
November 30 2020,Carroll,MD,Passenger,0,1,1,21,22,4.55
September 30 2019,DeKalb,IN,Passenger,1,0,1,1,2,50.00
July 31 2022,Ferry,WA,Truck,0,0,0,3564,3564,0.00
December 31 2017,Canyon,ID,Passenger,0,1,1,94,95,1.05
February 28 2023,Washington,MD,Passenger,2,0,2,14,16,12.50
May 31 2019,Fulton,GA,Passenger,1,2,3,106,109,2.75
July 31 2017,Albemarle,VA,Passenger,0,1,1,32,33,3.03
January 31 2021,Wahkiakum,WA,Truck,0,0,0,1769,1769,0.00
November 30 2022,Anne Arundel,MD,Passenger,4,3,7,314,321,2.18
March 31 2022,Wahkiakum,WA,Passenger,18,11,29,3075,3104,0.93
May 31 2022,Contra Costa,CA,Passenger,0,4,4,252,256,1.56
April 30 2018,Charles,MD,Passenger,0,1,1,83,84,1.19
August 31 2018,San Juan,PR,Passenger,0,1,1,4,5,20.00
February 29 2020,Randolph,NC,Passenger,1,0,1,7,8,12.50
October 31 2018,Okanogan,WA,Truck,0,0,0,16503,16503,0.00
May 31 2019,Duval,FL,Passenger,1,2,3,378,381,0.79
June 30 2023,Cowlitz,WA,Truck,9,0,9,28218,28227,0.03
August 31 2019,Whatcom,WA,Passenger,902,450,1352,151177,152529,0.89
November 30 2023,Yakima,WA,Truck,16,0,16,58391,58407,0.03
June 30 2022,Benton,WA,Truck,3,0,3,43560,43563,0.01
August 31 2021,Cook,IL,Passenger,1,0,1,215,216,0.46
March 31 2020,Suffolk,MA,Passenger,0,2,2,38,40,5.00
December 31 2018,Carroll,NH,Passenger,0,1,1,1,2,50.00
August 31 2023,Camden,NJ,Passenger,0,1,1,11,12,8.33
July 31 2023,Gwinnett,GA,Passenger,1,0,1,39,40,2.50
May 31 2017,Douglas,WA,Truck,0,0,0,11483,11483,0.00
April 30 2023,New London,CT,Passenger,1,4,5,172,177,2.82
February 28 2017,Adams,WA,Truck,0,0,0,5071,5071,0.00
August 31 2023,Adams,WA,Truck,3,0,3,5309,5312,0.06
April 30 2018,Santa Rosa,FL,Passenger,1,0,1,102,103,0.97
January 31 2021,Allegheny,PA,Passenger,1,1,2,71,73,2.74
March 31 2020,Maui,HI,Passenger,2,0,2,36,38,5.26
January 31 2022,Howard,MD,Passenger,0,2,2,59,61,3.28
April 30 2017,Orleans,LA,Passenger,0,1,1,49,50,2.00
November 30 2019,Collier,FL,Passenger,1,0,1,17,18,5.56
February 28 2022,Santa Clara,CA,Passenger,8,1,9,252,261,3.45
January 31 2018,Nueces,TX,Passenger,1,1,2,94,96,2.08
March 31 2018,DuPage,IL,Passenger,1,0,1,67,68,1.47
April 30 2018,Collier,FL,Passenger,1,0,1,20,21,4.76
January 31 2017,Yakima,WA,Truck,0,0,0,57335,57335,0.00
November 30 2019,Lewis,WA,Passenger,109,103,212,59501,59713,0.36
May 31 2021,Montgomery,OH,Passenger,0,1,1,58,59,1.69
January 31 2021,Grays Harbor,WA,Truck,0,0,0,21241,21241,0.00
December 31 2020,Wahkiakum,WA,Passenger,6,7,13,3035,3048,0.43
May 31 2018,,,Passenger,4,2,6,425,431,1.39
May 31 2017,Alameda,CA,Passenger,1,1,2,376,378,0.53
March 31 2021,Clackamas,OR,Passenger,3,0,3,176,179,1.68
December 31 2022,Orange,FL,Passenger,1,0,1,71,72,1.39
May 31 2022,Carson City,NV,Passenger,1,0,1,9,10,10.00
March 31 2021,Kings,NY,Passenger,1,0,1,69,70,1.43
August 31 2022,Philadelphia,PA,Passenger,1,0,1,44,45,2.22
November 30 2022,Kings,CA,Passenger,2,1,3,298,301,1.00
February 29 2020,Richland,SC,Passenger,0,1,1,159,160,0.62
January 31 2018,Snohomish,WA,Passenger,2073,1093,3166,518022,521188,0.61
August 31 2019,Garfield,WA,Passenger,0,1,1,1305,1306,0.08
March 31 2020,Harris,TX,Passenger,1,0,1,247,248,0.40
September 30 2018,Houston,GA,Passenger,1,0,1,53,54,1.85
February 28 2019,Arlington,VA,Passenger,1,2,3,165,168,1.79
October 31 2018,Valencia,NM,Passenger,1,0,1,12,13,7.69
February 28 2017,Ferry,WA,Passenger,2,1,3,4392,4395,0.07
June 30 2017,Mason,WA,Passenger,56,68,124,43447,43571,0.28
May 31 2019,Nassau,NY,Passenger,3,0,3,41,44,6.82
January 31 2017,Pend Oreille,WA,Passenger,1,4,5,9344,9349,0.05
March 31 2020,Bexar,TX,Passenger,2,5,7,639,646,1.08
November 30 2017,Jefferson,NY,Passenger,1,0,1,236,237,0.42
November 30 2023,Williamsburg,VA,Passenger,0,1,1,5,6,16.67
October 31 2018,Monroe,IL,Passenger,1,0,1,3,4,25.00
February 28 2018,New Haven,CT,Passenger,0,1,1,52,53,1.89
July 31 2022,Stevens,WA,Truck,1,0,1,18894,18895,0.01
December 31 2021,Wake,NC,Passenger,1,0,1,116,117,0.85
August 31 2019,Charles,MD,Passenger,0,1,1,90,91,1.10
July 31 2017,Shelby,TN,Passenger,0,1,1,113,114,0.88
May 31 2020,Denton,TX,Passenger,1,0,1,92,93,1.08
March 31 2023,Hudson,NJ,Passenger,1,0,1,21,22,4.55
December 31 2017,Sumter,FL,Passenger,0,1,1,10,11,9.09
August 31 2018,Grant,WA,Truck,0,0,0,26008,26008,0.00
April 30 2022,Grays Harbor,WA,Passenger,200,158,358,49204,49562,0.72
April 30 2020,San Francisco,CA,Passenger,2,1,3,101,104,2.88
September 30 2021,Rockdale,GA,Passenger,1,0,1,6,7,14.29
August 31 2018,Clallam,WA,Passenger,128,115,243,50116,50359,0.48
May 31 2023,Santa Clara,CA,Passenger,9,3,12,179,191,6.28
March 31 2021,Sedgwick,KS,Passenger,1,1,2,90,92,2.17
September 30 2017,Orange,FL,Passenger,1,1,2,144,146,1.37
August 31 2019,Lincoln,WA,Truck,0,0,0,4682,4682,0.00
November 30 2021,Skagit,WA,Passenger,666,299,965,91272,92237,1.05
June 30 2020,Stevens,WA,Passenger,36,33,69,30641,30710,0.22
September 30 2021,Ferry,WA,Passenger,10,3,13,4401,4414,0.29
September 30 2020,Vigo,IN,Passenger,1,0,1,6,7,14.29
December 31 2021,Montgomery,PA,Passenger,2,0,2,22,24,8.33
May 31 2017,Dakota,MN,Passenger,0,1,1,42,43,2.33
August 31 2017,Twin Falls,ID,Passenger,0,1,1,23,24,4.17
June 30 2023,Yakima,WA,Passenger,503,257,760,165941,166701,0.46
March 31 2017,San Diego,CA,Passenger,5,1,6,2808,2814,0.21
November 30 2018,Maricopa,AZ,Passenger,3,3,6,1582,1588,0.38
April 30 2018,New Haven,CT,Passenger,0,1,1,50,51,1.96
November 30 2017,Clark,NV,Passenger,2,2,4,766,770,0.52
July 31 2017,Cobb,GA,Passenger,0,1,1,80,81,1.23
January 31 2020,Stafford,VA,Passenger,1,1,2,93,95,2.11
October 31 2023,Alexandria,VA,Passenger,3,1,4,77,81,4.94
December 31 2021,Powhatan,VA,Passenger,1,0,1,1,2,50.00
February 28 2019,Denver,CO,Passenger,1,0,1,127,128,0.78
November 30 2017,Pend Oreille,WA,Passenger,3,4,7,9431,9438,0.07
April 30 2019,Klickitat,WA,Passenger,33,33,66,15505,15571,0.42
July 31 2018,Pierce,WA,Truck,0,0,0,138062,138062,0.00
April 30 2018,Mason,WA,Passenger,71,87,158,45389,45547,0.35
March 31 2019,Pinal,AZ,Passenger,2,0,2,200,202,0.99
February 28 2021,Monterey,CA,Passenger,0,1,1,151,152,0.66
January 31 2019,Nassau,NY,Passenger,3,0,3,38,41,7.32
November 30 2021,Fort Bend,TX,Passenger,1,0,1,36,37,2.70
July 31 2021,Sumter,SC,Passenger,0,1,1,33,34,2.94
September 30 2021,Flathead,MT,Passenger,1,0,1,53,54,1.85
February 29 2020,Queens,NY,Passenger,1,0,1,54,55,1.82
December 31 2022,Cowlitz,WA,Passenger,408,190,598,70287,70885,0.84
April 30 2022,Franklin,WA,Passenger,179,105,284,61977,62261,0.46
July 31 2018,Prince George's,MD,Passenger,1,1,2,186,188,1.06
February 28 2023,Snohomish,WA,Truck,122,0,122,122207,122329,0.10
February 29 2020,Columbia,WA,Truck,0,0,0,1535,1535,0.00
March 31 2018,Fulton,GA,Passenger,1,0,1,97,98,1.02
March 31 2021,Hampshire,MA,Passenger,1,0,1,7,8,12.50
April 30 2018,Whatcom,WA,Passenger,593,269,862,146591,147453,0.58
February 28 2019,Honolulu,HI,Passenger,2,3,5,509,514,0.97
May 31 2019,El Paso,CO,Passenger,2,2,4,745,749,0.53
April 30 2023,Frederick,MD,Passenger,1,0,1,58,59,1.69
July 31 2020,Twin Falls,ID,Passenger,0,1,1,24,25,4.00
April 30 2021,Benton,WA,Passenger,495,377,872,136068,136940,0.64
October 31 2021,Duval,FL,Passenger,0,2,2,339,341,0.59
July 31 2017,Mason,WA,Truck,0,0,0,19259,19259,0.00
June 30 2017,Alameda,CA,Passenger,1,1,2,369,371,0.54
October 31 2022,Adams,WA,Truck,1,0,1,5430,5431,0.02
April 30 2018,Norfolk,VA,Passenger,1,2,3,331,334,0.90
May 31 2017,Grant,WA,Truck,0,0,0,25220,25220,0.00
January 31 2022,Goochland,VA,Passenger,3,2,5,179,184,2.72
September 30 2020,Howard,MD,Passenger,0,1,1,65,66,1.52
March 31 2022,Collier,FL,Passenger,1,0,1,18,19,5.26
June 30 2021,Montgomery,TX,Passenger,1,1,2,47,49,4.08
November 30 2022,Fairbanks North Star,AK,Passenger,0,1,1,64,65,1.54
November 30 2022,Douglas,NE,Passenger,2,2,4,34,38,10.53
April 30 2022,Spartanburg,SC,Passenger,0,1,1,40,41,2.44
September 30 2022,Cumberland,PA,Passenger,1,0,1,40,41,2.44
February 28 2023,Camden,NJ,Passenger,0,1,1,13,14,7.14
May 31 2020,Ulster,NY,Passenger,1,0,1,11,12,8.33
October 31 2023,Williamson,TX,Passenger,0,1,1,37,38,2.63
May 31 2021,New Haven,CT,Passenger,0,2,2,34,36,5.56
January 31 2023,Hawaii,HI,Passenger,1,0,1,31,32,3.12
November 30 2021,Spokane,WA,Passenger,1261,748,2009,326888,328897,0.61
June 30 2020,Whitman,WA,Truck,0,0,0,8512,8512,0.00
June 30 2022,Stevens,WA,Truck,0,0,0,18935,18935,0.00
December 31 2021,Santa Clara,CA,Passenger,7,1,8,252,260,3.08
October 31 2017,Riverside,CA,Passenger,1,2,3,741,744,0.40
September 30 2023,Walla Walla,WA,Passenger,243,120,363,35105,35468,1.02
February 28 2021,Ramsey,MN,Passenger,1,0,1,36,37,2.70
October 31 2019,Loudoun,VA,Passenger,1,0,1,93,94,1.06
September 30 2020,Montgomery,AL,Passenger,0,1,1,41,42,2.38
April 30 2021,Louisa,VA,Passenger,0,1,1,1,2,50.00
January 31 2022,Carroll,MD,Passenger,0,1,1,17,18,5.56
November 30 2017,Wahkiakum,WA,Truck,0,0,0,1661,1661,0.00
October 31 2018,St. Clair,IL,Passenger,0,1,1,162,163,0.61
April 30 2017,Gwinnett,GA,Passenger,0,1,1,90,91,1.10
May 31 2022,Geary,KS,Passenger,1,0,1,83,84,1.19
April 30 2018,Richland,SC,Passenger,0,1,1,174,175,0.57
August 31 2022,Queens,NY,Passenger,1,0,1,43,44,2.27
July 31 2022,Sedgwick,KS,Passenger,1,1,2,75,77,2.60
August 31 2022,Manassas,VA,Passenger,0,1,1,9,10,10.00
August 31 2020,Ulster,NY,Passenger,1,0,1,12,13,7.69
September 30 2018,Lee,FL,Passenger,1,0,1,58,59,1.69
July 31 2017,Yakima,WA,Truck,0,0,0,57466,57466,0.00
November 30 2020,Hawaii,HI,Passenger,1,0,1,56,57,1.75
May 31 2022,Essex,NJ,Passenger,2,0,2,12,14,14.29
August 31 2021,Carson City,NV,Passenger,1,0,1,11,12,8.33
October 31 2021,Louisa,VA,Passenger,0,1,1,1,2,50.00
September 30 2023,Collier,FL,Passenger,1,0,1,11,12,8.33
May 31 2022,Deschutes,OR,Passenger,2,0,2,87,89,2.25
December 31 2017,Jefferson,WA,Truck,0,0,0,9475,9475,0.00
July 31 2023,Monterey,CA,Passenger,1,1,2,104,106,1.89
April 30 2022,Stafford,VA,Passenger,2,1,3,92,95,3.16
June 30 2018,Santa Fe,NM,Passenger,0,1,1,44,45,2.22
August 31 2023,Lee,AL,Passenger,1,0,1,13,14,7.14
July 31 2021,Bucks,PA,Passenger,1,0,1,18,19,5.26
February 28 2022,Wood,OH,Passenger,0,1,1,6,7,14.29
September 30 2018,Caddo,LA,Passenger,0,1,1,23,24,4.17
March 31 2020,Albemarle,VA,Passenger,1,0,1,22,23,4.35
November 30 2022,Fairfax,VA,Truck,1,0,1,103,104,0.96
January 31 2018,King,WA,Passenger,11615,4878,16493,1370649,1387142,1.19
July 31 2022,Skamania,WA,Truck,0,0,0,3946,3946,0.00
October 31 2019,Deschutes,OR,Passenger,4,0,4,155,159,2.52
September 30 2023,St. Mary's,MD,Passenger,1,0,1,164,165,0.61
September 30 2023,Grays Harbor,WA,Truck,9,0,9,20630,20639,0.04
March 31 2019,San Juan,WA,Passenger,197,70,267,14286,14553,1.83
November 30 2023,Douglas,WA,Passenger,239,78,317,27938,28255,1.12
December 31 2019,Washington,OR,Passenger,1,0,1,459,460,0.22
September 30 2018,Skagit,WA,Passenger,222,176,398,90855,91253,0.44
November 30 2018,Clark,NV,Passenger,3,2,5,728,733,0.68
May 31 2021,Harrison,MS,Passenger,2,0,2,51,53,3.77
May 31 2020,Erie,NY,Passenger,1,0,1,47,48,2.08
September 30 2023,Greene,OH,Passenger,1,0,1,23,24,4.17
August 31 2019,DuPage,IL,Passenger,3,0,3,62,65,4.62
February 28 2018,Pinal,AZ,Passenger,2,0,2,213,215,0.93
August 31 2023,Anchorage,AK,Passenger,1,0,1,90,91,1.10
June 30 2023,Kauai,HI,Passenger,1,1,2,16,18,11.11
August 31 2019,Lake,FL,Passenger,1,0,1,21,22,4.55
April 30 2022,Bartow,GA,Passenger,0,1,1,3,4,25.00
July 31 2018,Grays Harbor,WA,Truck,0,0,0,20225,20225,0.00
December 31 2017,Pend Oreille,WA,Truck,0,0,0,5616,5616,0.00
November 30 2019,Stevens,WA,Passenger,31,30,61,31594,31655,0.19
February 28 2022,El Paso,CO,Passenger,3,1,4,651,655,0.61
July 31 2022,Kern,CA,Passenger,0,1,1,189,190,0.53
November 30 2018,Lincoln,WA,Passenger,2,6,8,7771,7779,0.10
July 31 2022,Whitman,WA,Truck,2,0,2,8570,8572,0.02
May 31 2017,Lewis,WA,Passenger,49,33,82,55363,55445,0.15
September 30 2021,Hennepin,MN,Passenger,3,0,3,73,76,3.95
October 31 2021,Harford,MD,Passenger,1,1,2,56,58,3.45
June 30 2021,Carroll,MD,Passenger,0,1,1,19,20,5.00
December 31 2022,Riverside,CA,Passenger,7,0,7,406,413,1.69
January 31 2022,Richland,SC,Passenger,0,2,2,132,134,1.49
October 31 2022,Columbia,WA,Truck,0,0,0,1579,1579,0.00
September 30 2022,Yakima,WA,Passenger,377,210,587,166462,167049,0.35
May 31 2021,Nassau,NY,Passenger,3,0,3,29,32,9.38
January 31 2018,Albemarle,VA,Passenger,0,1,1,30,31,3.23
January 31 2023,Boulder,CO,Passenger,2,0,2,39,41,4.88
March 31 2023,Eagle,CO,Passenger,1,0,1,8,9,11.11
May 31 2023,Klickitat,WA,Truck,11,0,11,8256,8267,0.13
December 31 2019,Okanogan,WA,Truck,0,0,0,16548,16548,0.00
January 31 2018,Klickitat,WA,Truck,0,0,0,7995,7995,0.00
May 31 2023,Norfolk,VA,Passenger,3,2,5,273,278,1.80
May 31 2017,Portsmouth,VA,Passenger,0,1,1,67,68,1.47
July 31 2022,Fairbanks North Star,AK,Passenger,0,1,1,72,73,1.37
November 30 2021,Kauai,HI,Passenger,1,0,1,19,20,5.00
December 31 2019,Snohomish,WA,Passenger,4020,1708,5728,536034,541762,1.06
July 31 2022,Pacific,WA,Truck,0,0,0,7877,7877,0.00
November 30 2021,Platte,MO,Passenger,1,0,1,21,22,4.55
July 31 2020,Middlesex,MA,Passenger,1,1,2,94,96,2.08
January 31 2022,Meade,KY,Passenger,1,0,1,23,24,4.17
August 31 2018,Maui,HI,Passenger,1,0,1,55,56,1.79
October 31 2022,Suffolk,VA,Passenger,1,0,1,115,116,0.86
May 31 2018,Marion,IN,Passenger,1,0,1,119,120,0.83
April 30 2020,Montgomery,PA,Passenger,1,0,1,31,32,3.12
July 31 2022,Montgomery,MD,Passenger,4,2,6,203,209,2.87
March 31 2022,Wilson,NC,Passenger,1,0,1,0,1,100.00
October 31 2018,Norfolk,VA,Passenger,2,2,4,340,344,1.16
May 31 2018,Washington,OR,Passenger,0,1,1,476,477,0.21
February 28 2021,Whatcom,WA,Truck,3,0,3,43633,43636,0.01
December 31 2022,Island,WA,Passenger,930,397,1327,61439,62766,2.11
December 31 2020,Denver,CO,Passenger,1,0,1,115,116,0.86
February 28 2021,Okaloosa,FL,Passenger,0,1,1,141,142,0.70
January 31 2020,Larimer,CO,Passenger,1,0,1,56,57,1.75
March 31 2023,Whitman,WA,Passenger,131,72,203,22028,22231,0.91
December 31 2019,San Juan,WA,Truck,0,0,0,5932,5932,0.00
July 31 2019,Pierce,WA,Truck,0,0,0,140005,140005,0.00
October 31 2019,Clark,NV,Passenger,5,2,7,696,703,1.00
October 31 2017,Whatcom,WA,Truck,2,0,2,41875,41877,0.00
June 30 2017,Garfield,WA,Passenger,0,0,0,1295,1295,0.00
May 31 2017,Kitsap,WA,Truck,1,0,1,52378,52379,0.00
May 31 2022,New London,CT,Passenger,2,5,7,194,201,3.48
December 31 2018,El Paso,TX,Passenger,1,0,1,498,499,0.20
October 31 2022,Contra Costa,CA,Passenger,0,3,3,217,220,1.36
April 30 2022,District of Columbia,DC,Passenger,4,0,4,181,185,2.16
December 31 2018,Albemarle,VA,Passenger,1,0,1,25,26,3.85
June 30 2022,Lincoln,WA,Passenger,8,18,26,7705,7731,0.34
June 30 2018,Montgomery,MD,Passenger,1,0,1,289,290,0.34
June 30 2020,Mason,WA,Truck,0,0,0,20601,20601,0.00
April 30 2020,Pacific,WA,Passenger,30,34,64,15833,15897,0.40
April 30 2021,San Diego,CA,Passenger,17,6,23,2661,2684,0.86
August 31 2018,Duval,FL,Passenger,1,2,3,382,385,0.78
July 31 2021,Hillsborough,FL,Passenger,0,2,2,145,147,1.36
March 31 2023,Harrison,MS,Passenger,1,0,1,34,35,2.86
June 30 2017,Flathead,MT,Passenger,1,0,1,61,62,1.61
November 30 2020,Okaloosa,FL,Passenger,0,1,1,143,144,0.69
July 31 2017,Orleans,LA,Passenger,0,1,1,47,48,2.08
April 30 2018,Santa Clara,CA,Passenger,6,1,7,386,393,1.78
March 31 2023,Benton,WA,Passenger,1041,534,1575,135745,137320,1.15
May 31 2017,Yakima,WA,Truck,0,0,0,57279,57279,0.00
June 30 2021,Stevens,WA,Passenger,45,45,90,30466,30556,0.29
November 30 2017,Pend Oreille,WA,Truck,0,0,0,5593,5593,0.00
June 30 2020,Yakima,WA,Truck,0,0,0,59891,59891,0.00
May 31 2019,Mason,WA,Passenger,121,120,241,47003,47244,0.51
January 31 2022,Santa Cruz,CA,Passenger,1,0,1,27,28,3.57
March 31 2023,Kent,DE,Passenger,1,0,1,47,48,2.08
February 28 2019,Collier,FL,Passenger,1,0,1,18,19,5.26
May 31 2022,Bartow,GA,Passenger,0,1,1,3,4,25.00
July 31 2018,Skagit,WA,Truck,1,0,1,32119,32120,0.00
December 31 2021,Prince William,VA,Passenger,1,1,2,206,208,0.96
February 28 2019,San Diego,CA,Passenger,10,3,13,2643,2656,0.49
June 30 2018,Volusia,FL,Passenger,0,1,1,36,37,2.70
May 31 2019,Cochise,AZ,Passenger,0,1,1,112,113,0.88
October 31 2022,Orange,NC,Passenger,0,1,1,5,6,16.67
January 31 2022,Moore,NC,Passenger,0,1,1,126,127,0.79
February 28 2018,Montgomery,MD,Passenger,1,0,1,303,304,0.33
February 28 2022,Los Angeles,CA,Passenger,9,7,16,853,869,1.84
December 31 2022,Douglas,WA,Truck,3,0,3,12816,12819,0.02
July 31 2018,Franklin,WA,Passenger,38,66,104,58175,58279,0.18
July 31 2023,Montgomery,MD,Passenger,5,3,8,175,183,4.37
November 30 2019,Palm Beach,FL,Passenger,0,1,1,82,83,1.20
September 30 2023,Asotin,WA,Passenger,40,25,65,12240,12305,0.53
September 30 2022,Klickitat,WA,Truck,2,0,2,8257,8259,0.02
March 31 2018,Island,WA,Truck,0,0,0,20848,20848,0.00
February 28 2019,Grays Harbor,WA,Truck,0,0,0,20318,20318,0.00
January 31 2021,Hennepin,MN,Passenger,2,0,2,80,82,2.44
June 30 2019,Moore,NC,Passenger,0,1,1,187,188,0.53
March 31 2020,Fort Bend,TX,Passenger,1,0,1,47,48,2.08
October 31 2021,Dorchester,SC,Passenger,1,0,1,69,70,1.43
September 30 2021,Hamilton,IN,Passenger,2,0,2,31,33,6.06
June 30 2017,Collier,FL,Passenger,1,0,1,21,22,4.55
November 30 2023,Grant,WA,Truck,13,0,13,26969,26982,0.05
December 31 2021,Douglas,WA,Passenger,116,56,172,28602,28774,0.60
March 31 2018,Contra Costa,CA,Passenger,0,1,1,461,462,0.22
September 30 2019,Pima,AZ,Passenger,2,1,3,395,398,0.75
July 31 2021,,,Passenger,3,2,5,335,340,1.47
December 31 2019,Skagit,WA,Truck,1,0,1,32565,32566,0.00
December 31 2020,Columbia,WA,Truck,0,0,0,1542,1542,0.00
August 31 2017,Wahkiakum,WA,Passenger,0,2,2,2834,2836,0.07
November 30 2018,Morris,NJ,Passenger,1,0,1,18,19,5.26
November 30 2023,Burlington,NJ,Passenger,2,2,4,78,82,4.88
October 31 2019,Dallas,TX,Passenger,1,0,1,215,216,0.46
February 28 2023,Nassau,NY,Passenger,2,0,2,24,26,7.69
September 30 2021,Thurston,WA,Passenger,1749,908,2657,197356,200013,1.33
April 30 2021,Snohomish,WA,Truck,1,0,1,126376,126377,0.00
February 28 2019,Island,WA,Passenger,294,232,526,63156,63682,0.83
October 31 2022,Grant,WA,Truck,2,0,2,28003,28005,0.01
May 31 2020,Kittitas,WA,Passenger,102,48,150,29777,29927,0.50
October 31 2023,Montgomery,MD,Passenger,5,4,9,168,177,5.08
March 31 2022,Sacramento,CA,Passenger,2,0,2,224,226,0.88
May 31 2021,Middlesex,MA,Passenger,1,1,2,95,97,2.06
April 30 2021,Camden,NJ,Passenger,0,1,1,15,16,6.25
October 31 2020,Ulster,NY,Passenger,1,0,1,12,13,7.69
March 31 2022,Marion,IA,Passenger,1,0,1,0,1,100.00
March 31 2020,Whitman,WA,Passenger,42,46,88,22474,22562,0.39
February 28 2017,Ferry,WA,Truck,0,0,0,3563,3563,0.00
July 31 2020,Bexar,TX,Passenger,4,5,9,614,623,1.44
November 30 2022,Douglas,WA,Truck,2,0,2,12798,12800,0.02
October 31 2023,Middlesex,MA,Passenger,2,1,3,57,60,5.00
March 31 2020,St. Louis,MO,Passenger,1,0,1,103,104,0.96
September 30 2023,St. Clair,IL,Passenger,1,0,1,86,87,1.15
July 31 2023,Travis,TX,Passenger,2,0,2,81,83,2.41
March 31 2021,Montgomery,TX,Passenger,1,1,2,51,53,3.77
July 31 2019,El Paso,TX,Passenger,3,0,3,490,493,0.61
August 31 2022,Sacramento,CA,Passenger,3,0,3,208,211,1.42
January 31 2019,Klamath,OR,Passenger,1,0,1,38,39,2.56
November 30 2022,Montgomery,PA,Passenger,1,0,1,20,21,4.76
January 31 2018,Essex,NJ,Passenger,1,0,1,12,13,7.69
November 30 2022,El Paso,TX,Passenger,3,0,3,324,327,0.92
December 31 2018,Cochise,AZ,Passenger,0,1,1,118,119,0.84
September 30 2020,El Paso,TX,Passenger,3,0,3,424,427,0.70
August 31 2022,Portsmouth,VA,Passenger,0,1,1,83,84,1.19
March 31 2023,Kitsap,WA,Truck,58,0,58,52666,52724,0.11
September 30 2023,Escambia,FL,Passenger,0,1,1,111,112,0.89
June 30 2020,Solano,CA,Passenger,1,0,1,214,215,0.47
January 31 2023,Lake,FL,Passenger,1,0,1,15,16,6.25
February 28 2023,Travis,TX,Passenger,3,0,3,87,90,3.33
April 30 2019,Jefferson,CO,Passenger,0,2,2,61,63,3.17
May 31 2022,Sedgwick,KS,Passenger,1,1,2,79,81,2.47
May 31 2019,Mercer,NJ,Passenger,0,1,1,19,20,5.00
June 30 2021,Bartow,GA,Passenger,0,1,1,3,4,25.00
December 31 2017,Thurston,WA,Passenger,470,391,861,190018,190879,0.45
April 30 2019,Chelan,WA,Passenger,147,66,213,54293,54506,0.39
August 31 2017,Thurston,WA,Truck,0,0,0,53430,53430,0.00
June 30 2019,Chelan,WA,Passenger,157,68,225,54352,54577,0.41
May 31 2018,Thurston,WA,Truck,0,0,0,54200,54200,0.00
February 28 2023,Kitsap,WA,Truck,49,0,49,52807,52856,0.09
November 30 2020,Adams,WA,Passenger,10,6,16,12940,12956,0.12
June 30 2017,Ramsey,MN,Passenger,1,0,1,43,44,2.27
October 31 2018,Palm Beach,FL,Passenger,0,1,1,89,90,1.11
July 31 2023,Lee,AL,Passenger,1,0,1,13,14,7.14
September 30 2019,Larimer,CO,Passenger,1,0,1,60,61,1.64
June 30 2022,Klickitat,WA,Truck,0,0,0,8288,8288,0.00
February 28 2017,San Juan,WA,Passenger,88,31,119,13402,13521,0.88
August 31 2022,Pierce,WA,Truck,34,0,34,140754,140788,0.02
February 28 2021,District of Columbia,DC,Passenger,3,1,4,198,202,1.98
October 31 2017,Adams,WA,Truck,0,0,0,5134,5134,0.00
September 30 2018,Walla Walla,WA,Truck,0,0,0,13493,13493,0.00
March 31 2017,Dane,WI,Passenger,1,0,1,154,155,0.65
December 31 2018,Twin Falls,ID,Passenger,0,1,1,24,25,4.00
August 31 2022,Anchorage,AK,Passenger,2,0,2,124,126,1.59
July 31 2022,Dorchester,SC,Passenger,1,0,1,54,55,1.82
January 31 2022,Asotin,WA,Passenger,23,17,40,12661,12701,0.31
November 30 2019,Montgomery,OH,Passenger,0,1,1,49,50,2.00
November 30 2017,Island,WA,Passenger,147,157,304,61327,61631,0.49
November 30 2021,Yakima,WA,Passenger,272,167,439,168610,169049,0.26
August 31 2023,Grays Harbor,WA,Passenger,329,199,528,47928,48456,1.09
May 31 2019,Hawaii,HI,Passenger,1,0,1,64,65,1.54
June 30 2018,Clark,NV,Passenger,2,2,4,748,752,0.53
October 31 2020,RÃ­o Grande,PR,Passenger,1,0,1,1,2,50.00
November 30 2021,Sarpy,NE,Passenger,1,0,1,64,65,1.54
October 31 2023,Whitman,WA,Truck,5,0,5,8543,8548,0.06
October 31 2018,Broward,FL,Passenger,2,1,3,138,141,2.13
March 31 2021,Deschutes,OR,Passenger,2,0,2,126,128,1.56
May 31 2022,Snohomish,WA,Passenger,8137,2473,10610,532816,543426,1.95
April 30 2019,Lewis,WA,Truck,0,0,0,25824,25824,0.00
September 30 2021,Prince George's,MD,Passenger,2,1,3,146,149,2.01
September 30 2020,Boone,MO,Passenger,0,1,1,10,11,9.09
July 31 2023,Ray,MO,Passenger,0,1,1,0,1,100.00
December 31 2022,Stevens,WA,Truck,2,0,2,18826,18828,0.01
June 30 2019,Thurston,WA,Truck,0,0,0,55125,55125,0.00
June 30 2019,Polk,FL,Passenger,1,0,1,69,70,1.43
May 31 2022,DuPage,IL,Passenger,1,1,2,50,52,3.85
October 31 2021,Hudson,NJ,Passenger,1,0,1,44,45,2.22
November 30 2017,Juneau,AK,Passenger,0,1,1,43,44,2.27
July 31 2019,Hawaii,HI,Passenger,1,0,1,61,62,1.61
April 30 2022,Okanogan,WA,Truck,0,0,0,16681,16681,0.00
December 31 2022,Island,WA,Truck,17,0,17,21207,21224,0.08
June 30 2018,Cowlitz,WA,Truck,0,0,0,28458,28458,0.00
January 31 2020,Contra Costa,CA,Passenger,3,2,5,333,338,1.48
July 31 2017,Jefferson,NY,Passenger,1,1,2,249,251,0.80
May 31 2019,Klamath,OR,Passenger,1,0,1,39,40,2.50
September 30 2017,Albemarle,VA,Passenger,0,1,1,32,33,3.03
November 30 2017,St. Lucie,FL,Passenger,1,0,1,26,27,3.70
April 30 2019,Pacific,WA,Truck,0,0,0,7656,7656,0.00
June 30 2021,Snohomish,WA,Passenger,5880,2046,7926,540190,548116,1.45
February 28 2023,Clallam,WA,Passenger,504,272,776,49326,50102,1.55
May 31 2022,Jefferson,WA,Truck,0,0,0,9492,9492,0.00
February 28 2018,Whitman,WA,Truck,0,0,0,8455,8455,0.00
December 31 2017,San Juan,WA,Passenger,132,43,175,13853,14028,1.25
December 31 2021,Solano,CA,Passenger,1,0,1,178,179,0.56
October 31 2021,Hawaii,HI,Passenger,1,0,1,45,46,2.17
November 30 2020,Garfield,WA,Truck,0,0,0,996,996,0.00
October 31 2022,Pacific,WA,Passenger,68,74,142,15732,15874,0.89
September 30 2023,Maricopa,AZ,Passenger,7,3,10,570,580,1.72
September 30 2019,Skamania,WA,Truck,0,0,0,4085,4085,0.00
September 30 2017,Honolulu,HI,Passenger,2,2,4,570,574,0.70
September 30 2023,New London,CT,Passenger,1,4,5,155,160,3.12
March 31 2018,Maui,HI,Passenger,1,0,1,63,64,1.56
March 31 2022,Wake,NC,Passenger,1,0,1,104,105,0.95
October 31 2023,Frederick,MD,Passenger,1,1,2,49,51,3.92
December 31 2020,Mercer,NJ,Passenger,0,1,1,13,14,7.14
October 31 2019,Lake,FL,Passenger,1,0,1,22,23,4.35
August 31 2018,Ventura,CA,Passenger,0,2,2,322,324,0.62
January 31 2020,Shelby,TN,Passenger,0,1,1,99,100,1.00
October 31 2017,Ferry,WA,Truck,0,0,0,3551,3551,0.00
August 31 2019,Asotin,WA,Passenger,12,7,19,12640,12659,0.15
January 31 2022,Houston,GA,Passenger,1,0,1,39,40,2.50
August 31 2022,Hudson,NJ,Passenger,2,0,2,34,36,5.56
March 31 2023,Kauai,HI,Passenger,1,1,2,15,17,11.76
August 31 2020,Eagle,CO,Passenger,1,0,1,9,10,10.00
October 31 2017,Mason,WA,Truck,0,0,0,19468,19468,0.00
April 30 2017,Clallam,WA,Truck,0,0,0,20960,20960,0.00
January 31 2019,Portsmouth,VA,Passenger,0,1,1,80,81,1.23
November 30 2018,Hardin,KY,Passenger,0,1,1,109,110,0.91
December 31 2017,DeKalb,GA,Passenger,1,0,1,90,91,1.10
June 30 2018,Norfolk,MA,Passenger,1,0,1,39,40,2.50
March 31 2019,San Juan,PR,Passenger,0,1,1,3,4,25.00
May 31 2019,Carson City,NV,Passenger,1,0,1,13,14,7.14
December 31 2020,DeKalb,IN,Passenger,1,0,1,0,1,100.00
November 30 2021,Benton,WA,Passenger,624,435,1059,135966,137025,0.77
May 31 2017,Mason,WA,Passenger,51,66,117,43294,43411,0.27
June 30 2018,Portsmouth,VA,Passenger,0,1,1,73,74,1.35
October 31 2019,Cowlitz,WA,Passenger,112,106,218,73563,73781,0.30
July 31 2020,Fresno,CA,Passenger,1,0,1,188,189,0.53
September 30 2018,St. Mary's,MD,Passenger,1,0,1,219,220,0.45
June 30 2022,Lake,IL,Passenger,2,0,2,143,145,1.38
November 30 2019,Charleston,SC,Passenger,1,0,1,112,113,0.88
March 31 2021,Yamhill,OR,Passenger,1,0,1,42,43,2.33
December 31 2019,Montgomery,PA,Passenger,2,0,2,35,37,5.41
September 30 2021,Oldham,KY,Passenger,0,1,1,4,5,20.00
August 31 2018,Garfield,WA,Passenger,1,1,2,1318,1320,0.15
October 31 2019,Klickitat,WA,Passenger,43,37,80,15662,15742,0.51
January 31 2017,Lincoln,WA,Passenger,2,4,6,7543,7549,0.08
July 31 2018,Island,WA,Truck,0,0,0,20981,20981,0.00
July 31 2022,Henrico,VA,Passenger,0,1,1,10,11,9.09
April 30 2021,Douglas,NE,Passenger,1,1,2,54,56,3.57
August 31 2023,Lake,IL,Passenger,3,0,3,110,113,2.65
September 30 2017,Santa Fe,NM,Passenger,0,1,1,43,44,2.27
October 31 2021,Penobscot,ME,Passenger,0,1,1,9,10,10.00
June 30 2022,Eagle,CO,Passenger,1,0,1,8,9,11.11
January 31 2023,Orange,CA,Passenger,9,3,12,339,351,3.42
February 29 2020,Montgomery,OH,Passenger,0,1,1,49,50,2.00
September 30 2020,Miami-Dade,FL,Passenger,1,0,1,105,106,0.94
January 31 2019,Norfolk,MA,Passenger,1,0,1,36,37,2.70
May 31 2018,Manassas,VA,Passenger,0,1,1,9,10,10.00
August 31 2017,Ramsey,MN,Passenger,1,0,1,41,42,2.38
March 31 2023,Stevens,WA,Truck,2,0,2,18774,18776,0.01
December 31 2022,San Bernardino,CA,Passenger,1,1,2,295,297,0.67
June 30 2020,Harnett,NC,Passenger,1,0,1,206,207,0.48
June 30 2019,Montgomery,PA,Passenger,2,0,2,37,39,5.13
October 31 2017,Montgomery,PA,Passenger,1,0,1,37,38,2.63
December 31 2020,Maui,HI,Passenger,2,0,2,29,31,6.45
December 31 2021,Carroll,MD,Passenger,0,1,1,18,19,5.26
September 30 2022,Pierce,WA,Passenger,5528,2425,7953,541392,549345,1.45
June 30 2019,Douglas,WA,Truck,0,0,0,12180,12180,0.00
February 28 2017,Dallas,TX,Passenger,1,0,1,212,213,0.47
June 30 2017,Island,WA,Passenger,117,137,254,60103,60357,0.42
September 30 2017,Lane,OR,Passenger,0,1,1,220,221,0.45
November 30 2021,Collin,TX,Passenger,2,0,2,107,109,1.83
November 30 2021,Frederick,MD,Passenger,1,1,2,73,75,2.67
February 28 2019,Flathead,MT,Passenger,1,0,1,62,63,1.59
February 28 2018,Skagit,WA,Passenger,172,145,317,89748,90065,0.35
June 30 2023,Whitman,WA,Passenger,150,80,230,22005,22235,1.03
January 31 2019,Okanogan,WA,Passenger,18,21,39,26051,26090,0.15
July 31 2022,Adams,WA,Truck,1,0,1,5458,5459,0.02
June 30 2020,Cumberland,NC,Passenger,0,3,3,474,477,0.63
November 30 2020,St. Mary's,MD,Passenger,1,0,1,220,221,0.45
March 31 2018,Columbia,WA,Passenger,2,1,3,2409,2412,0.12
August 31 2018,Skagit,WA,Truck,1,0,1,32230,32231,0.00
November 30 2021,San Juan,WA,Passenger,473,147,620,14189,14809,4.19
September 30 2021,DeKalb,GA,Passenger,1,0,1,64,65,1.54
August 31 2023,Richland,SC,Passenger,0,1,1,94,95,1.05
September 30 2018,Ada,ID,Passenger,0,2,2,325,327,0.61
April 30 2023,Moore,NC,Passenger,0,1,1,107,108,0.93
February 28 2021,Orange,NC,Passenger,0,1,1,10,11,9.09
June 30 2022,Plaquemines,LA,Passenger,1,1,2,17,19,10.53
May 31 2022,Powhatan,VA,Passenger,1,0,1,1,2,50.00
May 31 2023,Douglas,CO,Passenger,0,1,1,60,61,1.64
January 31 2017,Jefferson,WA,Passenger,87,53,140,23605,23745,0.59
April 30 2019,Pierce,WA,Passenger,1692,1485,3177,540817,543994,0.58
May 31 2017,Wahkiakum,WA,Truck,0,0,0,1643,1643,0.00
July 31 2018,Columbia,WA,Truck,0,0,0,1530,1530,0.00
September 30 2020,Jefferson,NY,Passenger,0,1,1,209,210,0.48
July 31 2017,Charles,MD,Passenger,0,1,1,87,88,1.14
May 31 2021,Monterey,CA,Passenger,0,1,1,150,151,0.66
January 31 2018,Okaloosa,FL,Passenger,1,0,1,181,182,0.55
June 30 2018,Kent,MI,Passenger,0,1,1,27,28,3.57
March 31 2019,Skamania,WA,Passenger,21,15,36,8719,8755,0.41
July 31 2018,Whatcom,WA,Truck,2,0,2,42314,42316,0.00
October 31 2021,St. Mary's,MD,Passenger,1,0,1,209,210,0.48
March 31 2018,Douglas,WA,Passenger,42,33,75,27417,27492,0.27
February 28 2021,Okanogan,WA,Truck,0,0,0,16625,16625,0.00
August 31 2022,Pend Oreille,WA,Truck,0,0,0,5634,5634,0.00
October 31 2021,Harrison,MS,Passenger,2,0,2,51,53,3.77
September 30 2019,Calvert,MD,Passenger,0,2,2,89,91,2.20
April 30 2020,Jefferson,CO,Passenger,0,1,1,60,61,1.64
February 28 2021,DuPage,IL,Passenger,2,1,3,57,60,5.00
July 31 2021,Howard,IN,Passenger,0,1,1,5,6,16.67
January 31 2020,Owyhee,ID,Passenger,1,0,1,3,4,25.00
May 31 2018,Okanogan,WA,Truck,0,0,0,16409,16409,0.00
August 31 2022,Okanogan,WA,Passenger,88,48,136,26300,26436,0.51
March 31 2020,Whatcom,WA,Truck,3,0,3,43024,43027,0.01
January 31 2022,Jefferson,WA,Passenger,384,197,581,24678,25259,2.30
April 30 2019,Cochise,AZ,Passenger,0,1,1,115,116,0.86
January 31 2017,Chelan,WA,Passenger,54,28,82,51899,51981,0.16
October 31 2018,Whitman,WA,Passenger,19,33,52,22741,22793,0.23
January 31 2022,San Juan,WA,Truck,1,0,1,6020,6021,0.02
June 30 2023,Richland,SC,Passenger,0,1,1,99,100,1.00
August 31 2022,Snohomish,WA,Passenger,8924,2593,11517,530943,542460,2.12
July 31 2022,,,Passenger,3,1,4,286,290,1.38
March 31 2018,Moore,NC,Passenger,0,1,1,198,199,0.50
August 31 2018,Sedgwick,KS,Passenger,0,1,1,102,103,0.97
June 30 2022,Henrico,VA,Passenger,0,1,1,10,11,9.09
February 28 2021,Lee,FL,Passenger,1,0,1,43,44,2.27
July 31 2023,Charlottesville,VA,Passenger,0,1,1,4,5,20.00
February 28 2022,Hillsborough,FL,Passenger,0,2,2,131,133,1.50
July 31 2017,Skagit,WA,Truck,1,0,1,31485,31486,0.00
August 31 2022,Jefferson,WA,Truck,3,0,3,9421,9424,0.03
May 31 2019,Skamania,WA,Passenger,23,17,40,8715,8755,0.46
February 28 2021,Garfield,WA,Passenger,0,2,2,1354,1356,0.15
April 30 2023,St. Mary's,MD,Passenger,1,0,1,173,174,0.57
October 31 2017,El Paso,TX,Passenger,1,0,1,530,531,0.19
March 31 2020,Ramsey,MN,Passenger,1,0,1,42,43,2.33
June 30 2021,Richmond,GA,Passenger,0,1,1,79,80,1.25
January 31 2022,Pend Oreille,WA,Truck,0,0,0,5727,5727,0.00
January 31 2019,Garfield,WA,Truck,0,0,0,961,961,0.00
September 30 2018,Skagit,WA,Truck,1,0,1,32262,32263,0.00
March 31 2018,Pierce,WA,Truck,0,0,0,137088,137088,0.00
April 30 2023,Asotin,WA,Passenger,34,21,55,12366,12421,0.44
August 31 2023,Okanogan,WA,Passenger,138,67,205,25994,26199,0.78
April 30 2021,Kittitas,WA,Passenger,153,58,211,29978,30189,0.70
June 30 2019,Honolulu,HI,Passenger,3,3,6,512,518,1.16
May 31 2019,Tarrant,TX,Passenger,2,0,2,209,211,0.95
February 28 2022,New Haven,CT,Passenger,0,2,2,34,36,5.56
November 30 2019,Rogers,OK,Passenger,1,0,1,6,7,14.29
September 30 2020,Clark,WA,Passenger,2174,1098,3272,318351,321623,1.02
May 31 2017,Maui,HI,Passenger,1,0,1,73,74,1.35
November 30 2019,Stevens,WA,Truck,0,0,0,18793,18793,0.00
November 30 2021,Yakima,WA,Truck,0,0,0,61711,61711,0.00
January 31 2023,Yakima,WA,Truck,8,0,8,61193,61201,0.01
March 31 2021,Travis,TX,Passenger,3,3,6,170,176,3.41
January 31 2020,Williamson,TX,Passenger,0,2,2,151,153,1.31
August 31 2018,Clay,FL,Passenger,0,1,1,91,92,1.09
March 31 2022,San Luis Obispo,CA,Passenger,1,0,1,59,60,1.67
December 31 2017,Orleans,LA,Passenger,0,1,1,47,48,2.08
October 31 2022,Hamilton,OH,Passenger,1,0,1,34,35,2.86
July 31 2017,Spokane,WA,Passenger,262,213,475,296634,297109,0.16
October 31 2019,San Mateo,CA,Passenger,1,1,2,127,129,1.55
February 28 2018,District of Columbia,DC,Passenger,0,3,3,192,195,1.54
January 31 2019,Yakima,WA,Truck,0,0,0,58926,58926,0.00
November 30 2023,San Juan,WA,Truck,22,0,22,5718,5740,0.38
January 31 2022,Anne Arundel,MD,Passenger,4,1,5,364,369,1.36
June 30 2020,El Paso,TX,Passenger,3,0,3,427,430,0.70
March 31 2020,Jones,GA,Passenger,1,0,1,1,2,50.00
January 31 2019,Spartanburg,SC,Passenger,0,1,1,35,36,2.78
January 31 2022,Richmond,GA,Passenger,0,1,1,74,75,1.33
February 28 2022,Maui,HI,Passenger,1,0,1,27,28,3.57
March 31 2018,Thurston,WA,Passenger,518,432,950,191127,192077,0.49
October 31 2017,Shelby,TN,Passenger,0,1,1,107,108,0.93
August 31 2019,Asotin,WA,Truck,0,0,0,6684,6684,0.00
May 31 2018,Brevard,FL,Passenger,0,1,1,101,102,0.98
July 31 2020,Rockingham,NH,Passenger,1,0,1,21,22,4.55
September 30 2017,Wayne,MI,Passenger,0,1,1,69,70,1.43
August 31 2022,Spokane,WA,Passenger,1741,881,2622,324395,327017,0.80
July 31 2018,Ramsey,MN,Passenger,1,0,1,42,43,2.33
November 30 2019,Asotin,WA,Truck,0,0,0,6694,6694,0.00
March 31 2019,Moore,NC,Passenger,0,1,1,179,180,0.56
October 31 2022,Jackson,OK,Passenger,0,1,1,30,31,3.23
May 31 2023,Rockdale,GA,Passenger,1,0,1,5,6,16.67
July 31 2021,Douglas,CO,Passenger,0,1,1,82,83,1.20
June 30 2022,Ferry,WA,Truck,0,0,0,3575,3575,0.00
May 31 2018,Maui,HI,Passenger,1,0,1,58,59,1.69
November 30 2017,Northampton,PA,Passenger,0,1,1,66,67,1.49
March 31 2018,Nassau,NY,Passenger,1,0,1,37,38,2.63
September 30 2022,Riverside,CA,Passenger,7,0,7,438,445,1.57
January 31 2020,Dakota,MN,Passenger,0,1,1,33,34,2.94
March 31 2020,DeKalb,IN,Passenger,1,0,1,1,2,50.00
January 31 2019,Columbia,WA,Truck,0,0,0,1529,1529,0.00
December 31 2018,Ramsey,MN,Passenger,1,0,1,41,42,2.38
February 28 2017,Maui,HI,Passenger,1,0,1,72,73,1.37
November 30 2020,Manassas,VA,Passenger,0,1,1,6,7,14.29
September 30 2017,Orleans,LA,Passenger,0,1,1,45,46,2.17
February 29 2020,Montgomery,AL,Passenger,0,1,1,38,39,2.56
August 31 2019,Albemarle,VA,Passenger,1,0,1,22,23,4.35
May 31 2020,Monroe,IL,Passenger,1,0,1,3,4,25.00
December 31 2021,San Diego,CA,Passenger,18,8,26,2528,2554,1.02
January 31 2017,Douglas,WA,Truck,0,0,0,11425,11425,0.00
June 30 2021,Skamania,WA,Truck,0,0,0,4027,4027,0.00
October 31 2022,Washington,OR,Passenger,1,0,1,287,288,0.35
December 31 2022,Sarpy,NE,Passenger,1,0,1,53,54,1.85
February 29 2020,Owyhee,ID,Passenger,1,0,1,3,4,25.00
June 30 2022,Clinton,PA,Passenger,1,0,1,1,2,50.00
May 31 2022,Yakima,WA,Truck,0,0,0,61416,61416,0.00
May 31 2020,Sedgwick,KS,Passenger,1,1,2,96,98,2.04
September 30 2021,Kittitas,WA,Truck,0,0,0,14782,14782,0.00
April 30 2021,Asotin,WA,Passenger,19,14,33,12652,12685,0.26
October 31 2017,Virginia Beach,VA,Passenger,2,1,3,655,658,0.46
June 30 2017,Charles,MD,Passenger,0,1,1,89,90,1.11
June 30 2022,Richmond,NY,Passenger,1,0,1,4,5,20.00
June 30 2021,San Francisco,CA,Passenger,0,1,1,94,95,1.05
January 31 2022,Carson City,NV,Passenger,1,0,1,9,10,10.00
April 30 2023,Elmore,ID,Passenger,1,0,1,12,13,7.69
July 31 2019,Montgomery,MD,Passenger,1,0,1,283,284,0.35
July 31 2020,Santa Clara,CA,Passenger,8,2,10,296,306,3.27
October 31 2020,Franklin,WA,Passenger,73,78,151,61088,61239,0.25
November 30 2021,King,WA,Truck,6,1,7,183295,183302,0.00
February 28 2022,Clallam,WA,Truck,1,0,1,22094,22095,0.00
May 31 2022,Kings,NY,Passenger,1,0,1,61,62,1.61
March 31 2019,El Paso,TX,Passenger,2,0,2,498,500,0.40
April 30 2021,Suffolk,VA,Passenger,1,0,1,126,127,0.79
June 30 2021,Harris,TX,Passenger,1,1,2,207,209,0.96
May 31 2022,Burlington,NJ,Passenger,0,2,2,107,109,1.83
June 30 2019,Clay,FL,Passenger,0,1,1,86,87,1.15
August 31 2023,Harford,MD,Passenger,1,1,2,44,46,4.35
April 30 2020,Manassas,VA,Passenger,0,1,1,6,7,14.29
June 30 2023,Washtenaw,MI,Passenger,0,1,1,21,22,4.55
December 31 2021,Grant,WA,Truck,0,0,0,27991,27991,0.00
April 30 2019,Douglas,WA,Passenger,55,34,89,27970,28059,0.32
October 31 2021,Kittitas,WA,Truck,0,0,0,14773,14773,0.00
December 31 2021,Whatcom,WA,Passenger,1643,673,2316,149924,152240,1.52
March 31 2021,Stevens,WA,Passenger,38,43,81,30305,30386,0.27
January 31 2018,Benton,WA,Passenger,175,179,354,130619,130973,0.27
May 31 2020,Kern,CA,Passenger,0,1,1,225,226,0.44
September 30 2023,Whitman,WA,Passenger,176,87,263,21822,22085,1.19
September 30 2023,Kings,CA,Passenger,2,2,4,260,264,1.52
June 30 2020,Nueces,TX,Passenger,1,0,1,82,83,1.20
April 30 2017,Jackson,MO,Passenger,1,0,1,69,70,1.43
April 30 2023,Polk,OR,Passenger,1,1,2,16,18,11.11
August 31 2019,Powhatan,VA,Passenger,1,0,1,0,1,100.00
April 30 2021,Ventura,CA,Passenger,1,2,3,281,284,1.06
February 28 2019,Anne Arundel,MD,Passenger,0,1,1,449,450,0.22
March 31 2022,Pacific,WA,Passenger,61,68,129,15991,16120,0.80
February 28 2019,San Mateo,CA,Passenger,2,1,3,130,133,2.26
January 31 2021,Klamath,OR,Passenger,1,0,1,33,34,2.94
June 30 2018,Hamilton,IN,Passenger,1,0,1,46,47,2.13
March 31 2023,Meade,KY,Passenger,1,0,1,16,17,5.88
September 30 2020,Larimer,CO,Passenger,1,0,1,51,52,1.92
November 30 2019,Fairbanks North Star,AK,Passenger,0,1,1,97,98,1.02
December 31 2017,Kittitas,WA,Truck,0,0,0,13804,13804,0.00
December 31 2018,Bexar,TX,Passenger,3,4,7,716,723,0.97
July 31 2022,Clark,WA,Truck,9,0,9,82515,82524,0.01
March 31 2017,Clallam,WA,Passenger,77,65,142,48074,48216,0.29
May 31 2021,Flathead,MT,Passenger,1,0,1,52,53,1.89
April 30 2018,Manatee,FL,Passenger,1,0,1,39,40,2.50
July 31 2023,Washtenaw,MI,Passenger,0,1,1,20,21,4.76
May 31 2023,Williamson,TX,Passenger,0,1,1,50,51,1.96
July 31 2018,Lumpkin,GA,Passenger,1,0,1,7,8,12.50
June 30 2018,Clark,WA,Truck,0,0,0,79118,79118,0.00
August 31 2021,Stevens,WA,Passenger,48,44,92,30270,30362,0.30
December 31 2019,King,WA,Truck,6,1,7,182197,182204,0.00
June 30 2023,Mason,WA,Truck,11,0,11,20711,20722,0.05
June 30 2020,Hamilton,IN,Passenger,1,0,1,42,43,2.33
July 31 2017,Hardin,KY,Passenger,0,1,1,118,119,0.84
April 30 2021,Hawaii,HI,Passenger,1,0,1,52,53,1.89
November 30 2021,Charleston,SC,Passenger,2,1,3,84,87,3.45
November 30 2021,Santa Cruz,CA,Passenger,1,0,1,26,27,3.70
September 30 2022,Kootenai,ID,Truck,1,0,1,34,35,2.86
May 31 2021,Sumter,FL,Passenger,0,1,1,10,11,9.09
October 31 2020,Dallas,IA,Passenger,0,1,1,10,11,9.09
April 30 2018,Lake,CA,Passenger,0,1,1,8,9,11.11
May 31 2017,DeKalb,IN,Passenger,1,0,1,1,2,50.00
October 31 2019,Spokane,WA,Passenger,615,464,1079,314287,315366,0.34
December 31 2022,Los Angeles,CA,Passenger,5,6,11,715,726,1.52
November 30 2020,Maricopa,AZ,Passenger,5,8,13,1390,1403,0.93
October 31 2017,Gwinnett,GA,Passenger,0,1,1,89,90,1.11
October 31 2020,Yakima,WA,Passenger,158,122,280,166869,167149,0.17
November 30 2021,Burlington,NJ,Passenger,0,1,1,118,119,0.84
February 28 2017,Madison,ID,Passenger,1,0,1,43,44,2.27
October 31 2022,Solano,CA,Passenger,2,0,2,158,160,1.25
October 31 2021,Montgomery,PA,Passenger,2,0,2,23,25,8.00
November 30 2017,Richmond,GA,Passenger,0,1,1,91,92,1.09
June 30 2023,Garfield,WA,Passenger,1,3,4,1302,1306,0.31
December 31 2019,Bexar,TX,Passenger,1,5,6,663,669,0.90
September 30 2017,Lewis,WA,Passenger,53,38,91,56022,56113,0.16
July 31 2019,Walla Walla,WA,Passenger,52,61,113,36205,36318,0.31
August 31 2021,Snohomish,WA,Truck,1,0,1,125982,125983,0.00
June 30 2020,,,Passenger,5,1,6,376,382,1.57
August 31 2020,Skamania,WA,Passenger,31,21,52,8372,8424,0.62
May 31 2018,St. Clair,IL,Passenger,0,1,1,152,153,0.65
September 30 2022,Allen,IN,Passenger,1,0,1,18,19,5.26
March 31 2022,Sarpy,NE,Passenger,1,0,1,59,60,1.67
January 31 2023,Bryan,GA,Passenger,0,1,1,33,34,2.94
June 30 2018,Adams,WA,Truck,0,0,0,5164,5164,0.00
March 31 2022,Skagit,WA,Passenger,730,326,1056,90455,91511,1.15
June 30 2022,Escambia,FL,Passenger,0,1,1,134,135,0.74
April 30 2023,Kittitas,WA,Truck,8,0,8,14535,14543,0.06
September 30 2017,Alameda,CA,Passenger,0,1,1,356,357,0.28
May 31 2017,Jefferson,WA,Passenger,103,59,162,23818,23980,0.68
September 30 2020,Walla Walla,WA,Truck,0,0,0,13787,13787,0.00
January 31 2019,Clark,WA,Truck,0,0,0,79962,79962,0.00
May 31 2019,Cook,IL,Passenger,1,0,1,250,251,0.40
December 31 2017,Montgomery,PA,Passenger,1,0,1,38,39,2.56
July 31 2020,Asotin,WA,Passenger,16,12,28,12375,12403,0.23
November 30 2017,Columbia,WA,Truck,0,0,0,1537,1537,0.00
September 30 2020,Garfield,WA,Truck,0,0,0,986,986,0.00
January 31 2017,Pima,AZ,Passenger,0,2,2,478,480,0.42
February 28 2023,Lee,AL,Passenger,1,0,1,15,16,6.25
June 30 2020,Williams,ND,Passenger,0,1,1,11,12,8.33
September 30 2021,Meade,KY,Passenger,1,0,1,24,25,4.00
April 30 2023,Dorchester,SC,Passenger,1,0,1,43,44,2.27
December 31 2022,San Juan,WA,Passenger,561,170,731,13898,14629,5.00
September 30 2017,Portsmouth,VA,Passenger,0,1,1,65,66,1.52
May 31 2022,Leavenworth,KS,Passenger,0,1,1,107,108,0.93
March 31 2023,Norfolk,VA,Passenger,3,2,5,279,284,1.76
December 31 2022,Anne Arundel,MD,Passenger,4,3,7,313,320,2.19
November 30 2022,Portsmouth,VA,Passenger,0,1,1,81,82,1.22
October 31 2022,Fairfax,VA,Passenger,7,3,10,595,605,1.65
October 31 2019,Douglas,NE,Passenger,0,1,1,60,61,1.64
November 30 2018,Brevard,FL,Passenger,0,1,1,100,101,0.99
January 31 2022,Spartanburg,SC,Passenger,0,1,1,47,48,2.08
July 31 2022,Las Animas,CO,Passenger,1,0,1,1,2,50.00
November 30 2022,Okanogan,WA,Truck,2,0,2,16466,16468,0.01
June 30 2020,Columbia,WA,Truck,0,0,0,1531,1531,0.00
March 31 2022,Multnomah,OR,Passenger,1,4,5,589,594,0.84
January 31 2022,Calvert,MD,Passenger,0,2,2,78,80,2.50
November 30 2020,Washoe,NV,Passenger,1,0,1,110,111,0.90
November 30 2019,Suffolk,MA,Passenger,0,1,1,37,38,2.63
June 30 2021,Marion,IA,Passenger,1,0,1,1,2,50.00
July 31 2021,Carroll,NH,Passenger,0,1,1,5,6,16.67
May 31 2019,Grant,WA,Passenger,39,59,98,64558,64656,0.15
December 31 2021,Island,WA,Truck,0,0,0,21500,21500,0.00
April 30 2019,Kootenai,ID,Passenger,1,1,2,215,217,0.92
August 31 2022,Berkeley,SC,Passenger,0,1,1,120,121,0.83
October 31 2019,Lee,FL,Passenger,1,0,1,54,55,1.82
July 31 2021,Larimer,CO,Passenger,1,0,1,49,50,2.00
January 31 2017,Skamania,WA,Truck,0,0,0,3908,3908,0.00
December 31 2021,Lincoln,WA,Truck,0,0,0,4821,4821,0.00
August 31 2023,Kittitas,WA,Truck,10,0,10,14496,14506,0.07
March 31 2018,,,Passenger,2,2,4,435,439,0.91
September 30 2021,Saratoga,NY,Passenger,1,0,1,44,45,2.22
October 31 2018,San Mateo,CA,Passenger,1,1,2,132,134,1.49
August 31 2023,Garfield,WA,Passenger,0,3,3,1300,1303,0.23
February 28 2018,Skagit,WA,Truck,1,0,1,31814,31815,0.00
December 31 2018,Pacific,WA,Passenger,21,25,46,15828,15874,0.29
August 31 2017,Los Angeles,CA,Passenger,3,2,5,1266,1271,0.39
September 30 2019,Wahkiakum,WA,Passenger,2,3,5,3049,3054,0.16
March 31 2023,Travis,TX,Passenger,3,0,3,86,89,3.37
December 31 2021,Williams,ND,Passenger,0,1,1,8,9,11.11
November 30 2017,Lumpkin,GA,Passenger,1,0,1,9,10,10.00
January 31 2022,Flathead,MT,Passenger,1,0,1,48,49,2.04
October 31 2023,Ulster,NY,Passenger,1,0,1,5,6,16.67
February 28 2023,Ferry,WA,Truck,0,0,0,3573,3573,0.00
July 31 2019,Pend Oreille,WA,Truck,0,0,0,5728,5728,0.00
May 31 2022,Duval,FL,Passenger,0,2,2,295,297,0.67
July 31 2019,DuPage,IL,Passenger,3,0,3,60,63,4.76
October 31 2019,Fulton,GA,Passenger,0,2,2,101,103,1.94
August 31 2023,Fulton,GA,Passenger,1,0,1,47,48,2.08
December 31 2017,Marin,CA,Passenger,1,0,1,59,60,1.67
December 31 2017,Mercer,NJ,Passenger,0,1,1,18,19,5.26
May 31 2022,Clinton,PA,Passenger,1,0,1,1,2,50.00
January 31 2017,Kitsap,WA,Passenger,556,262,818,172400,173218,0.47
March 31 2021,Pacific,WA,Passenger,39,40,79,15912,15991,0.49
October 31 2021,Chelan,WA,Truck,0,0,0,23074,23074,0.00
June 30 2018,Richland,SC,Passenger,0,1,1,170,171,0.58
January 31 2021,Norfolk,VA,Passenger,2,3,5,340,345,1.45
July 31 2022,Collin,TX,Passenger,3,0,3,79,82,3.66
July 31 2022,Parker,TX,Passenger,0,1,1,19,20,5.00
April 30 2023,Marin,CA,Passenger,0,1,1,30,31,3.23
August 31 2022,Bartow,GA,Passenger,0,1,1,3,4,25.00
July 31 2023,King,WA,Passenger,59481,14916,74397,1320349,1394746,5.33
November 30 2021,Benton,WA,Truck,0,0,0,43641,43641,0.00
December 31 2018,Grays Harbor,WA,Passenger,62,72,134,47462,47596,0.28
May 31 2018,Clackamas,OR,Passenger,0,1,1,225,226,0.44
August 31 2017,Franklin,WA,Truck,0,0,0,18230,18230,0.00
March 31 2020,San Mateo,CA,Passenger,0,1,1,122,123,0.81
April 30 2017,Whitman,WA,Passenger,9,19,28,21962,21990,0.13
April 30 2019,Douglas,NE,Passenger,0,1,1,64,65,1.54
December 31 2020,Cumberland,NC,Passenger,0,3,3,454,457,0.66
May 31 2019,Ada,ID,Passenger,0,2,2,319,321,0.62
November 30 2018,,,Passenger,4,2,6,423,429,1.40
September 30 2023,Suffolk,VA,Passenger,1,0,1,88,89,1.12
July 31 2023,Orange,FL,Passenger,1,0,1,53,54,1.85
March 31 2023,Lee,AL,Passenger,1,0,1,15,16,6.25
June 30 2022,Howard,IN,Passenger,0,1,1,4,5,20.00
March 31 2019,Collier,FL,Passenger,1,0,1,18,19,5.26
July 31 2022,Pend Oreille,WA,Passenger,18,12,30,9030,9060,0.33
June 30 2021,Whatcom,WA,Passenger,1419,602,2021,150795,152816,1.32
July 31 2023,Fairfax,VA,Passenger,6,3,9,532,541,1.66
February 29 2020,Prince George's,MD,Passenger,1,1,2,175,177,1.13
July 31 2020,Sacramento,CA,Passenger,1,0,1,276,277,0.36
October 31 2019,Clark,WA,Passenger,1782,1016,2798,316924,319722,0.88
November 30 2023,Stevens,WA,Passenger,134,74,208,28581,28789,0.72
April 30 2018,Latah,ID,Passenger,0,1,1,81,82,1.22
October 31 2017,Wahkiakum,WA,Truck,0,0,0,1672,1672,0.00
August 31 2018,Virginia Beach,VA,Passenger,2,1,3,697,700,0.43
August 31 2021,San Francisco,CA,Passenger,0,1,1,93,94,1.06
March 31 2023,Yavapai,AZ,Passenger,0,1,1,22,23,4.35
November 30 2023,Rockdale,GA,Passenger,1,0,1,5,6,16.67
January 31 2022,Whatcom,WA,Passenger,1665,673,2338,149458,151796,1.54
May 31 2022,Pima,AZ,Passenger,1,0,1,242,243,0.41
January 31 2017,Los Angeles,CA,Passenger,3,1,4,1479,1483,0.27
January 31 2020,San Diego,CA,Passenger,11,6,17,2787,2804,0.61
February 29 2020,San Diego,CA,Passenger,12,6,18,2786,2804,0.64
February 28 2021,Island,WA,Passenger,546,296,842,62814,63656,1.32
October 31 2020,Clark,NV,Passenger,4,2,6,672,678,0.88
January 31 2023,Palm Beach,FL,Passenger,1,0,1,46,47,2.13
January 31 2021,Missoula,MT,Passenger,1,0,1,66,67,1.49
June 30 2023,Sarasota,FL,Passenger,1,0,1,18,19,5.26
August 31 2023,Placer,CA,Passenger,1,0,1,57,58,1.72
September 30 2021,Mercer,NJ,Passenger,0,1,1,12,13,7.69
October 31 2021,Walla Walla,WA,Passenger,132,81,213,36360,36573,0.58
November 30 2017,Klickitat,WA,Truck,0,0,0,7997,7997,0.00
August 31 2020,Fairfax,VA,Passenger,5,3,8,747,755,1.06
February 28 2018,Asotin,WA,Passenger,8,5,13,12585,12598,0.10
May 31 2020,Hennepin,MN,Passenger,3,0,3,89,92,3.26
March 31 2019,Portsmouth,VA,Passenger,0,1,1,76,77,1.30
March 31 2023,Shasta,CA,Passenger,1,0,1,22,23,4.35
September 30 2018,Kootenai,ID,Passenger,0,1,1,215,216,0.46
April 30 2023,Denton,TX,Passenger,1,0,1,48,49,2.04
April 30 2021,Boone,MO,Passenger,0,1,1,9,10,10.00
June 30 2017,Hamilton,IN,Passenger,1,0,1,58,59,1.69
February 28 2023,Bell,TX,Passenger,1,0,1,286,287,0.35
September 30 2017,Grant,WA,Truck,0,0,0,25423,25423,0.00
February 28 2022,Saratoga,NY,Passenger,1,0,1,41,42,2.38
November 30 2021,Multnomah,OR,Passenger,2,6,8,636,644,1.24
February 28 2022,Skagit,WA,Truck,1,0,1,32626,32627,0.00
April 30 2017,Santa Rosa,FL,Passenger,1,0,1,111,112,0.89
June 30 2021,Stafford,VA,Passenger,2,1,3,101,104,2.88
June 30 2017,San Diego,CA,Passenger,5,1,6,2730,2736,0.22
September 30 2019,Cochise,AZ,Passenger,0,1,1,106,107,0.93
October 31 2021,Pend Oreille,WA,Truck,0,0,0,5683,5683,0.00
March 31 2021,San Juan,WA,Truck,0,0,0,5881,5881,0.00
August 31 2018,Polk,FL,Passenger,1,0,1,65,66,1.52
May 31 2021,Orange,CA,Passenger,4,3,7,452,459,1.53
October 31 2018,Stevens,WA,Truck,0,0,0,18717,18717,0.00
September 30 2019,Hawaii,HI,Passenger,1,0,1,59,60,1.67
May 31 2020,Snohomish,WA,Passenger,4401,1747,6148,533808,539956,1.14
October 31 2021,Jefferson,WA,Truck,0,0,0,9591,9591,0.00
November 30 2018,Suffolk,MA,Passenger,0,1,1,44,45,2.22
September 30 2023,Williamsburg,VA,Passenger,0,1,1,5,6,16.67
March 31 2022,Carson City,NV,Passenger,1,0,1,8,9,11.11
March 31 2021,New Haven,CT,Passenger,0,2,2,35,37,5.41
November 30 2019,Monroe,IL,Passenger,1,0,1,3,4,25.00
October 31 2017,Spokane,WA,Passenger,286,238,524,298882,299406,0.18
October 31 2023,King,WA,Passenger,65698,15971,81669,1300094,1381763,5.91
November 30 2021,Lewis,WA,Truck,0,0,0,26712,26712,0.00
September 30 2021,Stevens,WA,Truck,0,0,0,18885,18885,0.00
April 30 2019,Grays Harbor,WA,Truck,0,0,0,20395,20395,0.00
December 31 2020,San Juan,WA,Truck,0,0,0,5870,5870,0.00
February 29 2020,Alameda,CA,Passenger,3,1,4,290,294,1.36
March 31 2023,Alameda,CA,Passenger,4,0,4,174,178,2.25
November 30 2021,St. Louis,MO,Passenger,1,0,1,74,75,1.33
December 31 2017,New Haven,CT,Passenger,0,1,1,54,55,1.82
January 31 2021,Howard,MD,Passenger,0,1,1,67,68,1.47
April 30 2018,Orleans,LA,Passenger,0,1,1,48,49,2.04
September 30 2022,Penobscot,ME,Passenger,0,1,1,9,10,10.00
September 30 2022,Jackson,OK,Passenger,0,1,1,30,31,3.23
August 31 2021,Lewis,WA,Truck,0,0,0,26743,26743,0.00
October 31 2019,Mason,WA,Truck,0,0,0,20463,20463,0.00
June 30 2018,San Juan,WA,Passenger,145,61,206,14067,14273,1.44
October 31 2023,Thurston,WA,Passenger,3579,1314,4893,186409,191302,2.56
March 31 2017,Pierce,WA,Truck,0,0,0,138166,138166,0.00
December 31 2019,Riverside,CA,Passenger,4,1,5,635,640,0.78
October 31 2017,Okanogan,WA,Truck,0,0,0,16245,16245,0.00
March 31 2020,Kitsap,WA,Truck,1,0,1,54208,54209,0.00
September 30 2018,Clay,FL,Passenger,0,1,1,89,90,1.11
June 30 2018,Nueces,TX,Passenger,1,1,2,88,90,2.22
January 31 2022,Stafford,VA,Passenger,2,1,3,94,97,3.09
February 28 2017,DeKalb,GA,Passenger,1,0,1,85,86,1.16
April 30 2022,Alexandria,VA,Passenger,4,0,4,108,112,3.57
June 30 2020,Sarasota,FL,Passenger,2,0,2,28,30,6.67
October 31 2020,Klickitat,WA,Passenger,59,44,103,15000,15103,0.68
May 31 2023,Charles,MD,Passenger,1,1,2,53,55,3.64
May 31 2021,Prince William,VA,Passenger,1,1,2,218,220,0.91
April 30 2021,Multnomah,OR,Passenger,2,5,7,677,684,1.02
December 31 2017,Ferry,WA,Truck,0,0,0,3525,3525,0.00
September 30 2019,Pend Oreille,WA,Truck,0,0,0,5710,5710,0.00
June 30 2023,Onslow,NC,Passenger,0,1,1,144,145,0.69
October 31 2019,Polk,FL,Passenger,1,0,1,68,69,1.45
September 30 2021,New Haven,CT,Passenger,0,2,2,33,35,5.71
September 30 2020,Powhatan,VA,Passenger,1,0,1,0,1,100.00
July 31 2023,Island,WA,Passenger,1113,446,1559,60908,62467,2.50
May 31 2023,Walla Walla,WA,Truck,5,0,5,13757,13762,0.04
July 31 2019,Wahkiakum,WA,Passenger,2,2,4,3006,3010,0.13
February 28 2021,Orange,FL,Passenger,1,0,1,113,114,0.88
June 30 2018,Collin,TX,Passenger,1,0,1,162,163,0.61
May 31 2021,Norfolk,VA,Passenger,2,3,5,332,337,1.48
December 31 2017,San Juan,WA,Truck,0,0,0,5601,5601,0.00
July 31 2018,Kitsap,WA,Truck,1,0,1,53374,53375,0.00
February 28 2022,Pinellas,FL,Passenger,0,1,1,89,90,1.11
January 31 2022,Columbia,WA,Truck,0,0,0,1556,1556,0.00
February 28 2023,Burlington,NJ,Passenger,2,2,4,93,97,4.12
December 31 2018,Montgomery,PA,Passenger,2,0,2,35,37,5.41
March 31 2022,Santa Cruz,CA,Passenger,1,0,1,28,29,3.45
April 30 2021,Sevier,AR,Passenger,0,1,1,0,1,100.00
September 30 2019,Richmond,GA,Passenger,0,1,1,94,95,1.05
October 31 2019,Columbia,WA,Passenger,3,2,5,2436,2441,0.20
March 31 2021,Stevens,WA,Truck,0,0,0,18793,18793,0.00
July 31 2023,Walla Walla,WA,Truck,6,0,6,13638,13644,0.04
October 31 2020,Spokane,WA,Truck,0,0,0,100188,100188,0.00
July 31 2022,Yakima,WA,Passenger,353,198,551,166628,167179,0.33
January 31 2017,Prince William,VA,Passenger,0,3,3,283,286,1.05
January 31 2019,Whatcom,WA,Passenger,778,375,1153,149685,150838,0.76
September 30 2017,Allegheny,PA,Passenger,1,0,1,88,89,1.12
November 30 2021,Carson City,NV,Passenger,1,0,1,9,10,10.00
September 30 2023,Sarpy,NE,Passenger,1,0,1,47,48,2.08
May 31 2022,Parker,TX,Passenger,0,1,1,20,21,4.76
May 31 2017,Mercer,NJ,Passenger,0,1,1,19,20,5.00
February 29 2020,Putnam,TN,Passenger,0,1,1,3,4,25.00
November 30 2018,Denver,CO,Passenger,1,0,1,128,129,0.78
June 30 2019,Washoe,NV,Passenger,2,0,2,120,122,1.64
December 31 2020,Lake,IL,Passenger,2,0,2,167,169,1.18
February 28 2021,Arlington,VA,Passenger,0,1,1,145,146,0.68
May 31 2017,Spokane,WA,Truck,1,0,1,90326,90327,0.00
October 31 2019,Palm Beach,FL,Passenger,0,1,1,82,83,1.20
July 31 2022,Miami-Dade,FL,Passenger,1,0,1,75,76,1.32
September 30 2023,Benton,OR,Passenger,1,0,1,26,27,3.70
May 31 2017,Grant,WA,Passenger,20,25,45,60673,60718,0.07
October 31 2019,Garfield,WA,Passenger,0,1,1,1300,1301,0.08
December 31 2018,Asotin,WA,Truck,0,0,0,6634,6634,0.00
October 31 2023,Pacific,WA,Truck,5,0,5,7711,7716,0.06
December 31 2021,Hudson,NJ,Passenger,2,0,2,41,43,4.65
June 30 2018,Latah,ID,Passenger,0,1,1,77,78,1.28
November 30 2018,Larimer,CO,Passenger,1,0,1,61,62,1.61
April 30 2023,Whatcom,WA,Passenger,2341,860,3201,147777,150978,2.12
March 31 2020,Whatcom,WA,Passenger,1057,490,1547,151185,152732,1.01
July 31 2018,Nueces,TX,Passenger,1,1,2,88,90,2.22
September 30 2018,Maricopa,AZ,Passenger,2,2,4,1599,1603,0.25
March 31 2019,Jefferson,WA,Truck,0,0,0,9643,9643,0.00
March 31 2020,Clay,FL,Passenger,0,1,1,82,83,1.20
February 28 2019,Gwinnett,GA,Passenger,0,1,1,79,80,1.25
June 30 2020,DeKalb,GA,Passenger,1,0,1,85,86,1.16
June 30 2022,Montgomery,PA,Passenger,2,0,2,22,24,8.33
July 31 2019,Whitman,WA,Passenger,33,45,78,22695,22773,0.34
March 31 2022,Kitsap,WA,Truck,1,0,1,53958,53959,0.00
August 31 2022,Benton,WA,Truck,5,0,5,43399,43404,0.01
August 31 2020,Salt Lake,UT,Passenger,0,1,1,189,190,0.53
April 30 2020,Queens,NY,Passenger,1,0,1,54,55,1.82
March 31 2021,Owyhee,ID,Passenger,1,0,1,3,4,25.00
March 31 2017,,,Passenger,2,0,2,458,460,0.43
November 30 2017,Skamania,WA,Truck,0,0,0,3894,3894,0.00
February 28 2017,Chelan,WA,Truck,0,0,0,21249,21249,0.00
December 31 2018,Whitman,WA,Truck,0,0,0,8545,8545,0.00
March 31 2023,Gwinnett,GA,Passenger,1,0,1,48,49,2.04
October 31 2020,Hampshire,MA,Passenger,1,0,1,7,8,12.50
March 31 2021,Albemarle,VA,Passenger,1,0,1,23,24,4.17
May 31 2022,Fairfax,VA,Passenger,6,3,9,630,639,1.41
December 31 2018,Ventura,CA,Passenger,0,2,2,328,330,0.61
December 31 2021,San Joaquin,CA,Passenger,1,1,2,101,103,1.94
January 31 2023,Dorchester,SC,Passenger,1,0,1,46,47,2.13
December 31 2020,Ulster,NY,Passenger,1,0,1,12,13,7.69
February 28 2023,Montgomery,AL,Passenger,0,1,1,34,35,2.86
January 31 2018,Whitman,WA,Passenger,18,20,38,22473,22511,0.17
January 31 2021,Middlesex,MA,Passenger,1,1,2,93,95,2.11
October 31 2018,Santa Fe,NM,Passenger,0,1,1,45,46,2.17
February 28 2021,Pima,AZ,Passenger,2,1,3,328,331,0.91
July 31 2019,Yakima,WA,Truck,0,0,0,59255,59255,0.00
March 31 2023,Yakima,WA,Truck,9,0,9,61193,61202,0.01
February 28 2022,Pacific,WA,Truck,0,0,0,8003,8003,0.00
February 29 2020,Collier,FL,Passenger,1,0,1,16,17,5.88
August 31 2023,Rock Island,IL,Passenger,0,1,1,10,11,9.09
March 31 2017,Whatcom,WA,Truck,2,0,2,41393,41395,0.00
January 31 2019,Whatcom,WA,Truck,2,0,2,42738,42740,0.00
April 30 2017,Duval,FL,Passenger,1,1,2,378,380,0.53
November 30 2021,Duval,FL,Passenger,0,2,2,339,341,0.59
February 29 2020,Nassau,NY,Passenger,4,0,4,42,46,8.70
March 31 2018,Dakota,MN,Passenger,0,2,2,39,41,4.88
October 31 2017,Pierce,WA,Truck,0,0,0,137010,137010,0.00
October 31 2021,Orange,CA,Passenger,5,2,7,420,427,1.64
November 30 2020,Allegheny,PA,Passenger,1,1,2,72,74,2.70
June 30 2023,Honolulu,HI,Passenger,2,3,5,258,263,1.90
September 30 2017,Jefferson,NY,Passenger,1,0,1,243,244,0.41
January 31 2019,Polk,FL,Passenger,1,0,1,67,68,1.47
April 30 2021,Virginia Beach,VA,Passenger,3,0,3,633,636,0.47
July 31 2020,Brevard,FL,Passenger,0,1,1,89,90,1.11
March 31 2019,Nantucket,MA,Passenger,1,0,1,4,5,20.00
June 30 2020,Putnam,TN,Passenger,0,1,1,3,4,25.00
March 31 2019,Berkshire,MA,Passenger,0,1,1,4,5,20.00
July 31 2021,Jefferson,WA,Passenger,338,183,521,24876,25397,2.05
August 31 2021,Bexar,TX,Passenger,3,4,7,530,537,1.30
January 31 2023,Benton,WA,Truck,13,0,13,43325,43338,0.03
April 30 2023,York,VA,Passenger,1,0,1,78,79,1.27
March 31 2021,New London,CT,Passenger,1,2,3,224,227,1.32
March 31 2020,Manassas,VA,Passenger,0,1,1,6,7,14.29
July 31 2020,Palm Beach,FL,Passenger,0,1,1,79,80,1.25
October 31 2018,Jefferson,CO,Passenger,0,1,1,64,65,1.54
May 31 2018,Madison,ID,Passenger,1,0,1,38,39,2.56
March 31 2018,Grant,WA,Passenger,32,42,74,62603,62677,0.12
February 28 2017,Carroll,NH,Passenger,0,1,1,0,1,100.00
March 31 2022,Thurston,WA,Passenger,2026,1000,3026,195229,198255,1.53
September 30 2020,Klickitat,WA,Truck,0,0,0,8104,8104,0.00
January 31 2019,St. Clair,IL,Passenger,0,1,1,166,167,0.60
September 30 2022,Kauai,HI,Passenger,1,0,1,17,18,5.56
September 30 2017,Pierce,WA,Truck,0,0,0,137069,137069,0.00
April 30 2022,Island,WA,Truck,1,0,1,21441,21442,0.00
November 30 2021,Allen,IN,Passenger,1,0,1,19,20,5.00
June 30 2021,Plaquemines,LA,Passenger,0,1,1,16,17,5.88
March 31 2021,Santa Clara,CA,Passenger,8,2,10,280,290,3.45
August 31 2017,Pend Oreille,WA,Truck,0,0,0,5550,5550,0.00
May 31 2019,DuPage,IL,Passenger,1,0,1,65,66,1.52
December 31 2021,Mason,WA,Truck,0,0,0,21208,21208,0.00
February 28 2018,Brevard,FL,Passenger,0,1,1,105,106,0.94
September 30 2020,Sumter,FL,Passenger,0,1,1,11,12,8.33
February 28 2022,Walla Walla,WA,Passenger,152,90,242,36227,36469,0.66
December 31 2020,Palm Beach,FL,Passenger,0,1,1,76,77,1.30
December 31 2021,San Luis Obispo,CA,Passenger,1,0,1,61,62,1.61
March 31 2022,Lincoln,OR,Passenger,0,1,1,30,31,3.23
February 28 2021,Kent,MI,Passenger,0,1,1,26,27,3.70
December 31 2022,Charles,MD,Passenger,1,1,2,54,56,3.57
March 31 2022,Chelan,WA,Passenger,437,122,559,54585,55144,1.01
January 31 2018,Walla Walla,WA,Passenger,30,33,63,35371,35434,0.18
October 31 2023,Travis,TX,Passenger,2,0,2,67,69,2.90
July 31 2022,Williamson,TX,Passenger,1,2,3,84,87,3.45
January 31 2020,New London,CT,Passenger,0,2,2,248,250,0.80
October 31 2019,Hennepin,MN,Passenger,3,1,4,98,102,3.92
October 31 2023,Rockingham,NH,Passenger,1,0,1,10,11,9.09
March 31 2022,Yakima,WA,Passenger,312,181,493,167659,168152,0.29
November 30 2022,Klickitat,WA,Truck,3,0,3,8246,8249,0.04
September 30 2021,Boulder,CO,Passenger,1,1,2,47,49,4.08
October 31 2023,Cowlitz,WA,Passenger,545,234,779,68522,69301,1.12
July 31 2018,Lee,FL,Passenger,1,0,1,58,59,1.69
October 31 2022,Dorchester,SC,Passenger,1,0,1,49,50,2.00
July 31 2023,Richmond,GA,Passenger,0,1,1,57,58,1.72
December 31 2019,Stafford,VA,Passenger,1,1,2,94,96,2.08
February 28 2017,Clark,NV,Passenger,1,3,4,882,886,0.45
October 31 2023,Wilson,TX,Passenger,0,1,1,3,4,25.00
September 30 2019,Yakima,WA,Passenger,112,113,225,165646,165871,0.14
April 30 2023,Grant,WA,Passenger,267,114,381,66951,67332,0.57
June 30 2017,San Juan,WA,Truck,0,0,0,5534,5534,0.00
September 30 2023,Plaquemines,LA,Passenger,1,1,2,14,16,12.50
October 31 2017,Stevens,WA,Passenger,9,22,31,31526,31557,0.10
August 31 2020,Kitsap,WA,Truck,0,0,0,54166,54166,0.00
March 31 2020,Cowlitz,WA,Passenger,134,114,248,73161,73409,0.34
November 30 2018,San Diego,CA,Passenger,9,2,11,2577,2588,0.43
April 30 2017,Douglas,WA,Passenger,31,21,52,26602,26654,0.20
September 30 2019,Cowlitz,WA,Truck,0,0,0,28956,28956,0.00
June 30 2023,Pacific,WA,Truck,4,0,4,7826,7830,0.05
May 31 2020,Collin,TX,Passenger,2,1,3,124,127,2.36
August 31 2022,Hoke,NC,Passenger,1,0,1,71,72,1.39
December 31 2019,Clark,WA,Passenger,1843,1043,2886,317691,320577,0.90
November 30 2020,Fresno,CA,Passenger,1,0,1,183,184,0.54
March 31 2020,Sacramento,CA,Passenger,1,0,1,283,284,0.35
February 28 2019,New Haven,CT,Passenger,0,1,1,48,49,2.04
August 31 2020,Boone,MO,Passenger,0,1,1,10,11,9.09
November 30 2022,King,WA,Passenger,47025,12048,59073,1340210,1399283,4.22
December 31 2019,Ferry,WA,Truck,0,0,0,3581,3581,0.00
December 31 2017,District of Columbia,DC,Passenger,0,3,3,199,202,1.49
March 31 2020,Cumberland,NC,Passenger,0,2,2,494,496,0.40
October 31 2022,Hawaii,HI,Passenger,1,0,1,33,34,2.94
December 31 2019,Jefferson,WA,Passenger,217,134,351,25181,25532,1.37
August 31 2017,Jefferson,WA,Truck,0,0,0,9427,9427,0.00
July 31 2022,Maui,HI,Passenger,1,0,1,23,24,4.17
October 31 2017,Benton,WA,Passenger,164,155,319,129401,129720,0.25
June 30 2019,Skamania,WA,Passenger,23,18,41,8721,8762,0.47
March 31 2021,Walla Walla,WA,Passenger,107,72,179,36283,36462,0.49
February 28 2019,Dakota,MN,Passenger,0,2,2,35,37,5.41
October 31 2021,Sacramento,CA,Passenger,2,0,2,236,238,0.84
December 31 2021,Montgomery,MD,Passenger,3,2,5,213,218,2.29
November 30 2020,Rockingham,NH,Passenger,1,0,1,23,24,4.17
December 31 2022,Marion,IA,Passenger,1,0,1,0,1,100.00
January 31 2019,Chelan,WA,Truck,0,0,0,22108,22108,0.00
July 31 2021,Broward,FL,Passenger,2,0,2,115,117,1.71
December 31 2017,,,Passenger,3,0,3,440,443,0.68
August 31 2017,Klickitat,WA,Truck,0,0,0,7965,7965,0.00
September 30 2019,Lewis,WA,Truck,0,0,0,25966,25966,0.00
April 30 2022,Platte,MO,Passenger,1,0,1,23,24,4.17
December 31 2022,Essex,NJ,Passenger,2,0,2,11,13,15.38
August 31 2023,Napa,CA,Passenger,0,1,1,10,11,9.09
May 31 2019,DeKalb,IN,Passenger,1,0,1,1,2,50.00
March 31 2022,Grays Harbor,WA,Passenger,205,157,362,49298,49660,0.73
March 31 2019,Kittitas,WA,Passenger,71,37,108,29440,29548,0.37
December 31 2019,,,Passenger,5,2,7,407,414,1.69
August 31 2020,Lee,FL,Passenger,1,0,1,49,50,2.00
October 31 2023,Riverside,CA,Passenger,4,0,4,314,318,1.26
November 30 2021,Sarasota,FL,Passenger,2,0,2,33,35,5.71
June 30 2020,Fairbanks North Star,AK,Passenger,0,1,1,95,96,1.04
June 30 2017,Cobb,GA,Passenger,0,1,1,79,80,1.25
November 30 2019,Cowlitz,WA,Truck,0,0,0,29027,29027,0.00
September 30 2022,Nueces,TX,Passenger,1,1,2,51,53,3.77
April 30 2021,Bartow,GA,Passenger,0,1,1,4,5,20.00
July 31 2021,Williamson,TX,Passenger,0,2,2,110,112,1.79
May 31 2022,Adams,WA,Truck,0,0,0,5475,5475,0.00
May 31 2023,Fairbanks North Star,AK,Passenger,0,1,1,49,50,2.00
June 30 2022,Sevier,AR,Passenger,0,1,1,0,1,100.00
April 30 2017,Columbia,WA,Passenger,0,1,1,2359,2360,0.04
November 30 2018,Hamilton,IN,Passenger,1,0,1,47,48,2.08
November 30 2023,Bexar,TX,Passenger,1,3,4,318,322,1.24
February 28 2021,Richmond,GA,Passenger,0,1,1,80,81,1.23
September 30 2022,Hamilton,OH,Passenger,1,0,1,33,34,2.94
November 30 2020,Calvert,MD,Passenger,0,2,2,83,85,2.35
July 31 2021,Nueces,TX,Passenger,1,0,1,71,72,1.39
August 31 2018,Douglas,WA,Truck,0,0,0,12026,12026,0.00
August 31 2023,Wahkiakum,WA,Truck,4,0,4,1763,1767,0.23
May 31 2021,Wahkiakum,WA,Truck,0,0,0,1799,1799,0.00
October 31 2017,Snohomish,WA,Passenger,1947,998,2945,515196,518141,0.57
April 30 2020,Riverside,CA,Passenger,3,1,4,628,632,0.63
September 30 2021,Randolph,NC,Passenger,1,0,1,6,7,14.29
May 31 2019,Spartanburg,SC,Passenger,0,1,1,37,38,2.63
April 30 2023,Atlantic,NJ,Passenger,1,0,1,10,11,9.09
November 30 2021,King,WA,Passenger,34707,10085,44792,1362371,1407163,3.18
December 31 2020,Ferry,WA,Passenger,9,3,12,4361,4373,0.27
October 31 2017,Klickitat,WA,Truck,0,0,0,8000,8000,0.00
July 31 2021,Orange,NC,Passenger,0,1,1,11,12,8.33
January 31 2017,Yakima,WA,Passenger,36,49,85,159928,160013,0.05
March 31 2020,Larimer,CO,Passenger,1,0,1,54,55,1.82
September 30 2021,Benton,WA,Truck,0,0,0,43668,43668,0.00
February 28 2017,Snohomish,WA,Truck,1,0,1,122502,122503,0.00
August 31 2020,Whitman,WA,Truck,0,0,0,8484,8484,0.00
June 30 2021,Rogers,OK,Passenger,1,0,1,4,5,20.00
September 30 2017,,,Passenger,3,0,3,438,441,0.68
September 30 2020,Jefferson,WA,Passenger,257,148,405,24726,25131,1.61
April 30 2023,Kent,DE,Passenger,1,0,1,46,47,2.13
February 28 2018,Chelan,WA,Passenger,94,39,133,53237,53370,0.25
November 30 2023,Benton,WA,Passenger,1321,613,1934,130938,132872,1.46
January 31 2019,Fulton,GA,Passenger,1,2,3,106,109,2.75
June 30 2018,Tulsa,OK,Passenger,0,1,1,49,50,2.00
October 31 2021,Stevens,WA,Passenger,52,43,95,30226,30321,0.31
September 30 2019,Howard,MD,Passenger,0,1,1,78,79,1.27
February 28 2023,Anne Arundel,MD,Passenger,4,3,7,311,318,2.20
November 30 2023,Madison,IL,Passenger,1,0,1,13,14,7.14
June 30 2019,Pierce,WA,Truck,0,0,0,139778,139778,0.00
September 30 2022,Virginia Beach,VA,Passenger,3,1,4,500,504,0.79
March 31 2022,Essex,NJ,Passenger,2,0,2,12,14,14.29
February 28 2018,Nueces,TX,Passenger,1,1,2,95,97,2.06
March 31 2022,Gwinnett,GA,Passenger,1,0,1,57,58,1.72
December 31 2022,Cumberland,NC,Passenger,1,4,5,339,344,1.45
January 31 2019,Cowlitz,WA,Truck,0,0,0,28725,28725,0.00
July 31 2022,Berkeley,SC,Passenger,0,1,1,121,122,0.82
March 31 2017,Charles,MD,Passenger,0,1,1,92,93,1.08
July 31 2022,Richmond,GA,Passenger,0,1,1,65,66,1.52
September 30 2019,Jones,GA,Passenger,1,0,1,1,2,50.00
March 31 2021,Cowlitz,WA,Passenger,197,133,330,72149,72479,0.46
July 31 2019,Travis,TX,Passenger,3,1,4,205,209,1.91
April 30 2023,Stevens,WA,Truck,1,0,1,18778,18779,0.01
March 31 2020,Twin Falls,ID,Passenger,0,1,1,30,31,3.23
July 31 2021,Sonoma,CA,Passenger,0,1,1,86,87,1.15
December 31 2020,Harford,MD,Passenger,0,1,1,60,61,1.64
April 30 2022,Boone,MO,Passenger,0,1,1,9,10,10.00
October 31 2017,Asotin,WA,Truck,0,0,0,6522,6522,0.00
August 31 2022,Charleston,SC,Passenger,2,2,4,66,70,5.71
September 30 2018,Lumpkin,GA,Passenger,1,0,1,7,8,12.50
February 28 2018,Sedgwick,KS,Passenger,0,1,1,105,106,0.94
March 31 2022,Portsmouth,VA,Passenger,0,1,1,83,84,1.19
July 31 2023,Cook,IL,Passenger,3,1,4,144,148,2.70
March 31 2021,Ulster,NY,Passenger,1,0,1,11,12,8.33
November 30 2018,Sumter,FL,Passenger,0,1,1,10,11,9.09
October 31 2023,Whatcom,WA,Passenger,2791,973,3764,144983,148747,2.53
March 31 2021,Alexandria,VA,Passenger,2,0,2,130,132,1.52
October 31 2020,Houston,GA,Passenger,1,0,1,51,52,1.92
May 31 2018,Prince William,VA,Passenger,0,4,4,266,270,1.48
December 31 2017,Kent,MI,Passenger,0,1,1,34,35,2.86
October 31 2018,Santa Rosa,FL,Passenger,1,0,1,91,92,1.09
June 30 2018,Multnomah,OR,Passenger,3,4,7,803,810,0.86
December 31 2020,Collin,TX,Passenger,2,1,3,120,123,2.44
June 30 2021,San Mateo,CA,Passenger,1,0,1,108,109,0.92
June 30 2023,Ferry,WA,Passenger,21,4,25,4326,4351,0.57
November 30 2021,Riverside,CA,Passenger,5,1,6,509,515,1.17
April 30 2017,Utah,UT,Passenger,0,1,1,168,169,0.59
July 31 2022,Santa Clara,CA,Passenger,11,2,13,236,249,5.22
September 30 2020,Bexar,TX,Passenger,4,5,9,603,612,1.47
November 30 2022,Orange,CA,Passenger,7,3,10,351,361,2.77
March 31 2021,Pacific,WA,Truck,0,0,0,7878,7878,0.00
June 30 2022,Denton,TX,Passenger,1,0,1,64,65,1.54
September 30 2017,Madison,ID,Passenger,1,0,1,37,38,2.63
August 31 2018,St. Lucie,FL,Passenger,1,0,1,30,31,3.23
February 28 2018,Franklin,MA,Passenger,0,1,1,3,4,25.00
August 31 2023,King,WA,Passenger,62334,15329,77663,1316520,1394183,5.57
August 31 2017,Ferry,WA,Truck,0,0,0,3534,3534,0.00
August 31 2020,Collin,TX,Passenger,2,1,3,124,127,2.36
January 31 2020,Snohomish,WA,Truck,0,0,0,123629,123629,0.00
November 30 2022,Wahkiakum,WA,Passenger,25,13,38,3040,3078,1.23
September 30 2020,Prince William,VA,Passenger,2,2,4,222,226,1.77
November 30 2022,York,VA,Passenger,1,0,1,82,83,1.20
August 31 2022,Montgomery,PA,Passenger,1,0,1,21,22,4.55
October 31 2017,Hamilton,TN,Passenger,1,0,1,21,22,4.55
October 31 2018,Virginia Beach,VA,Passenger,2,1,3,697,700,0.43
June 30 2017,Grays Harbor,WA,Passenger,35,31,66,44775,44841,0.15
April 30 2020,Tarrant,TX,Passenger,1,0,1,187,188,0.53
November 30 2018,Carroll,NH,Passenger,0,1,1,1,2,50.00
April 30 2017,Clark,WA,Passenger,755,471,1226,298469,299695,0.41
August 31 2020,Richland,SC,Passenger,0,1,1,148,149,0.67
September 30 2021,Calvert,MD,Passenger,0,2,2,84,86,2.33
January 31 2017,Guilford,NC,Passenger,1,0,1,34,35,2.86
May 31 2018,Montgomery,PA,Passenger,2,0,2,35,37,5.41
September 30 2020,Cascade,MT,Passenger,0,1,1,56,57,1.75
August 31 2021,Snohomish,WA,Passenger,6304,2135,8439,539282,547721,1.54
July 31 2023,Yakima,WA,Passenger,517,261,778,165634,166412,0.47
July 31 2017,Dane,WI,Passenger,1,0,1,87,88,1.14
May 31 2020,San Diego,CA,Passenger,15,6,21,2747,2768,0.76
April 30 2017,Adams,WA,Passenger,2,3,5,12127,12132,0.04
December 31 2018,Asotin,WA,Passenger,12,9,21,12723,12744,0.16
March 31 2017,Clark,NV,Passenger,1,3,4,870,874,0.46
June 30 2021,Pacific,WA,Passenger,45,53,98,16049,16147,0.61
April 30 2021,Charleston,SC,Passenger,2,0,2,91,93,2.15
October 31 2018,Carson City,NV,Passenger,1,0,1,14,15,6.67
March 31 2017,Manassas,VA,Passenger,0,1,1,9,10,10.00
June 30 2021,King,WA,Passenger,30489,9166,39655,1368093,1407748,2.82
December 31 2022,Ferry,WA,Passenger,24,4,28,4342,4370,0.64
May 31 2017,Chelan,WA,Truck,0,0,0,21248,21248,0.00
February 28 2018,Garfield,WA,Truck,0,0,0,941,941,0.00
April 30 2020,San Diego,CA,Passenger,14,6,20,2768,2788,0.72
March 31 2018,Anne Arundel,MD,Passenger,0,1,1,469,470,0.21
September 30 2020,Grant,WA,Truck,0,0,0,27298,27298,0.00
August 31 2020,Allegheny,PA,Passenger,1,0,1,77,78,1.28
September 30 2017,Arlington,VA,Passenger,1,2,3,166,169,1.78
June 30 2017,Canyon,ID,Passenger,0,1,1,101,102,0.98
November 30 2021,Hudson,NJ,Passenger,1,0,1,43,44,2.27
May 31 2021,Sarasota,FL,Passenger,2,0,2,29,31,6.45
June 30 2022,Whitman,WA,Truck,1,0,1,8573,8574,0.01
March 31 2019,New London,CT,Passenger,0,2,2,249,251,0.80
July 31 2017,Franklin,WA,Passenger,26,47,73,55731,55804,0.13
October 31 2018,Columbia,WA,Passenger,2,2,4,2433,2437,0.16
March 31 2023,Riverside,CA,Passenger,6,0,6,393,399,1.50
July 31 2019,Fresno,CA,Passenger,1,0,1,199,200,0.50
September 30 2023,Houston,GA,Passenger,1,0,1,25,26,3.85
July 31 2023,Beaufort,SC,Passenger,1,0,1,25,26,3.85
July 31 2019,Albemarle,VA,Passenger,1,0,1,22,23,4.35
March 31 2018,Cowlitz,WA,Truck,0,0,0,28270,28270,0.00
May 31 2023,St. Louis,MO,Passenger,1,0,1,51,52,1.92
December 31 2019,Columbia,WA,Passenger,3,3,6,2450,2456,0.24
August 31 2017,Asotin,WA,Truck,0,0,0,6514,6514,0.00
October 31 2018,Polk,FL,Passenger,1,0,1,63,64,1.56
July 31 2018,Clay,FL,Passenger,0,1,1,90,91,1.10
August 31 2018,Fulton,GA,Passenger,1,2,3,104,107,2.80
October 31 2022,Middlesex,MA,Passenger,2,1,3,67,70,4.29
February 28 2023,Galveston,TX,Passenger,0,1,1,19,20,5.00
October 31 2021,Las Animas,CO,Passenger,1,0,1,0,1,100.00
February 28 2017,DeKalb,IN,Passenger,1,0,1,1,2,50.00
January 31 2022,King,WA,Passenger,36345,10400,46745,1355939,1402684,3.33
July 31 2023,Stevens,WA,Truck,2,0,2,18689,18691,0.01
May 31 2021,Clallam,WA,Truck,1,0,1,21999,22000,0.00
April 30 2018,Montgomery,TX,Passenger,1,0,1,64,65,1.54
December 31 2017,Tarrant,TX,Passenger,1,0,1,232,233,0.43
September 30 2023,Thurston,WA,Truck,70,0,70,53262,53332,0.13
November 30 2023,Portsmouth,VA,Passenger,0,1,1,61,62,1.61
April 30 2019,Montgomery,PA,Passenger,2,0,2,38,40,5.00
February 29 2020,Osceola,FL,Passenger,1,0,1,42,43,2.33
March 31 2022,RÃ­o Grande,PR,Passenger,1,0,1,0,1,100.00
February 28 2022,St. Louis,MO,Passenger,2,0,2,75,77,2.60
December 31 2017,Contra Costa,CA,Passenger,0,1,1,462,463,0.22
February 28 2022,Jefferson,WA,Truck,0,0,0,9577,9577,0.00
March 31 2017,Hawaii,HI,Passenger,1,0,1,88,89,1.12
February 28 2023,Dallas,TX,Passenger,1,0,1,86,87,1.15
February 28 2023,York,VA,Passenger,1,0,1,78,79,1.27
June 30 2020,Travis,TX,Passenger,3,1,4,181,185,2.16
September 30 2020,Nassau,FL,Passenger,1,0,1,37,38,2.63
March 31 2023,Wahkiakum,WA,Passenger,25,16,41,3060,3101,1.32
February 29 2020,Ventura,CA,Passenger,0,2,2,307,309,0.65
May 31 2022,Bell,TX,Passenger,1,0,1,335,336,0.30
January 31 2021,Cumberland,NC,Passenger,0,2,2,452,454,0.44
January 31 2022,Lane,OR,Passenger,0,2,2,112,114,1.75
April 30 2023,Middlesex,MA,Passenger,2,1,3,65,68,4.41
January 31 2019,Lake,CA,Passenger,0,1,1,11,12,8.33
March 31 2017,San Juan,WA,Passenger,88,34,122,13420,13542,0.90
March 31 2019,Ferry,WA,Passenger,3,2,5,4363,4368,0.11
August 31 2019,Harris,TX,Passenger,1,1,2,260,262,0.76
May 31 2018,Gwinnett,GA,Passenger,0,1,1,86,87,1.15
June 30 2017,Essex,NJ,Passenger,1,0,1,16,17,5.88
September 30 2020,Harrison,MS,Passenger,1,0,1,52,53,1.89
July 31 2022,Solano,CA,Passenger,1,0,1,163,164,0.61
July 31 2017,Twin Falls,ID,Passenger,0,1,1,24,25,4.00
November 30 2018,Nantucket,MA,Passenger,1,0,1,4,5,20.00
August 31 2019,Spokane,WA,Passenger,574,439,1013,313106,314119,0.32
December 31 2018,Los Angeles,CA,Passenger,6,5,11,1123,1134,0.97
October 31 2022,Columbia,WA,Passenger,8,1,9,2438,2447,0.37
May 31 2017,Pierce,WA,Truck,0,0,0,137672,137672,0.00
July 31 2018,Thurston,WA,Truck,0,0,0,54414,54414,0.00
March 31 2017,Columbia,WA,Truck,0,0,0,1529,1529,0.00
October 31 2020,Klamath,OR,Passenger,1,0,1,34,35,2.86
July 31 2019,Twin Falls,ID,Passenger,0,1,1,25,26,3.85
May 31 2018,Jefferson,WA,Passenger,138,91,229,24387,24616,0.93
March 31 2022,Miami-Dade,FL,Passenger,1,0,1,83,84,1.19
July 31 2021,Collin,TX,Passenger,2,1,3,109,112,2.68
June 30 2023,Beaufort,SC,Passenger,1,0,1,25,26,3.85
February 28 2017,Kitsap,WA,Passenger,561,280,841,172109,172950,0.49
June 30 2019,Douglas,WA,Passenger,57,37,94,28029,28123,0.33
December 31 2021,Skagit,WA,Truck,1,0,1,32691,32692,0.00
March 31 2018,Jefferson,CO,Passenger,0,1,1,75,76,1.32
August 31 2020,New York,NY,Passenger,1,0,1,57,58,1.72
October 31 2020,Lake,IL,Passenger,2,0,2,169,171,1.17
April 30 2017,Howard,MD,Passenger,0,2,2,92,94,2.13
November 30 2021,Howard,IN,Passenger,0,1,1,6,7,14.29
September 30 2017,Lewis,WA,Truck,0,0,0,25116,25116,0.00
February 28 2019,Kitsap,WA,Truck,1,0,1,53697,53698,0.00
January 31 2020,Lake,CA,Passenger,0,1,1,10,11,9.09
June 30 2022,Lake,FL,Passenger,1,0,1,18,19,5.26
April 30 2019,Lewis,WA,Passenger,95,91,186,58815,59001,0.32
October 31 2021,District of Columbia,DC,Passenger,5,0,5,193,198,2.53
May 31 2018,Lee,FL,Passenger,1,0,1,58,59,1.69
April 30 2021,Lake,FL,Passenger,1,0,1,22,23,4.35
June 30 2022,Frederick,MD,Passenger,1,1,2,65,67,2.99
February 28 2023,Grant,WA,Truck,7,0,7,28080,28087,0.02
September 30 2018,Utah,UT,Passenger,0,1,1,143,144,0.69
December 31 2017,Nueces,TX,Passenger,1,1,2,92,94,2.13
November 30 2021,Ventura,CA,Passenger,2,2,4,265,269,1.49
June 30 2022,Ulster,NY,Passenger,1,0,1,13,14,7.14
January 31 2018,New Haven,CT,Passenger,0,1,1,53,54,1.85
December 31 2019,Walla Walla,WA,Truck,0,0,0,13661,13661,0.00
January 31 2020,Bucks,PA,Passenger,1,0,1,21,22,4.55
January 31 2021,Clallam,WA,Truck,1,0,1,21863,21864,0.00
April 30 2020,Grant,WA,Passenger,59,71,130,65260,65390,0.20
April 30 2019,Maricopa,AZ,Passenger,6,3,9,1584,1593,0.56
November 30 2020,Okanogan,WA,Truck,0,0,0,16574,16574,0.00
June 30 2023,Frederick,MD,Passenger,1,1,2,53,55,3.64
November 30 2019,Jefferson,CO,Passenger,0,2,2,61,63,3.17
May 31 2019,Eagle,CO,Passenger,1,0,1,6,7,14.29
August 31 2020,Ferry,WA,Passenger,7,3,10,4310,4320,0.23
January 31 2020,Putnam,TN,Passenger,0,1,1,3,4,25.00
October 31 2018,Clark,WA,Passenger,1149,814,1963,310402,312365,0.63
July 31 2018,Chelan,WA,Passenger,112,52,164,53574,53738,0.31
July 31 2023,Whatcom,WA,Passenger,2566,902,3468,147408,150876,2.30
January 31 2021,Snohomish,WA,Truck,1,0,1,125672,125673,0.00
November 30 2019,Franklin,WA,Truck,0,0,0,19726,19726,0.00
August 31 2021,Washington,OR,Passenger,1,0,1,377,378,0.26
February 28 2022,Bartow,GA,Passenger,0,1,1,3,4,25.00
January 31 2018,Maui,HI,Passenger,1,0,1,66,67,1.49
October 31 2020,Grays Harbor,WA,Passenger,118,117,235,48509,48744,0.48
January 31 2022,Mason,WA,Passenger,272,161,433,47760,48193,0.90
November 30 2018,Los Angeles,CA,Passenger,6,5,11,1142,1153,0.95
November 30 2022,Mason,WA,Truck,7,0,7,20881,20888,0.03
November 30 2022,Okaloosa,FL,Passenger,0,1,1,99,100,1.00
August 31 2021,Charleston,SC,Passenger,1,1,2,87,89,2.25
August 31 2020,Klickitat,WA,Passenger,57,42,99,15041,15140,0.65
August 31 2017,Orange,CA,Passenger,3,1,4,624,628,0.64
February 28 2022,Yavapai,AZ,Passenger,0,1,1,33,34,2.94
December 31 2017,Arlington,VA,Passenger,1,2,3,176,179,1.68
August 31 2023,Loudoun,VA,Passenger,2,0,2,55,57,3.51
October 31 2021,Grant,WA,Passenger,133,95,228,66808,67036,0.34
June 30 2019,Marion,OR,Passenger,1,0,1,121,122,0.82
March 31 2023,Anne Arundel,MD,Passenger,4,3,7,303,310,2.26
October 31 2020,Harnett,NC,Passenger,1,0,1,197,198,0.51
April 30 2018,Lewis,WA,Passenger,78,51,129,57348,57477,0.22
August 31 2021,Spokane,WA,Truck,0,0,0,102432,102432,0.00
September 30 2021,Juneau,AK,Passenger,0,1,1,26,27,3.70
July 31 2021,Loudoun,VA,Passenger,1,0,1,70,71,1.41
July 31 2023,Loudoun,VA,Passenger,2,0,2,56,58,3.45
May 31 2022,Howard,MD,Passenger,0,2,2,59,61,3.28
July 31 2023,Washington,MD,Passenger,1,0,1,13,14,7.14
February 28 2019,Klickitat,WA,Truck,0,0,0,8220,8220,0.00
April 30 2022,Bell,TX,Passenger,1,0,1,339,340,0.29
July 31 2020,Whatcom,WA,Passenger,1091,499,1590,149302,150892,1.05
April 30 2022,Anne Arundel,MD,Passenger,4,2,6,366,372,1.61
July 31 2020,Nueces,TX,Passenger,1,0,1,85,86,1.16
December 31 2022,Grays Harbor,WA,Truck,2,0,2,21074,21076,0.01
March 31 2021,Fulton,GA,Passenger,0,2,2,80,82,2.44
August 31 2021,Dallas,TX,Passenger,1,0,1,152,153,0.65
August 31 2019,Lewis,WA,Passenger,105,96,201,59355,59556,0.34
July 31 2023,Walla Walla,WA,Passenger,225,114,339,35299,35638,0.95
March 31 2023,Lincoln,WA,Passenger,18,17,35,7710,7745,0.45
August 31 2018,Island,WA,Truck,0,0,0,21039,21039,0.00
July 31 2017,Whitman,WA,Truck,0,0,0,8427,8427,0.00
August 31 2023,Clallam,WA,Truck,19,0,19,21554,21573,0.09
October 31 2020,San Mateo,CA,Passenger,1,1,2,114,116,1.72
July 31 2020,Skagit,WA,Truck,1,0,1,32588,32589,0.00
August 31 2019,Walla Walla,WA,Truck,0,0,0,13650,13650,0.00
December 31 2018,Duval,FL,Passenger,1,2,3,385,388,0.77
November 30 2023,St. Louis,MO,Passenger,1,0,1,43,44,2.27
February 28 2019,Houston,GA,Passenger,1,0,1,53,54,1.85
August 31 2022,Walla Walla,WA,Truck,2,0,2,13911,13913,0.01
January 31 2019,New London,CT,Passenger,0,2,2,248,250,0.80
October 31 2022,Pennington,SD,Passenger,2,0,2,26,28,7.14
September 30 2022,Manassas,VA,Passenger,0,1,1,10,11,9.09
January 31 2023,Sarpy,NE,Passenger,1,0,1,53,54,1.85
April 30 2023,Eagle,CO,Passenger,1,0,1,8,9,11.11
August 31 2022,San Juan,WA,Passenger,530,162,692,13984,14676,4.72
January 31 2018,Honolulu,HI,Passenger,2,2,4,564,568,0.70
January 31 2023,Hoke,NC,Passenger,1,0,1,66,67,1.49
November 30 2020,Stevens,WA,Truck,0,0,0,18666,18666,0.00
January 31 2018,Anne Arundel,MD,Passenger,0,1,1,473,474,0.21
December 31 2019,Contra Costa,CA,Passenger,3,2,5,340,345,1.45
September 30 2019,Cascade,MT,Passenger,0,1,1,61,62,1.61
March 31 2021,DeKalb,GA,Passenger,1,0,1,68,69,1.45
February 29 2020,Moore,NC,Passenger,0,1,1,167,168,0.60
December 31 2018,Bucks,PA,Passenger,1,0,1,18,19,5.26
June 30 2022,Lake,IN,Passenger,0,1,1,9,10,10.00
March 31 2020,Ulster,NY,Passenger,1,0,1,12,13,7.69
September 30 2020,Pierce,WA,Passenger,2575,1709,4284,553695,557979,0.77
February 29 2020,Ferry,WA,Passenger,5,2,7,4374,4381,0.16
December 31 2021,DuPage,IL,Passenger,1,1,2,52,54,3.70
May 31 2021,Wichita,TX,Passenger,1,0,1,40,41,2.44
August 31 2023,Adams,CO,Passenger,1,0,1,19,20,5.00
August 31 2019,Chelan,WA,Passenger,165,70,235,54450,54685,0.43
December 31 2017,Richmond,GA,Passenger,0,1,1,93,94,1.06
November 30 2023,Las Animas,CO,Passenger,1,0,1,0,1,100.00
May 31 2020,Jefferson,WA,Passenger,233,141,374,24819,25193,1.48
September 30 2019,Charleston,SC,Passenger,1,0,1,116,117,0.85
March 31 2018,Richmond,GA,Passenger,0,1,1,90,91,1.10
April 30 2017,Okaloosa,FL,Passenger,1,0,1,196,197,0.51
July 31 2018,Moore,NC,Passenger,0,1,1,197,198,0.51
November 30 2021,Mercer,NJ,Passenger,0,1,1,14,15,6.67
July 31 2023,Marion,IA,Passenger,1,0,1,0,1,100.00
December 31 2022,Mason,WA,Passenger,370,191,561,46860,47421,1.18
December 31 2019,Mason,WA,Passenger,142,135,277,47628,47905,0.58
June 30 2023,Whatcom,WA,Truck,57,0,57,42686,42743,0.13
August 31 2021,Sarasota,FL,Passenger,2,0,2,32,34,5.88
March 31 2022,Chesapeake,VA,Passenger,2,2,4,364,368,1.09
April 30 2018,Douglas,WA,Truck,0,0,0,11881,11881,0.00
July 31 2022,Jefferson,NY,Passenger,1,1,2,205,207,0.97
March 31 2020,Nassau,NY,Passenger,4,0,4,39,43,9.30
February 28 2018,Richmond,GA,Passenger,0,1,1,93,94,1.06
July 31 2021,Whatcom,WA,Passenger,1475,618,2093,150610,152703,1.37
August 31 2019,Clark,WA,Truck,0,0,0,80856,80856,0.00
October 31 2018,Deschutes,OR,Passenger,3,0,3,166,169,1.78
April 30 2018,Palm Beach,FL,Passenger,0,1,1,86,87,1.15
September 30 2023,Los Angeles,CA,Passenger,6,4,10,538,548,1.82
February 28 2023,Cook,IL,Passenger,3,0,3,165,168,1.79
June 30 2022,Collin,TX,Passenger,3,0,3,83,86,3.49
February 28 2021,Prince George's,MD,Passenger,2,1,3,146,149,2.01
May 31 2017,Pend Oreille,WA,Truck,0,0,0,5562,5562,0.00
April 30 2023,Sonoma,CA,Passenger,1,1,2,63,65,3.08
April 30 2022,Lincoln,OR,Passenger,0,1,1,30,31,3.23
July 31 2018,Franklin,MA,Passenger,0,1,1,1,2,50.00
September 30 2019,Washoe,NV,Passenger,2,0,2,114,116,1.72
March 31 2022,Prince George's,MD,Passenger,2,1,3,138,141,2.13
November 30 2017,Montgomery,TX,Passenger,1,0,1,63,64,1.56
November 30 2022,Charleston,SC,Passenger,2,2,4,60,64,6.25
June 30 2023,Franklin,WA,Passenger,306,139,445,61909,62354,0.71
November 30 2019,Alameda,CA,Passenger,5,1,6,298,304,1.97
September 30 2020,Montgomery,PA,Passenger,1,0,1,27,28,3.57
October 31 2021,Coryell,TX,Passenger,1,0,1,109,110,0.91
September 30 2018,Prince George's,MD,Passenger,1,1,2,181,183,1.09
March 31 2021,Camden,NJ,Passenger,0,1,1,14,15,6.67
May 31 2023,Eagle,CO,Passenger,1,0,1,8,9,11.11
September 30 2020,Maricopa,AZ,Passenger,5,9,14,1418,1432,0.98
January 31 2018,Pinal,AZ,Passenger,2,0,2,213,215,0.93
December 31 2021,Clallam,WA,Truck,1,0,1,22114,22115,0.00
August 31 2018,Moore,NC,Passenger,0,1,1,199,200,0.50
November 30 2023,Carroll,MD,Passenger,0,1,1,17,18,5.56
November 30 2019,Clay,FL,Passenger,0,1,1,86,87,1.15
June 30 2022,Deschutes,OR,Passenger,2,0,2,83,85,2.35
May 31 2021,Anne Arundel,MD,Passenger,4,1,5,398,403,1.24
July 31 2021,Collier,FL,Passenger,1,0,1,19,20,5.00
August 31 2022,York,VA,Passenger,1,0,1,85,86,1.16
July 31 2022,Lake,IN,Passenger,0,1,1,9,10,10.00
December 31 2020,Howard,IN,Passenger,0,1,1,3,4,25.00
May 31 2022,King,WA,Passenger,40002,11047,51049,1348345,1399394,3.65
June 30 2023,Douglas,NE,Passenger,1,1,2,28,30,6.67
October 31 2022,Fort Bend,TX,Passenger,1,0,1,22,23,4.35
January 31 2023,Island,WA,Truck,20,0,20,21159,21179,0.09
March 31 2019,Clay,FL,Passenger,0,1,1,81,82,1.22
November 30 2023,Multnomah,OR,Passenger,1,1,2,324,326,0.61
October 31 2022,Hoke,NC,Passenger,1,0,1,68,69,1.45
April 30 2021,Pend Oreille,WA,Truck,0,0,0,5736,5736,0.00
October 31 2018,Caddo,LA,Passenger,0,1,1,25,26,3.85
August 31 2020,Powhatan,VA,Passenger,1,0,1,0,1,100.00
April 30 2022,Harnett,NC,Passenger,2,0,2,153,155,1.29
November 30 2018,Kittitas,WA,Truck,0,0,0,14163,14163,0.00
February 28 2023,Jefferson,WA,Truck,9,0,9,9342,9351,0.10
November 30 2021,Pima,AZ,Passenger,1,1,2,271,273,0.73
June 30 2023,Sedgwick,KS,Passenger,1,0,1,55,56,1.79
December 31 2022,Lee,AL,Passenger,1,0,1,15,16,6.25
August 31 2022,Ray,MO,Passenger,0,1,1,1,2,50.00
December 31 2017,Latah,ID,Passenger,0,1,1,79,80,1.25
October 31 2021,Allegheny,PA,Passenger,1,1,2,68,70,2.86
May 31 2019,Wahkiakum,WA,Truck,0,0,0,1743,1743,0.00
May 31 2021,DuPage,IL,Passenger,1,1,2,56,58,3.45
April 30 2019,Carson City,NV,Passenger,1,0,1,14,15,6.67
November 30 2023,Snohomish,WA,Passenger,15203,3394,18597,510033,528630,3.52
October 31 2017,Island,WA,Passenger,138,154,292,61065,61357,0.48
January 31 2022,San Diego,CA,Passenger,18,8,26,2499,2525,1.03
September 30 2022,Maricopa,AZ,Passenger,8,2,10,881,891,1.12
January 31 2018,Dakota,MN,Passenger,0,2,2,40,42,4.76
October 31 2022,Camden,NJ,Passenger,0,1,1,13,14,7.14
March 31 2019,Sumter,FL,Passenger,0,1,1,10,11,9.09
February 28 2023,Sonoma,CA,Passenger,1,1,2,70,72,2.78
June 30 2019,DeKalb,GA,Passenger,1,0,1,82,83,1.20
January 31 2020,Fairbanks North Star,AK,Passenger,0,1,1,100,101,0.99
March 31 2022,Eagle,CO,Passenger,1,0,1,8,9,11.11
May 31 2018,King,WA,Truck,7,1,8,183133,183141,0.00
August 31 2023,Thurston,WA,Truck,70,0,70,53617,53687,0.13
December 31 2021,Stevens,WA,Passenger,55,44,99,30272,30371,0.33
May 31 2022,Garfield,WA,Passenger,0,3,3,1324,1327,0.23
April 30 2019,Wayne,MI,Passenger,0,1,1,72,73,1.37
March 31 2022,Pend Oreille,WA,Passenger,16,10,26,9043,9069,0.29
April 30 2023,Clallam,WA,Truck,18,0,18,21755,21773,0.08
September 30 2022,Lake,IL,Passenger,2,0,2,131,133,1.50
November 30 2020,Charles,MD,Passenger,1,1,2,77,79,2.53
April 30 2020,Vigo,IN,Passenger,1,0,1,5,6,16.67
November 30 2017,Prince George's,MD,Passenger,0,1,1,181,182,0.55
April 30 2021,Whitman,WA,Passenger,59,44,103,21977,22080,0.47
November 30 2022,Kitsap,WA,Truck,28,0,28,52981,53009,0.05
April 30 2017,Maui,HI,Passenger,1,0,1,72,73,1.37
July 31 2020,Morris,NJ,Passenger,1,0,1,17,18,5.56
March 31 2018,Eagle,CO,Passenger,1,0,1,6,7,14.29
November 30 2020,Jefferson,WA,Truck,0,0,0,9581,9581,0.00
April 30 2019,Bergen,NJ,Passenger,1,0,1,26,27,3.70
June 30 2020,Montgomery,PA,Passenger,1,0,1,30,31,3.23
September 30 2020,Benton,WA,Passenger,393,329,722,134355,135077,0.53
August 31 2023,Hudson,NJ,Passenger,1,0,1,16,17,5.88
April 30 2017,Hamilton,IN,Passenger,1,0,1,61,62,1.61
June 30 2023,Burlington,NJ,Passenger,2,2,4,87,91,4.40
December 31 2017,Whitman,WA,Passenger,17,20,37,22424,22461,0.16
May 31 2021,Asotin,WA,Truck,0,0,0,6778,6778,0.00
November 30 2022,Albemarle,VA,Passenger,1,0,1,17,18,5.56
September 30 2020,DeKalb,GA,Passenger,1,0,1,82,83,1.20
February 29 2020,Adams,WA,Passenger,7,7,14,12909,12923,0.11
June 30 2022,Columbia,WA,Passenger,7,0,7,2442,2449,0.29
May 31 2019,Norfolk,MA,Passenger,1,0,1,35,36,2.78
September 30 2017,Snohomish,WA,Truck,1,0,1,121525,121526,0.00
October 31 2020,Yakima,WA,Truck,0,0,0,60691,60691,0.00
September 30 2019,Suffolk,MA,Passenger,0,1,1,39,40,2.50
December 31 2017,Clay,FL,Passenger,0,1,1,104,105,0.95
June 30 2020,Lake,FL,Passenger,1,0,1,22,23,4.35
January 31 2021,Fort Bend,TX,Passenger,1,0,1,41,42,2.38
May 31 2021,Washtenaw,MI,Passenger,0,1,1,29,30,3.33
September 30 2022,Sevier,AR,Passenger,0,1,1,0,1,100.00
January 31 2017,Pierce,WA,Truck,0,0,0,138758,138758,0.00
November 30 2018,Fulton,GA,Passenger,1,2,3,106,109,2.75
January 31 2022,Sacramento,CA,Passenger,2,0,2,225,227,0.88
May 31 2021,Houston,GA,Passenger,1,0,1,47,48,2.08
August 31 2018,Charles,MD,Passenger,0,1,1,84,85,1.18
September 30 2021,Spartanburg,SC,Passenger,0,1,1,50,51,1.96
July 31 2018,Kitsap,WA,Passenger,809,473,1282,178833,180115,0.71
March 31 2023,Ferry,WA,Passenger,19,4,23,4344,4367,0.53
September 30 2022,Sonoma,CA,Passenger,0,1,1,78,79,1.27
March 31 2022,Marin,CA,Passenger,0,1,1,34,35,2.86
May 31 2023,Rock Island,IL,Passenger,0,1,1,10,11,9.09
November 30 2023,Hardin,KY,Passenger,1,0,1,48,49,2.04
August 31 2017,Pima,AZ,Passenger,1,2,3,431,434,0.69
July 31 2017,Asotin,WA,Truck,0,0,0,6531,6531,0.00
February 28 2018,Lincoln,WA,Truck,0,0,0,4509,4509,0.00
January 31 2018,Utah,UT,Passenger,0,1,1,140,141,0.71
April 30 2019,Okanogan,WA,Truck,0,0,0,16477,16477,0.00
January 31 2020,New Haven,CT,Passenger,0,2,2,44,46,4.35
July 31 2023,Clark,WA,Truck,102,0,102,81129,81231,0.13
September 30 2019,King,WA,Truck,6,1,7,182377,182384,0.00
October 31 2022,Lincoln,WA,Passenger,12,17,29,7731,7760,0.37
August 31 2023,Vernon,LA,Passenger,1,0,1,69,70,1.43
November 30 2022,Jefferson,NY,Passenger,1,1,2,200,202,0.99
April 30 2018,Garfield,WA,Truck,0,0,0,949,949,0.00
December 31 2021,Douglas,CO,Passenger,0,1,1,84,85,1.18
October 31 2018,Franklin,WA,Passenger,35,66,101,58747,58848,0.17
March 31 2021,Moore,NC,Passenger,0,1,1,138,139,0.72
March 31 2018,Orleans,LA,Passenger,0,1,1,46,47,2.13
January 31 2023,Kent,DE,Passenger,1,0,1,49,50,2.00
August 31 2020,Washoe,NV,Passenger,1,0,1,107,108,0.93
September 30 2021,Okaloosa,FL,Passenger,0,1,1,119,120,0.83
July 31 2023,Pierce,WA,Passenger,7877,2839,10716,527932,538648,1.99
July 31 2022,Skamania,WA,Passenger,76,47,123,8149,8272,1.49
August 31 2020,Penobscot,ME,Passenger,0,1,1,15,16,6.25
June 30 2023,Island,WA,Passenger,1077,443,1520,61089,62609,2.43
January 31 2017,Pend Oreille,WA,Truck,0,0,0,5593,5593,0.00
June 30 2021,Charleston,SC,Passenger,1,1,2,89,91,2.20
November 30 2019,Wilson,TX,Passenger,0,1,1,9,10,10.00
February 28 2019,Stevens,WA,Passenger,18,28,46,31722,31768,0.14
November 30 2020,Pima,AZ,Passenger,3,1,4,349,353,1.13
November 30 2022,Alameda,CA,Passenger,4,0,4,183,187,2.14
September 30 2017,Hamilton,IN,Passenger,1,0,1,58,59,1.69
January 31 2023,Fulton,GA,Passenger,1,0,1,56,57,1.75
June 30 2019,Mercer,NJ,Passenger,0,1,1,19,20,5.00
March 31 2022,Asotin,WA,Truck,0,0,0,6753,6753,0.00
January 31 2019,Mason,WA,Truck,0,0,0,20221,20221,0.00
November 30 2023,Honolulu,HI,Passenger,3,2,5,210,215,2.33
June 30 2021,DuPage,IL,Passenger,1,1,2,54,56,3.57
August 31 2021,Montgomery,OH,Passenger,0,1,1,57,58,1.72
January 31 2019,Snohomish,WA,Truck,1,0,1,122000,122001,0.00
October 31 2020,Garfield,WA,Passenger,0,1,1,1351,1352,0.07
April 30 2020,Middlesex,MA,Passenger,1,1,2,97,99,2.02
October 31 2020,Walla Walla,WA,Truck,0,0,0,13795,13795,0.00
July 31 2017,Jackson,MO,Passenger,1,0,1,58,59,1.69
May 31 2021,Benton,WA,Truck,0,0,0,43664,43664,0.00
August 31 2019,Kent,MI,Passenger,0,1,1,25,26,3.85
November 30 2023,San Joaquin,CA,Passenger,0,1,1,59,60,1.67
August 31 2020,Montgomery,PA,Passenger,1,0,1,27,28,3.57
January 31 2017,Benton,WA,Passenger,129,129,258,127850,128108,0.20
August 31 2023,Franklin,WA,Passenger,354,150,504,61700,62204,0.81
December 31 2020,Moore,NC,Passenger,0,1,1,151,152,0.66
January 31 2017,Lewis,NY,Passenger,0,1,1,10,11,9.09
August 31 2023,Shelby,AL,Passenger,1,0,1,7,8,12.50
July 31 2017,Bexar,TX,Passenger,1,1,2,893,895,0.22
May 31 2023,Leavenworth,KS,Passenger,0,1,1,93,94,1.06
March 31 2018,New London,CT,Passenger,1,1,2,250,252,0.79
October 31 2023,James City,VA,Passenger,1,0,1,37,38,2.63
August 31 2021,Duval,FL,Passenger,0,2,2,346,348,0.57
August 31 2021,Ventura,CA,Passenger,1,3,4,268,272,1.47
May 31 2022,Goochland,VA,Passenger,4,2,6,139,145,4.14
September 30 2023,Multnomah,OR,Passenger,1,2,3,364,367,0.82
July 31 2021,Boone,MO,Passenger,0,1,1,9,10,10.00
January 31 2018,Ramsey,MN,Passenger,1,0,1,41,42,2.38
December 31 2022,Richmond,GA,Passenger,0,1,1,66,67,1.49
December 31 2017,Snohomish,WA,Passenger,2016,1050,3066,516867,519933,0.59
October 31 2017,Pima,AZ,Passenger,1,1,2,427,429,0.47
January 31 2021,Whitman,WA,Passenger,51,46,97,21835,21932,0.44
August 31 2022,Adams,CO,Passenger,1,0,1,39,40,2.50
July 31 2020,Clay,FL,Passenger,0,1,1,82,83,1.20
June 30 2023,Kent,DE,Passenger,1,0,1,44,45,2.22
July 31 2020,Frederick,MD,Passenger,1,1,2,77,79,2.53
May 31 2022,Boone,MO,Passenger,0,1,1,9,10,10.00
April 30 2019,Skagit,WA,Passenger,292,197,489,91533,92022,0.53
November 30 2018,Ventura,CA,Passenger,0,2,2,327,329,0.61
October 31 2018,Benton,WA,Passenger,191,217,408,132564,132972,0.31
February 29 2020,Kern,CA,Passenger,0,1,1,223,224,0.45
July 31 2020,Grant,WA,Truck,0,0,0,27173,27173,0.00
May 31 2023,Yellowstone,MT,Passenger,0,1,1,17,18,5.56
May 31 2020,Eagle,CO,Passenger,1,0,1,10,11,9.09
January 31 2019,Grant,WA,Passenger,33,53,86,64362,64448,0.13
February 28 2023,Kitsap,WA,Passenger,2893,1170,4063,176755,180818,2.25
January 31 2019,Ventura,CA,Passenger,0,2,2,323,325,0.62
March 31 2020,Adams,WA,Passenger,7,7,14,12887,12901,0.11
June 30 2020,Shasta,CA,Passenger,1,0,1,38,39,2.56
July 31 2018,Charles,MD,Passenger,0,1,1,83,84,1.19
May 31 2022,New York,NY,Passenger,1,0,1,36,37,2.70
December 31 2022,Hoke,NC,Passenger,1,0,1,66,67,1.49
July 31 2023,Hudson,NJ,Passenger,1,0,1,16,17,5.88
November 30 2017,Whitman,WA,Truck,0,0,0,8439,8439,0.00
May 31 2021,Pend Oreille,WA,Truck,0,0,0,5745,5745,0.00
April 30 2020,Pinellas,FL,Passenger,1,1,2,115,117,1.71
August 31 2022,Ferry,WA,Passenger,20,4,24,4398,4422,0.54
February 29 2020,Walla Walla,WA,Truck,0,0,0,13698,13698,0.00
July 31 2020,Nassau,NY,Passenger,4,0,4,33,37,10.81
April 30 2021,Harris,TX,Passenger,1,1,2,213,215,0.93
June 30 2020,Mason,WA,Passenger,159,135,294,47266,47560,0.62
June 30 2021,Allegheny,PA,Passenger,1,1,2,68,70,2.86
October 31 2017,Albemarle,VA,Passenger,0,1,1,32,33,3.03
June 30 2017,Ferry,WA,Truck,0,0,0,3539,3539,0.00
March 31 2021,Kittitas,WA,Passenger,146,55,201,29885,30086,0.67
January 31 2018,Jefferson,WA,Truck,0,0,0,9484,9484,0.00
February 28 2019,Clark,WA,Passenger,1337,866,2203,311815,314018,0.70
October 31 2018,Maricopa,AZ,Passenger,3,2,5,1605,1610,0.31
July 31 2017,Klickitat,WA,Passenger,23,24,47,14804,14851,0.32
July 31 2022,Benton,WA,Truck,3,0,3,43473,43476,0.01
March 31 2022,Ventura,CA,Passenger,2,2,4,253,257,1.56
August 31 2017,Morris,NJ,Passenger,1,0,1,23,24,4.17
July 31 2019,Calvert,MD,Passenger,0,2,2,87,89,2.25
September 30 2021,Saginaw,MI,Passenger,1,0,1,8,9,11.11
March 31 2021,Kent,MI,Passenger,0,1,1,27,28,3.57
December 31 2021,Eagle,CO,Passenger,1,0,1,9,10,10.00
September 30 2023,Orange,NC,Passenger,0,1,1,3,4,25.00
July 31 2023,Spokane,WA,Truck,41,0,41,101471,101512,0.04
August 31 2023,Saratoga,NY,Passenger,1,1,2,32,34,5.88
June 30 2020,Yakima,WA,Passenger,133,119,252,165339,165591,0.15
December 31 2019,Skagit,WA,Passenger,363,213,576,92634,93210,0.62
January 31 2019,Island,WA,Truck,0,0,0,21200,21200,0.00
April 30 2020,Brevard,FL,Passenger,0,1,1,91,92,1.09
October 31 2022,Cumberland,NC,Passenger,1,4,5,351,356,1.40
March 31 2018,Sedgwick,KS,Passenger,0,1,1,106,107,0.93
March 31 2023,Currituck,NC,Passenger,1,0,1,17,18,5.56
June 30 2021,Greene,MO,Passenger,0,1,1,34,35,2.86
November 30 2020,Randolph,NC,Passenger,1,0,1,7,8,12.50
June 30 2019,Skagit,WA,Truck,1,0,1,32440,32441,0.00
February 28 2018,Stevens,WA,Passenger,10,21,31,31512,31543,0.10
November 30 2023,Santa Clara,CA,Passenger,9,2,11,129,140,7.86
June 30 2023,Mason,WA,Passenger,446,205,651,46261,46912,1.39
April 30 2018,Pacific,WA,Passenger,14,19,33,15484,15517,0.21
August 31 2022,Kittitas,WA,Truck,3,0,3,14618,14621,0.02
March 31 2020,Douglas,NE,Passenger,0,1,1,58,59,1.69
September 30 2019,Houston,GA,Passenger,1,0,1,56,57,1.75
March 31 2020,Moore,NC,Passenger,0,1,1,166,167,0.60
May 31 2021,Dakota,MN,Passenger,0,1,1,30,31,3.23
August 31 2021,New Haven,CT,Passenger,0,2,2,33,35,5.71
November 30 2023,Adams,CO,Passenger,1,0,1,19,20,5.00
June 30 2020,Boulder,CO,Passenger,1,1,2,46,48,4.17
October 31 2017,Kitsap,WA,Passenger,661,355,1016,174877,175893,0.58
July 31 2020,Clark,WA,Truck,0,0,0,82412,82412,0.00
July 31 2022,Island,WA,Passenger,833,379,1212,61736,62948,1.93
September 30 2022,Lewis,WA,Passenger,251,176,427,59806,60233,0.71
June 30 2023,Douglas,WA,Truck,6,0,6,12989,12995,0.05
May 31 2021,El Paso,TX,Passenger,3,0,3,391,394,0.76
July 31 2021,Bexar,TX,Passenger,3,4,7,539,546,1.28
May 31 2021,Maui,HI,Passenger,2,0,2,28,30,6.67
September 30 2022,Maui,HI,Passenger,1,0,1,24,25,4.00
August 31 2020,Asotin,WA,Truck,0,0,0,6668,6668,0.00
September 30 2018,Ramsey,MN,Passenger,1,0,1,42,43,2.33
December 31 2017,Los Angeles,CA,Passenger,5,2,7,1225,1232,0.57
August 31 2023,Anne Arundel,MD,Passenger,6,3,9,281,290,3.10
August 31 2022,Onslow,NC,Passenger,0,1,1,168,169,0.59
February 28 2021,Fairbanks North Star,AK,Passenger,0,1,1,88,89,1.12
October 31 2018,Sumter,FL,Passenger,0,1,1,10,11,9.09
May 31 2022,Pierce,WA,Passenger,4951,2286,7237,546351,553588,1.31
June 30 2019,New London,CT,Passenger,0,2,2,239,241,0.83
September 30 2020,Richland,SC,Passenger,0,1,1,145,146,0.68
May 31 2020,Prince George's,MD,Passenger,1,1,2,165,167,1.20
December 31 2022,Frederick,MD,Passenger,1,0,1,63,64,1.56
May 31 2021,Boone,MO,Passenger,0,1,1,8,9,11.11
February 28 2023,Essex,NJ,Passenger,2,0,2,9,11,18.18
October 31 2021,Carroll,NH,Passenger,0,1,1,5,6,16.67
February 28 2018,Eagle,CO,Passenger,1,0,1,6,7,14.29
December 31 2019,Monroe,IL,Passenger,1,0,1,3,4,25.00
September 30 2020,Placer,CA,Passenger,2,0,2,92,94,2.13
September 30 2019,Anne Arundel,MD,Passenger,1,1,2,439,441,0.45
May 31 2021,Deschutes,OR,Passenger,2,0,2,119,121,1.65
June 30 2021,Mason,WA,Truck,0,0,0,21329,21329,0.00
July 31 2023,Whatcom,WA,Truck,63,0,63,42571,42634,0.15
August 31 2023,Wichita,TX,Passenger,2,0,2,31,33,6.06
May 31 2020,New Haven,CT,Passenger,0,2,2,38,40,5.00
November 30 2023,Boulder,CO,Passenger,1,0,1,21,22,4.55
April 30 2020,Wahkiakum,WA,Passenger,6,5,11,2972,2983,0.37
June 30 2017,Anne Arundel,MD,Passenger,0,1,1,499,500,0.20
November 30 2022,Deschutes,OR,Passenger,1,0,1,73,74,1.35
September 30 2017,Anne Arundel,MD,Passenger,0,1,1,494,495,0.20
November 30 2022,Chesapeake,VA,Passenger,2,2,4,308,312,1.28
January 31 2023,Escambia,FL,Passenger,0,1,1,128,129,0.78
April 30 2021,El Dorado,CA,Passenger,1,0,1,34,35,2.86
June 30 2023,Camden,NJ,Passenger,0,1,1,13,14,7.14
July 31 2019,Shelby,TN,Passenger,0,1,1,93,94,1.06
December 31 2021,Ferry,WA,Passenger,14,3,17,4441,4458,0.38
October 31 2023,Harris,TX,Passenger,1,0,1,94,95,1.05
March 31 2023,Harris,TX,Passenger,2,0,2,128,130,1.54
January 31 2021,Clark,WA,Truck,0,0,0,83545,83545,0.00
December 31 2022,Cook,IL,Passenger,3,0,3,173,176,1.70
April 30 2020,Palm Beach,FL,Passenger,0,1,1,79,80,1.25
January 31 2021,Marion,IA,Passenger,1,0,1,1,2,50.00
July 31 2023,Santa Cruz,CA,Passenger,1,0,1,18,19,5.26
November 30 2023,Wahkiakum,WA,Passenger,31,22,53,2968,3021,1.75
December 31 2018,,,Passenger,4,2,6,418,424,1.42
December 31 2018,New London,CT,Passenger,0,2,2,252,254,0.79
March 31 2018,Lee,AL,Passenger,1,0,1,33,34,2.94
September 30 2018,Deschutes,OR,Passenger,2,0,2,167,169,1.18
April 30 2020,Grant,WA,Truck,0,0,0,26992,26992,0.00
April 30 2023,Contra Costa,CA,Passenger,0,3,3,196,199,1.51
February 28 2023,Houston,GA,Passenger,1,0,1,24,25,4.00
February 28 2019,Montgomery,PA,Passenger,2,0,2,36,38,5.26
June 30 2023,Hudson,NJ,Passenger,1,0,1,16,17,5.88
May 31 2019,Lewis,WA,Passenger,97,93,190,59027,59217,0.32
October 31 2017,Skamania,WA,Passenger,10,7,17,8571,8588,0.20
June 30 2023,Leavenworth,KS,Passenger,0,1,1,92,93,1.08
October 31 2021,DeKalb,GA,Passenger,1,0,1,63,64,1.56
December 31 2018,Snohomish,WA,Truck,1,0,1,121962,121963,0.00
May 31 2020,Clackamas,OR,Passenger,2,0,2,197,199,1.01
August 31 2022,Harrison,MS,Passenger,1,0,1,40,41,2.44
October 31 2017,Santa Rosa,FL,Passenger,1,0,1,110,111,0.90
August 31 2017,Deschutes,OR,Passenger,1,0,1,196,197,0.51
November 30 2017,Essex,NJ,Passenger,1,0,1,12,13,7.69
December 31 2021,Carroll,NH,Passenger,0,1,1,5,6,16.67
May 31 2023,Boulder,CO,Passenger,2,0,2,34,36,5.56
June 30 2023,Rockdale,GA,Passenger,1,0,1,5,6,16.67
March 31 2019,Eagle,CO,Passenger,1,0,1,5,6,16.67
January 31 2022,Duval,FL,Passenger,0,2,2,319,321,0.62
May 31 2019,Ventura,CA,Passenger,0,2,2,322,324,0.62
June 30 2018,Sacramento,CA,Passenger,1,0,1,311,312,0.32
June 30 2018,Whatcom,WA,Passenger,631,301,932,147635,148567,0.63
January 31 2020,Garfield,WA,Passenger,0,1,1,1320,1321,0.08
July 31 2023,Skagit,WA,Passenger,1145,420,1565,88504,90069,1.74
January 31 2023,Walla Walla,WA,Passenger,203,106,309,35752,36061,0.86
February 28 2023,Yakima,WA,Passenger,444,240,684,166263,166947,0.41
June 30 2020,Skagit,WA,Passenger,407,221,628,91149,91777,0.68
December 31 2018,Richmond,GA,Passenger,0,1,1,92,93,1.08
October 31 2017,DeKalb,GA,Passenger,1,0,1,87,88,1.14
May 31 2022,Albemarle,VA,Passenger,2,0,2,18,20,10.00
April 30 2023,Williamson,TX,Passenger,0,1,1,53,54,1.85
March 31 2019,,,Passenger,5,2,7,412,419,1.67
June 30 2017,Cumberland,NC,Passenger,1,0,1,591,592,0.17
May 31 2022,Pacific,WA,Passenger,60,68,128,15903,16031,0.80
December 31 2019,Maui,HI,Passenger,2,0,2,40,42,4.76
June 30 2020,Twin Falls,ID,Passenger,0,1,1,26,27,3.70
February 28 2019,Carroll,NH,Passenger,0,1,1,2,3,33.33
April 30 2021,Kings,NY,Passenger,1,0,1,69,70,1.43
November 30 2018,Collier,FL,Passenger,1,0,1,20,21,4.76
May 31 2020,Thurston,WA,Passenger,1136,732,1868,196734,198602,0.94
November 30 2017,Montgomery,TN,Passenger,1,0,1,276,277,0.36
February 28 2022,Norfolk,VA,Passenger,3,3,6,310,316,1.90
March 31 2022,Yakima,WA,Truck,0,0,0,61581,61581,0.00
November 30 2021,Sonoma,CA,Passenger,0,1,1,89,90,1.11
September 30 2017,Ramsey,MN,Passenger,1,0,1,42,43,2.33
July 31 2017,Anne Arundel,MD,Passenger,0,1,1,501,502,0.20
September 30 2018,Hamilton,IN,Passenger,1,0,1,48,49,2.04
November 30 2019,Greene,MO,Passenger,0,1,1,34,35,2.86
September 30 2023,Skagit,WA,Truck,27,0,27,31422,31449,0.09
March 31 2019,Clallam,WA,Truck,0,0,0,21616,21616,0.00
April 30 2019,Travis,TX,Passenger,3,1,4,202,206,1.94
April 30 2018,Walla Walla,WA,Truck,0,0,0,13332,13332,0.00
February 29 2020,Orange,CA,Passenger,7,2,9,529,538,1.67
June 30 2019,Collin,TX,Passenger,2,1,3,137,140,2.14
November 30 2019,Allegheny,PA,Passenger,1,0,1,83,84,1.19
April 30 2021,Polk,FL,Passenger,1,0,1,60,61,1.64
June 30 2020,Gwinnett,GA,Passenger,1,0,1,76,77,1.30
June 30 2020,Queens,NY,Passenger,1,0,1,51,52,1.92
July 31 2022,New Haven,CT,Passenger,0,2,2,31,33,6.06
May 31 2022,Sevier,AR,Passenger,0,1,1,0,1,100.00
January 31 2023,Danville,VA,Passenger,1,0,1,0,1,100.00
October 31 2018,Snohomish,WA,Passenger,2637,1377,4014,525896,529910,0.76
July 31 2021,Okanogan,WA,Truck,0,0,0,16746,16746,0.00
April 30 2018,Prince William,VA,Passenger,0,4,4,265,269,1.49
February 29 2020,Suffolk,VA,Passenger,1,0,1,124,125,0.80
June 30 2020,Fairfax,VA,Passenger,5,3,8,732,740,1.08
December 31 2019,Whatcom,WA,Truck,2,0,2,43189,43191,0.00
May 31 2018,Benton,WA,Passenger,188,195,383,131299,131682,0.29
November 30 2020,Walla Walla,WA,Passenger,95,66,161,36064,36225,0.44
April 30 2021,Sacramento,CA,Passenger,2,0,2,243,245,0.82
September 30 2017,Whitman,WA,Passenger,12,22,34,22192,22226,0.15
February 28 2021,El Paso,TX,Passenger,3,0,3,398,401,0.75
June 30 2021,Riverside,CA,Passenger,5,1,6,547,553,1.08
July 31 2020,Columbia,WA,Passenger,4,3,7,2419,2426,0.29
November 30 2022,Clark,WA,Passenger,4778,1977,6755,314963,321718,2.10
March 31 2023,Broward,FL,Passenger,1,0,1,66,67,1.49
February 28 2022,Middlesex,MA,Passenger,0,1,1,85,86,1.16
February 28 2017,Manassas,VA,Passenger,0,1,1,8,9,11.11
December 31 2019,DeKalb,IN,Passenger,1,0,1,1,2,50.00
May 31 2018,San Mateo,CA,Passenger,1,1,2,137,139,1.44
July 31 2018,Orange,FL,Passenger,2,1,3,174,177,1.69
July 31 2019,Jefferson,NY,Passenger,0,2,2,217,219,0.91
April 30 2017,Morris,NJ,Passenger,1,0,1,22,23,4.35
April 30 2020,Carroll,NH,Passenger,0,1,1,4,5,20.00
September 30 2019,Franklin,MA,Passenger,0,1,1,1,2,50.00
June 30 2017,Stevens,WA,Passenger,8,23,31,31379,31410,0.10
December 31 2021,Fairfax,VA,Passenger,4,4,8,665,673,1.19
February 28 2021,Fresno,CA,Passenger,1,0,1,183,184,0.54
April 30 2019,Ferry,WA,Truck,0,0,0,3593,3593,0.00
June 30 2022,Solano,CA,Passenger,1,0,1,164,165,0.61
June 30 2019,Spartanburg,SC,Passenger,0,1,1,38,39,2.56
March 31 2023,Beaufort,SC,Passenger,1,0,1,23,24,4.17
August 31 2019,Shelby,OH,Passenger,0,1,1,1,2,50.00
October 31 2022,Eagle,CO,Passenger,1,0,1,9,10,10.00
July 31 2021,Wahkiakum,WA,Passenger,15,8,23,3090,3113,0.74
March 31 2018,Columbia,WA,Truck,0,0,0,1532,1532,0.00
November 30 2018,Honolulu,HI,Passenger,1,3,4,524,528,0.76
June 30 2019,Kootenai,ID,Passenger,1,1,2,220,222,0.90
September 30 2019,Twin Falls,ID,Passenger,0,1,1,27,28,3.57
July 31 2020,Polk,FL,Passenger,1,0,1,67,68,1.47
March 31 2023,Maui,HI,Passenger,1,0,1,23,24,4.17
December 31 2018,Franklin,MA,Passenger,0,1,1,1,2,50.00
October 31 2021,Goochland,VA,Passenger,3,2,5,205,210,2.38
November 30 2018,Adams,WA,Passenger,5,5,10,12746,12756,0.08
October 31 2022,Calvert,MD,Passenger,0,2,2,75,77,2.60
October 31 2022,Richmond,GA,Passenger,0,1,1,63,64,1.56
July 31 2022,Hawaii,HI,Passenger,1,0,1,38,39,2.56
August 31 2021,Kings,CA,Passenger,1,0,1,330,331,0.30
September 30 2020,Duval,FL,Passenger,0,2,2,368,370,0.54
August 31 2018,Douglas,NE,Passenger,0,1,1,71,72,1.39
July 31 2021,Montgomery,TX,Passenger,1,1,2,46,48,4.17
June 30 2023,Yellowstone,MT,Passenger,0,1,1,14,15,6.67
June 30 2023,Grant,WA,Passenger,282,126,408,67148,67556,0.60
July 31 2019,St. Mary's,MD,Passenger,1,0,1,219,220,0.45
October 31 2022,Deschutes,OR,Passenger,1,0,1,74,75,1.33
December 31 2017,Kitsap,WA,Truck,1,0,1,52690,52691,0.00
August 31 2018,Norfolk,VA,Passenger,2,2,4,340,344,1.16
October 31 2020,Williamson,TX,Passenger,0,2,2,133,135,1.48
October 31 2021,Hennepin,MN,Passenger,3,0,3,72,75,4.00
October 31 2017,Lane,OR,Passenger,0,1,1,216,217,0.46
February 28 2023,Santa Cruz,CA,Passenger,1,0,1,18,19,5.26
August 31 2021,Washtenaw,MI,Passenger,0,1,1,29,30,3.33
April 30 2022,Wilson,NC,Passenger,1,0,1,0,1,100.00
December 31 2018,Spokane,WA,Passenger,438,373,811,307146,307957,0.26
June 30 2019,Spokane,WA,Passenger,538,433,971,311764,312735,0.31
July 31 2021,Harris,TX,Passenger,1,1,2,198,200,1.00
January 31 2023,James City,VA,Passenger,1,0,1,40,41,2.44
December 31 2019,Wahkiakum,WA,Truck,0,0,0,1754,1754,0.00
February 28 2018,Whatcom,WA,Truck,1,0,1,42040,42041,0.00
September 30 2018,Adams,WA,Truck,0,0,0,5157,5157,0.00
February 29 2020,Skamania,WA,Truck,0,0,0,4101,4101,0.00
March 31 2020,Rockingham,NH,Passenger,1,0,1,27,28,3.57
March 31 2023,Placer,CA,Passenger,1,0,1,60,61,1.64
December 31 2021,Rogers,OK,Passenger,1,0,1,4,5,20.00
June 30 2023,Adams,CO,Passenger,1,0,1,22,23,4.35
March 31 2023,Thurston,WA,Truck,52,0,52,54350,54402,0.10
March 31 2021,Cowlitz,WA,Truck,0,0,0,29049,29049,0.00
September 30 2019,Klickitat,WA,Passenger,38,36,74,15620,15694,0.47
February 29 2020,Garfield,WA,Passenger,0,1,1,1348,1349,0.07
February 28 2019,Lincoln,WA,Truck,0,0,0,4665,4665,0.00
November 30 2018,Bucks,PA,Passenger,1,0,1,18,19,5.26
March 31 2017,Nueces,TX,Passenger,0,1,1,100,101,0.99
May 31 2022,Spartanburg,SC,Passenger,0,1,1,40,41,2.44
July 31 2020,Williams,ND,Passenger,0,1,1,11,12,8.33
February 28 2023,Rockdale,GA,Passenger,1,0,1,6,7,14.29
June 30 2023,Oldham,KY,Passenger,0,1,1,3,4,25.00
September 30 2018,Pend Oreille,WA,Truck,0,0,0,5742,5742,0.00
May 31 2019,Sedgwick,KS,Passenger,0,1,1,105,106,0.94
April 30 2021,Kern,CA,Passenger,0,1,1,215,216,0.46
November 30 2017,Okanogan,WA,Passenger,5,17,22,25725,25747,0.09
June 30 2019,Bexar,TX,Passenger,3,5,8,672,680,1.18
September 30 2020,Fresno,CA,Passenger,1,0,1,186,187,0.53
January 31 2021,Jefferson,WA,Truck,0,0,0,9596,9596,0.00
April 30 2022,St. Mary's,MD,Passenger,1,0,1,198,199,0.50
November 30 2023,Adams,WA,Truck,3,0,3,5077,5080,0.06
February 28 2017,Dane,WI,Passenger,1,0,1,169,170,0.59
February 28 2023,Vernon,LA,Passenger,1,0,1,76,77,1.30
September 30 2018,Juneau,AK,Passenger,0,1,1,42,43,2.33
September 30 2020,Albemarle,VA,Passenger,1,0,1,21,22,4.55
December 31 2021,Meade,KY,Passenger,1,0,1,23,24,4.17
July 31 2019,Shelby,OH,Passenger,0,1,1,1,2,50.00
August 31 2019,Sumter,FL,Passenger,0,1,1,9,10,10.00
November 30 2018,Valencia,NM,Passenger,1,0,1,12,13,7.69
July 31 2017,Collier,FL,Passenger,1,0,1,21,22,4.55
August 31 2019,Thurston,WA,Passenger,928,660,1588,198297,199885,0.79
August 31 2020,Duval,FL,Passenger,0,2,2,367,369,0.54
October 31 2023,Orange,CA,Passenger,7,3,10,265,275,3.64
August 31 2022,Tarrant,TX,Passenger,1,0,1,112,113,0.88
February 28 2022,Montgomery,PA,Passenger,2,0,2,23,25,8.00
June 30 2017,Dane,WI,Passenger,1,0,1,104,105,0.95
October 31 2021,Pierce,WA,Passenger,4001,2080,6081,557602,563683,1.08
April 30 2019,Adams,WA,Truck,0,0,0,5102,5102,0.00
August 31 2019,Kittitas,WA,Passenger,79,44,123,29746,29869,0.41
November 30 2018,Pend Oreille,WA,Passenger,5,5,10,9556,9566,0.10
July 31 2017,Clark,NV,Passenger,2,2,4,819,823,0.49
August 31 2017,Garfield,WA,Truck,0,0,0,931,931,0.00
August 31 2019,Kalamazoo,MI,Passenger,1,0,1,15,16,6.25
November 30 2022,New Haven,CT,Passenger,0,2,2,29,31,6.45
January 31 2017,Carroll,NH,Passenger,0,1,1,0,1,100.00
October 31 2018,Kitsap,WA,Passenger,879,507,1386,179910,181296,0.76
October 31 2022,Pend Oreille,WA,Passenger,18,12,30,8999,9029,0.33
June 30 2018,Broward,FL,Passenger,1,1,2,132,134,1.49
February 29 2020,Pierce,WA,Passenger,2253,1683,3936,551028,554964,0.71
April 30 2023,Lake,IL,Passenger,2,0,2,122,124,1.61
April 30 2023,Jackson,OK,Passenger,0,1,1,28,29,3.45
July 31 2019,Larimer,CO,Passenger,1,0,1,57,58,1.72
January 31 2017,Monroe,NY,Passenger,1,0,1,31,32,3.12
September 30 2020,Lewis,WA,Truck,0,0,0,26445,26445,0.00
March 31 2023,Island,WA,Passenger,986,422,1408,61365,62773,2.24
June 30 2017,Kittitas,WA,Passenger,21,17,38,27579,27617,0.14
April 30 2017,Allegheny,PA,Passenger,1,0,1,94,95,1.05
August 31 2023,Middlesex,MA,Passenger,2,1,3,62,65,4.62
November 30 2020,DuPage,IL,Passenger,3,1,4,56,60,6.67
June 30 2017,Marin,CA,Passenger,1,0,1,60,61,1.64
January 31 2019,Beaufort,SC,Passenger,1,0,1,38,39,2.56
April 30 2020,Osceola,FL,Passenger,1,0,1,42,43,2.33
December 31 2018,Monroe,IL,Passenger,1,0,1,3,4,25.00
August 31 2022,Norfolk,VA,Passenger,2,3,5,287,292,1.71
May 31 2017,Shelby,TN,Passenger,0,1,1,113,114,0.88
January 31 2017,District of Columbia,DC,Passenger,0,3,3,236,239,1.26
June 30 2018,Beaufort,SC,Passenger,1,0,1,40,41,2.44
January 31 2022,Snohomish,WA,Passenger,7217,2276,9493,536468,545961,1.74
October 31 2022,Kittitas,WA,Truck,5,0,5,14600,14605,0.03
May 31 2022,Sacramento,CA,Passenger,2,0,2,212,214,0.93
April 30 2021,Pima,AZ,Passenger,2,1,3,310,313,0.96
November 30 2023,Loudoun,VA,Passenger,2,0,2,53,55,3.64
April 30 2020,DuPage,IL,Passenger,3,0,3,60,63,4.76
March 31 2021,San Francisco,CA,Passenger,1,1,2,99,101,1.98
March 31 2022,Okaloosa,FL,Passenger,0,1,1,109,110,0.91
July 31 2021,Louisa,VA,Passenger,0,1,1,1,2,50.00
July 31 2022,Louisa,VA,Passenger,0,1,1,1,2,50.00
November 30 2022,Hamilton,OH,Truck,1,0,1,3,4,25.00
September 30 2023,Lincoln,WA,Passenger,20,22,42,7527,7569,0.55
December 31 2022,Clark,NV,Passenger,8,2,10,446,456,2.19
June 30 2022,Mason,WA,Truck,1,0,1,21057,21058,0.00
July 31 2022,New London,CT,Passenger,2,5,7,189,196,3.57
February 28 2023,Yellowstone,MT,Passenger,0,1,1,16,17,5.88
April 30 2022,Albemarle,VA,Passenger,2,0,2,19,21,9.52
July 31 2017,Mercer,NJ,Passenger,0,1,1,19,20,5.00
April 30 2023,Hamilton,OH,Passenger,1,0,1,30,31,3.23
February 28 2019,Oldham,KY,Passenger,0,1,1,5,6,16.67
August 31 2020,Columbia,WA,Truck,0,0,0,1525,1525,0.00
April 30 2022,Moore,NC,Passenger,0,1,1,121,122,0.82
January 31 2020,Travis,TX,Passenger,3,1,4,194,198,2.02
March 31 2023,Snohomish,WA,Truck,134,0,134,122081,122215,0.11
December 31 2022,Clark,WA,Passenger,4922,2028,6950,314855,321805,2.16
August 31 2019,Maricopa,AZ,Passenger,7,5,12,1580,1592,0.75
May 31 2021,Skagit,WA,Truck,1,0,1,33047,33048,0.00
October 31 2021,Lake,IL,Passenger,3,0,3,164,167,1.80
October 31 2021,Solano,CA,Passenger,1,0,1,180,181,0.55
September 30 2018,Charles,MD,Passenger,0,1,1,84,85,1.18
July 31 2021,Harford,MD,Passenger,0,1,1,55,56,1.79
June 30 2021,Okaloosa,FL,Passenger,0,1,1,124,125,0.80
August 31 2022,Travis,TX,Passenger,3,0,3,102,105,2.86
August 31 2018,Middlesex,MA,Passenger,0,1,1,139,140,0.71
December 31 2022,Hardin,KY,Passenger,1,0,1,58,59,1.69
July 31 2022,Pulaski,AR,Passenger,1,0,1,27,28,3.57
April 30 2021,King,WA,Passenger,29454,8752,38206,1369090,1407296,2.71
June 30 2021,Santa Clara,CA,Passenger,8,2,10,263,273,3.66
August 31 2021,Pend Oreille,WA,Truck,0,0,0,5722,5722,0.00
March 31 2020,Sedgwick,KS,Passenger,1,1,2,97,99,2.02
March 31 2020,Virginia Beach,VA,Passenger,1,0,1,687,688,0.15
April 30 2022,Kings,NY,Passenger,1,0,1,62,63,1.59
November 30 2023,Whitman,WA,Truck,6,0,6,8448,8454,0.07
November 30 2019,Bucks,PA,Passenger,1,0,1,24,25,4.00
June 30 2018,Hawaii,HI,Passenger,1,0,1,73,74,1.35
June 30 2018,Dale,AL,Passenger,0,1,1,57,58,1.72
October 31 2022,Anchorage,AK,Passenger,1,0,1,121,122,0.82
April 30 2020,Lee,FL,Passenger,1,0,1,52,53,1.89
January 31 2020,Oldham,KY,Passenger,0,1,1,4,5,20.00
October 31 2019,Valencia,NM,Passenger,1,0,1,8,9,11.11
August 31 2021,Randolph,NC,Passenger,1,0,1,6,7,14.29
November 30 2021,Powhatan,VA,Passenger,1,0,1,1,2,50.00
January 31 2023,King,WA,Passenger,49857,12520,62377,1334149,1396526,4.47
July 31 2022,Deschutes,OR,Passenger,2,0,2,85,87,2.30
January 31 2018,District of Columbia,DC,Passenger,0,3,3,196,199,1.51
April 30 2019,Pinal,AZ,Passenger,2,0,2,197,199,1.01
July 31 2022,Chesapeake,VA,Passenger,3,2,5,334,339,1.47
May 31 2019,San Juan,WA,Passenger,207,71,278,14353,14631,1.90
February 28 2017,Oklahoma,OK,Passenger,0,1,1,191,192,0.52
October 31 2020,Pacific,WA,Passenger,34,34,68,15720,15788,0.43
August 31 2020,Whatcom,WA,Passenger,1111,512,1623,149171,150794,1.08
June 30 2023,Skagit,WA,Truck,21,0,21,31837,31858,0.07
February 28 2021,Maricopa,AZ,Passenger,5,7,12,1345,1357,0.88
May 31 2023,Harrison,MS,Passenger,1,0,1,33,34,2.94
December 31 2018,Tarrant,TX,Passenger,1,0,1,209,210,0.48
May 31 2020,Charles,MD,Passenger,1,1,2,77,79,2.53
June 30 2019,Wayne,MI,Passenger,0,1,1,68,69,1.45
August 31 2023,Virginia Beach,VA,Truck,1,0,1,93,94,1.06
November 30 2023,Lake,IN,Passenger,0,1,1,4,5,20.00
February 29 2020,Lee,FL,Passenger,1,0,1,53,54,1.85
February 28 2023,Kootenai,ID,Truck,1,0,1,27,28,3.57
February 28 2021,Larimer,CO,Passenger,1,0,1,52,53,1.89
April 30 2019,Owyhee,ID,Passenger,1,0,1,5,6,16.67
May 31 2021,Ray,MO,Passenger,0,1,1,1,2,50.00
April 30 2018,St. Lucie,FL,Passenger,1,0,1,26,27,3.70
February 28 2019,Grant,WA,Truck,0,0,0,26315,26315,0.00
August 31 2018,Yakima,WA,Truck,0,0,0,58617,58617,0.00
February 28 2022,Multnomah,OR,Passenger,1,4,5,602,607,0.82
June 30 2021,Cook,IL,Passenger,1,0,1,216,217,0.46
August 31 2022,Jefferson,NY,Passenger,1,1,2,204,206,0.97
July 31 2020,Okaloosa,FL,Passenger,0,1,1,145,146,0.68
December 31 2020,Washtenaw,MI,Passenger,1,1,2,32,34,5.88
June 30 2022,Lincoln,WA,Truck,0,0,0,4832,4832,0.00
November 30 2018,Skamania,WA,Passenger,18,14,32,8729,8761,0.37
November 30 2017,Pacific,WA,Passenger,15,11,26,15330,15356,0.17
May 31 2022,San Diego,CA,Passenger,17,9,26,2402,2428,1.07
January 31 2022,Chelan,WA,Passenger,421,117,538,54577,55115,0.98
September 30 2022,Norfolk,VA,Passenger,3,3,6,289,295,2.03
July 31 2017,Allegheny,PA,Passenger,1,0,1,91,92,1.09
July 31 2021,Harrison,MS,Passenger,2,0,2,54,56,3.57
January 31 2019,Houston,GA,Passenger,1,0,1,50,51,1.96
March 31 2022,Lake,IN,Passenger,0,1,1,9,10,10.00
July 31 2023,Goochland,VA,Passenger,1,2,3,31,34,8.82
June 30 2023,Galveston,TX,Passenger,0,1,1,15,16,6.25
September 30 2021,Rogers,OK,Passenger,1,0,1,4,5,20.00
March 31 2020,Osceola,FL,Passenger,1,0,1,42,43,2.33
February 28 2022,Boone,MO,Passenger,0,1,1,9,10,10.00
November 30 2023,Suffolk,VA,Passenger,1,0,1,84,85,1.18
December 31 2017,Santa Rosa,FL,Passenger,1,0,1,105,106,0.94
September 30 2022,Douglas,WA,Truck,1,0,1,12778,12779,0.01
January 31 2022,Okanogan,WA,Passenger,70,47,117,26525,26642,0.44
February 28 2022,Harris,TX,Passenger,1,0,1,170,171,0.58
November 30 2018,Alameda,CA,Passenger,0,2,2,332,334,0.60
April 30 2023,Chesapeake,VA,Passenger,3,2,5,288,293,1.71
January 31 2018,Polk,FL,Passenger,1,0,1,63,64,1.56
October 31 2017,Lumpkin,GA,Passenger,1,0,1,9,10,10.00
November 30 2022,Kootenai,ID,Truck,1,0,1,30,31,3.23
May 31 2021,Owyhee,ID,Passenger,1,0,1,3,4,25.00
April 30 2021,Randolph,NC,Passenger,1,0,1,8,9,11.11
July 31 2018,Los Angeles,CA,Passenger,6,4,10,1154,1164,0.86
August 31 2019,Stevens,WA,Passenger,22,29,51,31694,31745,0.16
January 31 2022,Coryell,TX,Passenger,1,0,1,105,106,0.94
May 31 2018,Canyon,ID,Passenger,0,1,1,89,90,1.11
December 31 2022,Richmond,NY,Passenger,1,0,1,4,5,20.00
January 31 2018,Portsmouth,VA,Passenger,0,1,1,70,71,1.41
February 29 2020,Guadalupe,TX,Passenger,1,0,1,69,70,1.43
March 31 2020,Ferry,WA,Passenger,5,3,8,4366,4374,0.18
April 30 2023,,,Passenger,3,0,3,250,253,1.19
May 31 2020,Contra Costa,CA,Passenger,3,2,5,315,320,1.56
February 28 2021,Grays Harbor,WA,Truck,0,0,0,21248,21248,0.00
July 31 2020,Klickitat,WA,Truck,0,0,0,8116,8116,0.00
April 30 2021,Okanogan,WA,Truck,0,0,0,16746,16746,0.00
March 31 2023,Clark,NV,Passenger,7,2,9,419,428,2.10
May 31 2023,Lake,IN,Passenger,0,1,1,6,7,14.29
September 30 2020,New Haven,CT,Passenger,0,2,2,34,36,5.56
October 31 2023,Las Animas,CO,Passenger,1,0,1,0,1,100.00
January 31 2021,Fresno,CA,Passenger,1,0,1,185,186,0.54
May 31 2019,Adams,WA,Passenger,5,6,11,12712,12723,0.09
July 31 2020,Harrison,MS,Passenger,1,0,1,52,53,1.89
February 29 2020,Walla Walla,WA,Passenger,68,62,130,36314,36444,0.36
May 31 2020,Franklin,WA,Passenger,58,75,133,60563,60696,0.22
May 31 2020,Richland,SC,Passenger,0,1,1,155,156,0.64
November 30 2022,Sedgwick,KS,Passenger,1,1,2,70,72,2.78
February 28 2022,DuPage,IL,Passenger,1,1,2,52,54,3.70
April 30 2023,Alexandria,VA,Passenger,4,1,5,90,95,5.26
September 30 2023,Gwinnett,GA,Passenger,1,0,1,36,37,2.70
October 31 2021,Eagle,CO,Passenger,1,0,1,10,11,9.09
July 31 2019,Pend Oreille,WA,Passenger,4,6,10,9535,9545,0.10
March 31 2020,Ada,ID,Passenger,0,1,1,297,298,0.34
June 30 2023,Ferry,WA,Truck,0,0,0,3577,3577,0.00
March 31 2020,Orange,CA,Passenger,7,2,9,527,536,1.68
July 31 2017,Travis,TX,Passenger,1,1,2,192,194,1.03
November 30 2023,San Bernardino,CA,Passenger,2,1,3,220,223,1.35
March 31 2021,Greene,MO,Passenger,0,1,1,36,37,2.70
June 30 2018,DeKalb,GA,Passenger,1,0,1,83,84,1.19
July 31 2021,Sarasota,FL,Passenger,2,0,2,30,32,6.25
October 31 2022,Owyhee,ID,Passenger,1,0,1,3,4,25.00
September 30 2020,Yakima,WA,Passenger,155,124,279,166475,166754,0.17
December 31 2021,Grant,WA,Passenger,137,98,235,66957,67192,0.35
March 31 2021,Howard,MD,Passenger,0,1,1,67,68,1.47
September 30 2022,Pend Oreille,WA,Passenger,18,12,30,9012,9042,0.33
September 30 2020,Deschutes,OR,Passenger,2,0,2,132,134,1.49
July 31 2023,Sedgwick,KS,Passenger,1,0,1,51,52,1.92
August 31 2023,Nueces,TX,Passenger,1,1,2,48,50,4.00
April 30 2022,Adams,CO,Passenger,1,0,1,38,39,2.56
May 31 2019,Washoe,NV,Passenger,2,0,2,115,117,1.71
August 31 2022,Miami-Dade,FL,Passenger,1,0,1,73,74,1.35
October 31 2020,Montgomery,AL,Passenger,0,1,1,42,43,2.33
October 31 2019,Lewis,WA,Passenger,108,102,210,59439,59649,0.35
October 31 2019,Clark,WA,Truck,0,0,0,81145,81145,0.00
October 31 2021,Honolulu,HI,Passenger,5,3,8,391,399,2.01
May 31 2019,Multnomah,OR,Passenger,5,5,10,757,767,1.30
June 30 2020,Alameda,CA,Passenger,2,0,2,276,278,0.72
January 31 2019,Volusia,FL,Passenger,0,1,1,40,41,2.44
October 31 2018,Garfield,OK,Passenger,1,0,1,15,16,6.25
December 31 2022,Lake,FL,Passenger,1,0,1,16,17,5.88
August 31 2019,Guadalupe,TX,Passenger,1,0,1,73,74,1.35
November 30 2021,Carroll,MD,Passenger,0,1,1,18,19,5.26
April 30 2023,Benton,OR,Passenger,1,0,1,37,38,2.63
December 31 2020,Thurston,WA,Passenger,1321,780,2101,197270,199371,1.05
August 31 2017,St. Clair,IL,Passenger,0,1,1,169,170,0.59
February 28 2018,Franklin,WA,Passenger,32,51,83,57008,57091,0.15
April 30 2020,Walla Walla,WA,Passenger,69,63,132,36000,36132,0.37
April 30 2023,Cook,IL,Passenger,3,0,3,157,160,1.88
March 31 2018,New Haven,CT,Passenger,0,1,1,51,52,1.92
November 30 2022,Montgomery,MD,Passenger,4,2,6,193,199,3.02
August 31 2021,Fort Bend,TX,Passenger,1,0,1,36,37,2.70
March 31 2021,Dakota,MN,Passenger,0,1,1,29,30,3.33
February 28 2022,Collin,TX,Passenger,3,0,3,101,104,2.88
November 30 2022,Wichita,TX,Passenger,2,0,2,38,40,5.00
May 31 2019,Yakima,WA,Passenger,94,104,198,165004,165202,0.12
April 30 2020,Yakima,WA,Passenger,130,115,245,165250,165495,0.15
August 31 2017,Okanogan,WA,Truck,0,0,0,16242,16242,0.00
March 31 2022,Snohomish,WA,Truck,4,0,4,124794,124798,0.00
May 31 2022,Santa Clara,CA,Passenger,11,1,12,241,253,4.74
October 31 2021,,,Passenger,3,2,5,314,319,1.57
March 31 2020,Lincoln,WA,Passenger,2,12,14,7750,7764,0.18
May 31 2019,Marion,OR,Passenger,1,0,1,117,118,0.85
August 31 2021,Nassau,NY,Passenger,3,0,3,31,34,8.82
April 30 2021,Owyhee,ID,Passenger,1,0,1,3,4,25.00
March 31 2022,Bartow,GA,Passenger,0,1,1,3,4,25.00
June 30 2018,Spokane,WA,Passenger,340,316,656,303103,303759,0.22
February 28 2018,El Paso,TX,Passenger,1,0,1,527,528,0.19
November 30 2019,Hawaii,HI,Passenger,1,0,1,58,59,1.69
October 31 2020,Stevens,WA,Truck,0,0,0,18692,18692,0.00
January 31 2019,San Juan,WA,Truck,0,0,0,5799,5799,0.00
April 30 2019,Island,WA,Truck,0,0,0,21237,21237,0.00
December 31 2020,Clark,NV,Passenger,4,2,6,661,667,0.90
July 31 2017,Flathead,MT,Passenger,1,0,1,60,61,1.64
October 31 2019,Clallam,WA,Passenger,194,150,344,50935,51279,0.67
July 31 2022,Philadelphia,PA,Passenger,1,0,1,42,43,2.33
April 30 2020,Honolulu,HI,Passenger,4,2,6,472,478,1.26
August 31 2019,Whitman,WA,Truck,0,0,0,8629,8629,0.00
May 31 2019,Prince George's,MD,Passenger,1,1,2,181,183,1.09
December 31 2018,Nueces,TX,Passenger,1,1,2,93,95,2.11
April 30 2020,Dallas,TX,Passenger,1,0,1,210,211,0.47
August 31 2020,Carson City,NV,Passenger,1,0,1,10,11,9.09
June 30 2017,Manassas,VA,Passenger,0,1,1,9,10,10.00
September 30 2017,Franklin,MA,Passenger,0,1,1,4,5,20.00
April 30 2017,Sumter,FL,Passenger,0,1,1,10,11,9.09
November 30 2017,Asotin,WA,Truck,0,0,0,6551,6551,0.00
March 31 2021,Walla Walla,WA,Truck,0,0,0,13965,13965,0.00
January 31 2019,Fairfax,VA,Passenger,4,2,6,804,810,0.74
October 31 2023,Prince George's,MD,Passenger,3,1,4,100,104,3.85
June 30 2020,Henrico,VA,Passenger,0,1,1,18,19,5.26
April 30 2018,Tulsa,OK,Passenger,0,1,1,48,49,2.04
December 31 2022,Lee,FL,Passenger,1,0,1,31,32,3.12
October 31 2020,New Haven,CT,Passenger,0,2,2,33,35,5.71
November 30 2017,District of Columbia,DC,Passenger,0,3,3,204,207,1.45
January 31 2017,Mason,WA,Passenger,48,60,108,42803,42911,0.25
August 31 2017,Northampton,PA,Passenger,0,1,1,97,98,1.02
November 30 2019,Jefferson,WA,Passenger,212,132,344,25176,25520,1.35
July 31 2018,Klickitat,WA,Truck,0,0,0,8124,8124,0.00
September 30 2022,St. Louis,MO,Passenger,2,0,2,59,61,3.28
August 31 2020,Tulsa,OK,Passenger,1,1,2,44,46,4.35
October 31 2023,Stafford,VA,Passenger,3,0,3,70,73,4.11
March 31 2020,Polk,FL,Passenger,1,0,1,71,72,1.39
September 30 2017,Lumpkin,GA,Passenger,1,0,1,9,10,10.00
July 31 2018,Nantucket,MA,Passenger,1,0,1,4,5,20.00
November 30 2022,Garfield,WA,Passenger,1,3,4,1302,1306,0.31
April 30 2017,Lewis,WA,Passenger,46,33,79,55192,55271,0.14
October 31 2020,San Juan,WA,Truck,0,0,0,5860,5860,0.00
June 30 2019,Pinellas,FL,Passenger,1,0,1,118,119,0.84
May 31 2022,Suffolk,VA,Passenger,1,0,1,120,121,0.83
August 31 2019,Okanogan,WA,Passenger,25,26,51,26187,26238,0.19
December 31 2022,Clark,WA,Truck,51,0,51,81900,81951,0.06
September 30 2020,Carroll,MD,Passenger,0,1,1,21,22,4.55
October 31 2023,Fulton,GA,Passenger,1,0,1,40,41,2.44
June 30 2022,Lee,FL,Passenger,1,0,1,35,36,2.78
January 31 2019,Skagit,WA,Truck,1,0,1,32315,32316,0.00
October 31 2021,Cowlitz,WA,Truck,0,1,1,29062,29063,0.00
May 31 2019,Pend Oreille,WA,Passenger,4,5,9,9535,9544,0.09
April 30 2018,Fulton,GA,Passenger,1,1,2,98,100,2.00
May 31 2023,Ventura,CA,Passenger,3,2,5,211,216,2.31
August 31 2018,Travis,TX,Passenger,1,1,2,200,202,0.99
June 30 2017,Orange,FL,Passenger,1,1,2,133,135,1.48
March 31 2019,Montgomery,PA,Passenger,2,0,2,37,39,5.13
November 30 2022,Yellowstone,MT,Passenger,0,1,1,18,19,5.26
February 28 2019,Camden,NJ,Passenger,0,1,1,27,28,3.57
June 30 2018,Clallam,WA,Passenger,124,112,236,49913,50149,0.47
February 28 2023,Garfield,WA,Truck,0,0,0,980,980,0.00
July 31 2017,Clallam,WA,Truck,0,0,0,21042,21042,0.00
December 31 2018,Multnomah,OR,Passenger,3,5,8,772,780,1.03
November 30 2020,Erie,NY,Passenger,1,0,1,46,47,2.13
April 30 2023,Skamania,WA,Truck,1,0,1,3850,3851,0.03
September 30 2021,Pierce,WA,Truck,0,0,0,145386,145386,0.00
February 29 2020,Honolulu,HI,Passenger,4,2,6,483,489,1.23
December 31 2020,Lewis,WA,Truck,0,0,0,26621,26621,0.00
July 31 2020,Chelan,WA,Passenger,240,82,322,54225,54547,0.59
December 31 2022,Dallas,TX,Passenger,1,0,1,94,95,1.05
August 31 2022,Hardin,KY,Passenger,1,0,1,64,65,1.54
April 30 2023,Adams,CO,Passenger,1,0,1,27,28,3.57
October 31 2023,St. Mary's,MD,Passenger,1,0,1,163,164,0.61
October 31 2020,Columbia,WA,Truck,0,0,0,1531,1531,0.00
January 31 2017,Brown,WI,Passenger,1,0,1,46,47,2.13
May 31 2017,Salt Lake,UT,Passenger,0,1,1,275,276,0.36
November 30 2017,New Haven,CT,Passenger,0,1,1,53,54,1.85
July 31 2022,Hoke,NC,Passenger,1,0,1,73,74,1.35
April 30 2022,Sarasota,FL,Passenger,2,0,2,29,31,6.45
April 30 2021,District of Columbia,DC,Passenger,4,1,5,191,196,2.55
September 30 2017,Wahkiakum,WA,Truck,0,0,0,1667,1667,0.00
November 30 2017,Jefferson,WA,Passenger,116,71,187,24180,24367,0.77
April 30 2023,Douglas,WA,Truck,7,0,7,12925,12932,0.05
October 31 2021,Franklin,WA,Truck,0,0,0,20767,20767,0.00
October 31 2021,Pacific,WA,Truck,0,0,0,7989,7989,0.00
June 30 2021,Loudoun,VA,Passenger,1,0,1,72,73,1.37
December 31 2020,Pima,AZ,Passenger,2,1,3,346,349,0.86
February 28 2021,Wichita,TX,Passenger,1,0,1,43,44,2.27
May 31 2021,Benton,WA,Passenger,503,385,888,136073,136961,0.65
July 31 2022,Kitsap,WA,Passenger,2460,1072,3532,178002,181534,1.95
June 30 2023,Adams,WA,Truck,3,0,3,5342,5345,0.06
March 31 2017,San Juan,WA,Truck,0,0,0,5582,5582,0.00
July 31 2021,Multnomah,OR,Passenger,2,6,8,656,664,1.20
August 31 2019,Fresno,CA,Passenger,1,0,1,202,203,0.49
October 31 2019,San Diego,CA,Passenger,11,4,15,2809,2824,0.53
May 31 2022,Prince George's,MD,Passenger,2,1,3,127,130,2.31
December 31 2018,Juneau,AK,Passenger,0,1,1,42,43,2.33
March 31 2021,Marion,IA,Passenger,1,0,1,1,2,50.00
February 29 2020,Jefferson,CO,Passenger,0,1,1,62,63,1.59
August 31 2023,Williamson,TX,Passenger,0,1,1,43,44,2.27
July 31 2018,Grant,WA,Passenger,33,47,80,63268,63348,0.13
January 31 2019,Hennepin,MN,Passenger,2,0,2,104,106,1.89
October 31 2020,District of Columbia,DC,Passenger,2,1,3,198,201,1.49
September 30 2017,Island,WA,Passenger,129,150,279,60840,61119,0.46
February 28 2019,Asotin,WA,Passenger,12,9,21,12681,12702,0.17
June 30 2023,Garfield,WA,Truck,0,0,0,973,973,0.00
March 31 2019,Clark,NV,Passenger,4,2,6,714,720,0.83
July 31 2017,Morris,NJ,Passenger,1,0,1,25,26,3.85
November 30 2023,Middlesex,MA,Passenger,2,1,3,54,57,5.26
May 31 2022,New Haven,CT,Passenger,0,2,2,32,34,5.88
March 31 2021,Thurston,WA,Passenger,1432,824,2256,197323,199579,1.13
June 30 2023,San Juan,WA,Truck,11,0,11,5910,5921,0.19
May 31 2021,Pinellas,FL,Passenger,0,1,1,99,100,1.00
June 30 2018,Whitman,WA,Truck,0,0,0,8495,8495,0.00
June 30 2017,Harnett,NC,Passenger,1,0,1,264,265,0.38
November 30 2022,Solano,CA,Passenger,2,0,2,156,158,1.27
September 30 2018,Madison,ID,Passenger,1,0,1,38,39,2.56
November 30 2018,Kitsap,WA,Passenger,915,522,1437,180321,181758,0.79
August 31 2020,King,WA,Passenger,25170,7813,32983,1370569,1403552,2.35
November 30 2020,Richland,SC,Passenger,0,1,1,141,142,0.70
April 30 2021,Riverside,CA,Passenger,5,1,6,571,577,1.04
July 31 2023,Ferry,WA,Passenger,21,4,25,4301,4326,0.58
April 30 2019,Sedgwick,KS,Passenger,0,1,1,105,106,0.94
October 31 2018,Cook,IL,Passenger,1,0,1,258,259,0.39
November 30 2019,Polk,FL,Passenger,1,0,1,68,69,1.45
February 28 2021,Albemarle,VA,Passenger,1,0,1,23,24,4.17
April 30 2023,Ulster,NY,Passenger,1,0,1,7,8,12.50
October 31 2020,Clark,WA,Passenger,2212,1121,3333,318777,322110,1.03
August 31 2019,Douglas,WA,Truck,0,0,0,12260,12260,0.00
December 31 2018,Chelan,WA,Truck,0,0,0,22053,22053,0.00
May 31 2023,Walla Walla,WA,Passenger,215,114,329,35449,35778,0.92
October 31 2020,Rockingham,NH,Passenger,1,0,1,23,24,4.17
October 31 2020,Klickitat,WA,Truck,0,0,0,8087,8087,0.00
September 30 2018,Bexar,TX,Passenger,3,4,7,737,744,0.94
December 31 2022,New London,CT,Passenger,2,4,6,182,188,3.19
July 31 2019,Pima,AZ,Passenger,0,1,1,408,409,0.24
October 31 2017,Tarrant,TX,Passenger,1,0,1,232,233,0.43
February 28 2021,Kings,NY,Passenger,1,0,1,66,67,1.49
September 30 2021,Arlington,VA,Passenger,1,1,2,139,141,1.42
November 30 2020,Lake,FL,Passenger,1,0,1,22,23,4.35
July 31 2020,Pierce,WA,Passenger,2467,1696,4163,551292,555455,0.75
May 31 2021,Klickitat,WA,Truck,0,0,0,8260,8260,0.00
August 31 2018,Cumberland,NC,Passenger,0,1,1,545,546,0.18
August 31 2020,Columbia,WA,Passenger,3,3,6,2424,2430,0.25
March 31 2023,New London,CT,Passenger,1,4,5,174,179,2.79
July 31 2018,Kittitas,WA,Truck,0,0,0,14054,14054,0.00
July 31 2018,Maricopa,AZ,Passenger,2,2,4,1604,1608,0.25
July 31 2023,Orange,CA,Passenger,8,3,11,298,309,3.56
September 30 2021,St. Louis,MO,Passenger,1,0,1,82,83,1.20
November 30 2023,Anne Arundel,MD,Passenger,6,3,9,264,273,3.30
April 30 2017,Asotin,WA,Passenger,6,2,8,12341,12349,0.06
September 30 2023,Charles,MD,Passenger,1,1,2,51,53,3.77
February 28 2023,Salt Lake,UT,Passenger,0,1,1,111,112,0.89
March 31 2019,Brevard,FL,Passenger,0,1,1,92,93,1.08
October 31 2023,Pend Oreille,WA,Truck,0,0,0,5499,5499,0.00
April 30 2019,Walla Walla,WA,Passenger,46,57,103,36135,36238,0.28
August 31 2018,Mason,WA,Truck,0,0,0,20083,20083,0.00
June 30 2022,Allegheny,PA,Passenger,1,1,2,59,61,3.28
February 28 2019,Hardin,KY,Passenger,0,1,1,103,104,0.96
January 31 2021,Salt Lake,UT,Passenger,0,1,1,179,180,0.56
January 31 2023,Newport News,VA,Passenger,1,0,1,103,104,0.96
June 30 2021,Carson City,NV,Passenger,1,0,1,11,12,8.33
May 31 2017,Polk,FL,Passenger,1,0,1,67,68,1.47
June 30 2019,Washtenaw,MI,Passenger,1,0,1,40,41,2.44
April 30 2017,Carroll,NH,Passenger,0,1,1,0,1,100.00
September 30 2021,Stevens,WA,Passenger,51,42,93,30311,30404,0.31
April 30 2023,Pend Oreille,WA,Truck,0,0,0,5628,5628,0.00
October 31 2020,Harris,TX,Passenger,1,0,1,232,233,0.43
November 30 2019,Multnomah,OR,Passenger,4,6,10,738,748,1.34
June 30 2022,Los Angeles,CA,Passenger,7,8,15,791,806,1.86
December 31 2021,Loudoun,VA,Passenger,1,0,1,66,67,1.49
October 31 2020,King,WA,Truck,5,1,6,184042,184048,0.00
May 31 2021,Skagit,WA,Passenger,577,265,842,91940,92782,0.91
August 31 2019,Williamson,TX,Passenger,0,2,2,151,153,1.31
June 30 2019,Cochise,AZ,Passenger,0,1,1,113,114,0.88
May 31 2023,Anne Arundel,MD,Passenger,5,3,8,296,304,2.63
August 31 2021,Kings,NY,Passenger,1,0,1,69,70,1.43
October 31 2019,Boone,MO,Passenger,0,1,1,11,12,8.33
December 31 2022,Lake,IN,Passenger,0,1,1,11,12,8.33
January 31 2023,Sheridan,WY,Passenger,1,0,1,6,7,14.29
January 31 2019,Spokane,WA,Passenger,470,380,850,307578,308428,0.28
April 30 2023,Alameda,CA,Passenger,4,0,4,172,176,2.27
July 31 2020,Chesapeake,VA,Passenger,0,1,1,413,414,0.24
January 31 2020,Whitman,WA,Passenger,42,48,90,22654,22744,0.40
December 31 2020,Tulsa,OK,Passenger,1,1,2,41,43,4.65
January 31 2017,Durham,NC,Passenger,0,1,1,39,40,2.50
October 31 2022,Orange,FL,Passenger,1,0,1,76,77,1.30
May 31 2020,Fresno,CA,Passenger,1,0,1,194,195,0.51
April 30 2023,St. Louis,MO,Passenger,1,0,1,54,55,1.82
November 30 2023,El Paso,TX,Passenger,3,0,3,236,239,1.26
April 30 2021,Howard,MD,Passenger,0,1,1,67,68,1.47
August 31 2021,Pend Oreille,WA,Passenger,16,7,23,9240,9263,0.25
May 31 2017,Skamania,WA,Passenger,9,7,16,8531,8547,0.19
February 29 2020,Goochland,VA,Passenger,2,1,3,266,269,1.12
May 31 2021,St. Louis,MO,Passenger,1,0,1,85,86,1.16
September 30 2020,Harnett,NC,Passenger,1,0,1,198,199,0.50
January 31 2019,Eagle,CO,Passenger,1,0,1,5,6,16.67
February 28 2023,Douglas,WA,Passenger,179,58,237,28613,28850,0.82
December 31 2021,DeKalb,GA,Passenger,1,0,1,64,65,1.54
April 30 2021,Norfolk,VA,Passenger,2,3,5,331,336,1.49
October 31 2018,Fairfax,VA,Passenger,2,2,4,811,815,0.49
October 31 2023,Philadelphia,PA,Passenger,1,0,1,29,30,3.33
November 30 2018,Ramsey,MN,Passenger,1,0,1,42,43,2.33
July 31 2022,Travis,TX,Passenger,3,0,3,106,109,2.75
January 31 2018,Kent,MI,Passenger,0,1,1,35,36,2.78
April 30 2020,Mercer,NJ,Passenger,0,1,1,16,17,5.88
March 31 2019,Maui,HI,Passenger,2,0,2,49,51,3.92
January 31 2019,Garfield,WA,Passenger,1,1,2,1331,1333,0.15
April 30 2019,Virginia Beach,VA,Passenger,1,1,2,704,706,0.28
October 31 2018,Columbia,WA,Truck,0,0,0,1518,1518,0.00
August 31 2021,Sonoma,CA,Passenger,0,1,1,89,90,1.11
November 30 2020,Skagit,WA,Passenger,481,235,716,91394,92110,0.78
December 31 2019,District of Columbia,DC,Passenger,1,1,2,211,213,0.94
August 31 2020,Harris,TX,Passenger,1,0,1,228,229,0.44
August 31 2022,Bexar,TX,Passenger,5,3,8,444,452,1.77
December 31 2019,New Haven,CT,Passenger,0,2,2,45,47,4.26
June 30 2021,Moore,NC,Passenger,0,1,1,133,134,0.75
April 30 2022,Santa Cruz,CA,Passenger,1,0,1,29,30,3.33
December 31 2019,Columbia,WA,Truck,0,0,0,1537,1537,0.00
August 31 2023,Chelan,WA,Passenger,663,174,837,54014,54851,1.53
August 31 2019,Cowlitz,WA,Passenger,107,108,215,73281,73496,0.29
October 31 2019,Kitsap,WA,Truck,1,0,1,54349,54350,0.00
November 30 2021,Clark,WA,Truck,0,0,0,84045,84045,0.00
March 31 2018,Montgomery,MD,Passenger,1,0,1,301,302,0.33
August 31 2023,Prince George's,MD,Passenger,3,1,4,103,107,3.74
May 31 2018,Dale,AL,Passenger,0,1,1,59,60,1.67
February 28 2023,Pulaski,AR,Passenger,3,0,3,23,26,11.54
August 31 2023,Sheridan,WY,Passenger,1,0,1,4,5,20.00
March 31 2020,Yakima,WA,Passenger,125,116,241,165827,166068,0.15
July 31 2023,Philadelphia,PA,Passenger,1,0,1,33,34,2.94
October 31 2023,Walla Walla,WA,Passenger,251,126,377,34826,35203,1.07
October 31 2021,Chelan,WA,Passenger,385,110,495,54670,55165,0.90
November 30 2017,Jefferson,WA,Truck,0,0,0,9461,9461,0.00
March 31 2017,Pierce,WA,Passenger,876,784,1660,526314,527974,0.31
June 30 2020,Shelby,TN,Passenger,0,1,1,90,91,1.10
February 28 2023,Collin,TX,Passenger,3,0,3,52,55,5.45
December 31 2021,Charleston,SC,Passenger,2,1,3,82,85,3.53
March 31 2021,Charleston,SC,Passenger,2,0,2,90,92,2.17
May 31 2020,Grays Harbor,WA,Passenger,106,111,217,48009,48226,0.45
February 28 2017,Spokane,WA,Passenger,226,196,422,295007,295429,0.14
January 31 2020,St. Clair,IL,Passenger,1,0,1,143,144,0.69
February 28 2021,Harnett,NC,Passenger,1,0,1,190,191,0.52
December 31 2020,Grant,WA,Truck,0,0,0,27501,27501,0.00
August 31 2017,Franklin,WA,Passenger,27,48,75,55926,56001,0.13
February 28 2021,Pend Oreille,WA,Passenger,12,4,16,9191,9207,0.17
February 28 2022,Stevens,WA,Truck,0,0,0,18966,18966,0.00
September 30 2023,San Diego,CA,Passenger,16,9,25,1872,1897,1.32
August 31 2023,Moore,NC,Passenger,0,1,1,102,103,0.97
July 31 2021,Marion,IA,Passenger,1,0,1,1,2,50.00
December 31 2020,Erie,NY,Passenger,1,0,1,44,45,2.22
December 31 2019,Frederick,MD,Passenger,1,1,2,83,85,2.35
August 31 2023,Douglas,NE,Passenger,1,1,2,25,27,7.41
September 30 2017,Cobb,GA,Passenger,0,1,1,71,72,1.39
January 31 2020,Sacramento,CA,Passenger,1,0,1,296,297,0.34
July 31 2020,Penobscot,ME,Passenger,0,1,1,15,16,6.25
July 31 2019,Spokane,WA,Passenger,556,435,991,312683,313674,0.32
April 30 2023,Pend Oreille,WA,Passenger,31,13,44,8902,8946,0.49
December 31 2022,Houston,GA,Passenger,1,0,1,24,25,4.00
July 31 2023,Kittitas,WA,Passenger,368,107,475,29219,29694,1.60
July 31 2022,Franklin,WA,Passenger,203,110,313,61820,62133,0.50
May 31 2021,Riverside,CA,Passenger,5,1,6,554,560,1.07
November 30 2020,Ada,ID,Passenger,0,1,1,259,260,0.38
December 31 2020,Leavenworth,KS,Passenger,0,1,1,124,125,0.80
February 28 2019,Garfield,WA,Passenger,1,1,2,1323,1325,0.15
December 31 2018,Santa Cruz,CA,Passenger,1,0,1,43,44,2.27
May 31 2021,Lake,IL,Passenger,2,0,2,164,166,1.20
April 30 2019,Douglas,WA,Truck,0,0,0,12174,12174,0.00
February 28 2021,Anchorage,AK,Passenger,1,0,1,148,149,0.67
November 30 2022,Sarasota,FL,Passenger,1,0,1,21,22,4.55
February 28 2023,Danville,VA,Passenger,1,0,1,0,1,100.00
October 31 2020,Howard,IN,Passenger,0,1,1,3,4,25.00
September 30 2021,Pierce,WA,Passenger,3876,2065,5941,558729,564670,1.05
November 30 2021,Prince William,VA,Passenger,1,1,2,208,210,0.95
July 31 2021,Sevier,AR,Passenger,0,1,1,0,1,100.00
October 31 2018,DuPage,IL,Passenger,1,0,1,59,60,1.67
May 31 2020,Greene,MO,Passenger,0,1,1,34,35,2.86
February 28 2022,Henrico,VA,Passenger,0,1,1,13,14,7.14
October 31 2021,Camden,NJ,Passenger,0,1,1,14,15,6.67
July 31 2019,Richmond,GA,Passenger,0,1,1,93,94,1.06
August 31 2022,Yavapai,AZ,Passenger,0,1,1,25,26,3.85
November 30 2020,Pierce,WA,Truck,0,0,0,144498,144498,0.00
July 31 2017,Kitsap,WA,Truck,1,0,1,52512,52513,0.00
January 31 2023,Clallam,WA,Truck,9,0,9,21857,21866,0.04
January 31 2018,Grant,WA,Passenger,29,37,66,62285,62351,0.11
January 31 2023,Franklin,WA,Passenger,262,124,386,61836,62222,0.62
November 30 2021,Lewis,WA,Passenger,198,163,361,59615,59976,0.60
July 31 2021,Stafford,VA,Passenger,2,1,3,100,103,2.91
June 30 2019,Skagit,WA,Passenger,298,200,498,91935,92433,0.54
March 31 2021,Thurston,WA,Truck,0,0,0,56515,56515,0.00
April 30 2018,Ferry,WA,Passenger,2,3,5,4413,4418,0.11
February 28 2022,Bexar,TX,Passenger,3,4,7,499,506,1.38
June 30 2021,Williamson,TX,Passenger,0,2,2,112,114,1.75
July 31 2020,Douglas,NE,Passenger,0,1,1,54,55,1.82
May 31 2020,Whitman,WA,Passenger,45,48,93,22165,22258,0.42
January 31 2022,Lake,FL,Passenger,1,0,1,22,23,4.35
January 31 2023,Clark,WA,Truck,62,0,62,81834,81896,0.08
August 31 2021,Anchorage,AK,Passenger,1,0,1,145,146,0.68
December 31 2019,Pacific,WA,Truck,0,0,0,7719,7719,0.00
April 30 2021,Stafford,VA,Passenger,2,1,3,102,105,2.86
November 30 2023,Rock Island,IL,Passenger,0,1,1,10,11,9.09
September 30 2023,Hardin,KY,Passenger,1,0,1,50,51,1.96
December 31 2019,Cowlitz,WA,Passenger,118,107,225,73639,73864,0.30
July 31 2023,Island,WA,Truck,33,0,33,21004,21037,0.16
June 30 2022,Salt Lake,UT,Passenger,1,1,2,133,135,1.48
May 31 2021,Douglas,NE,Passenger,1,1,2,53,55,3.64
April 30 2018,Broward,FL,Passenger,0,1,1,131,132,0.76
July 31 2020,Rogers,OK,Passenger,1,0,1,5,6,16.67
February 29 2020,Yakima,WA,Truck,0,0,0,59621,59621,0.00
June 30 2019,Cowlitz,WA,Truck,0,0,0,28865,28865,0.00
January 31 2022,Franklin,WA,Passenger,169,101,270,62134,62404,0.43
May 31 2023,San Juan,WA,Truck,12,0,12,5921,5933,0.20
February 28 2021,Clackamas,OR,Passenger,3,0,3,176,179,1.68
October 31 2018,Albemarle,VA,Passenger,1,0,1,27,28,3.57
April 30 2018,Klamath,OR,Passenger,1,0,1,35,36,2.78
April 30 2020,Suffolk,MA,Passenger,0,2,2,38,40,5.00
November 30 2021,Cowlitz,WA,Passenger,265,159,424,71756,72180,0.59
March 31 2022,Louisa,VA,Passenger,0,1,1,1,2,50.00
February 28 2023,Fairfax,VA,Truck,1,0,1,96,97,1.03
November 30 2020,Whatcom,WA,Passenger,1203,534,1737,149706,151443,1.15
March 31 2023,Thurston,WA,Passenger,2830,1178,4008,190922,194930,2.06
October 31 2023,Pend Oreille,WA,Passenger,31,20,51,8699,8750,0.58
November 30 2021,Kitsap,WA,Truck,0,0,0,54246,54246,0.00
November 30 2021,Calvert,MD,Passenger,0,2,2,81,83,2.41
May 31 2019,Saginaw,MI,Passenger,1,0,1,11,12,8.33
August 31 2020,Pierce,WA,Truck,0,0,0,143366,143366,0.00
July 31 2019,Clallam,WA,Truck,1,0,1,21807,21808,0.00
December 31 2019,Pierce,WA,Passenger,2127,1650,3777,547748,551525,0.68
June 30 2020,Anne Arundel,MD,Passenger,0,1,1,421,422,0.24
October 31 2022,Lake,IL,Passenger,1,0,1,129,130,0.77
January 31 2020,Collier,FL,Passenger,1,0,1,17,18,5.56
April 30 2018,Franklin,MA,Passenger,0,1,1,2,3,33.33
September 30 2023,Ulster,NY,Passenger,1,0,1,5,6,16.67
October 31 2020,San Diego,CA,Passenger,15,4,19,2741,2760,0.69
July 31 2022,Hillsborough,FL,Passenger,1,2,3,119,122,2.46
February 28 2019,Lee,AL,Passenger,1,0,1,34,35,2.86
June 30 2018,Brevard,FL,Passenger,0,1,1,97,98,1.02
September 30 2021,Howard,MD,Passenger,0,1,1,60,61,1.64
January 31 2021,Wichita,TX,Passenger,1,0,1,44,45,2.22
December 31 2022,Jackson,OK,Passenger,0,1,1,30,31,3.23
March 31 2020,Owyhee,ID,Passenger,1,0,1,3,4,25.00
September 30 2021,Owyhee,ID,Passenger,1,0,1,2,3,33.33
May 31 2021,Wilson,NC,Passenger,1,0,1,0,1,100.00
April 30 2018,Grays Harbor,WA,Passenger,47,52,99,46284,46383,0.21
November 30 2018,Whatcom,WA,Truck,2,0,2,42655,42657,0.00
June 30 2021,Island,WA,Passenger,617,317,934,63188,64122,1.46
August 31 2019,Vigo,IN,Passenger,1,0,1,6,7,14.29
July 31 2023,Clark,NV,Passenger,6,2,8,370,378,2.12
June 30 2022,Chelan,WA,Truck,3,0,3,23064,23067,0.01
July 31 2023,Columbia,WA,Truck,0,0,0,1546,1546,0.00
June 30 2020,St. Louis,MO,Passenger,1,0,1,100,101,0.99
May 31 2022,Henrico,VA,Passenger,0,1,1,11,12,8.33
February 28 2021,Middlesex,MA,Passenger,1,1,2,96,98,2.04
July 31 2021,Whitman,WA,Truck,0,0,0,8594,8594,0.00
August 31 2018,Ramsey,MN,Passenger,1,0,1,42,43,2.33
July 31 2018,Riverside,CA,Passenger,2,2,4,689,693,0.58
February 28 2023,San Juan,WA,Truck,10,0,10,5898,5908,0.17
April 30 2022,Clackamas,OR,Passenger,2,0,2,152,154,1.30
February 28 2019,Snohomish,WA,Truck,1,0,1,121873,121874,0.00
November 30 2022,Chelan,WA,Truck,11,0,11,23131,23142,0.05
June 30 2022,Alameda,CA,Passenger,5,0,5,195,200,2.50
June 30 2022,Middlesex,MA,Passenger,2,1,3,77,80,3.75
August 31 2019,Carson City,NV,Passenger,1,0,1,11,12,8.33
July 31 2022,Garfield,WA,Passenger,1,3,4,1321,1325,0.30
December 31 2018,Allegheny,PA,Passenger,1,0,1,86,87,1.15
December 31 2018,Garfield,WA,Truck,0,0,0,964,964,0.00
April 30 2020,Penobscot,ME,Passenger,0,1,1,16,17,5.88
November 30 2018,Orange,CA,Passenger,5,2,7,564,571,1.23
March 31 2019,Alexandria,VA,Passenger,1,0,1,153,154,0.65
September 30 2020,Camden,NJ,Passenger,0,1,1,23,24,4.17
December 31 2022,Napa,CA,Passenger,0,1,1,11,12,8.33
August 31 2018,Monroe,IL,Passenger,1,0,1,4,5,20.00
April 30 2018,Nantucket,MA,Passenger,1,0,1,4,5,20.00
June 30 2023,Clark,WA,Passenger,5864,2340,8204,313411,321615,2.55
September 30 2022,Chelan,WA,Passenger,493,135,628,54105,54733,1.15
December 31 2021,Clark,WA,Passenger,3474,1561,5035,320205,325240,1.55
October 31 2018,Adams,WA,Truck,0,0,0,5150,5150,0.00
November 30 2019,Calvert,MD,Passenger,0,2,2,90,92,2.17
September 30 2019,Rogers,OK,Passenger,1,0,1,5,6,16.67
October 31 2023,San Juan,WA,Truck,18,0,18,5805,5823,0.31
February 28 2017,Franklin,WA,Passenger,26,42,68,55216,55284,0.12
May 31 2020,Pacific,WA,Truck,0,0,0,7624,7624,0.00
April 30 2017,Grant,WA,Truck,0,0,0,25090,25090,0.00
December 31 2017,Clark,NV,Passenger,2,2,4,758,762,0.52
January 31 2022,Orange,CA,Passenger,5,3,8,412,420,1.90
October 31 2021,Yamhill,OR,Passenger,1,0,1,37,38,2.63
December 31 2020,Montgomery,OH,Passenger,0,1,1,53,54,1.85
February 29 2020,Harford,MD,Passenger,0,1,1,60,61,1.64
November 30 2023,Brevard,FL,Passenger,1,0,1,48,49,2.04
April 30 2022,Duval,FL,Passenger,0,2,2,301,303,0.66
January 31 2020,Ventura,CA,Passenger,0,2,2,312,314,0.64
February 29 2020,El Paso,CO,Passenger,2,1,3,742,745,0.40
March 31 2017,Pima,AZ,Passenger,0,2,2,455,457,0.44
January 31 2020,Charles,MD,Passenger,0,1,1,84,85,1.18
June 30 2023,Williamsburg,VA,Passenger,0,1,1,6,7,14.29
October 31 2017,Essex,NJ,Passenger,1,0,1,15,16,6.25
May 31 2017,Albemarle,VA,Passenger,0,1,1,31,32,3.12
June 30 2020,Montgomery,AL,Passenger,0,1,1,38,39,2.56
December 31 2020,Pennington,SD,Passenger,1,0,1,35,36,2.78
September 30 2018,Mecklenburg,NC,Passenger,1,0,1,83,84,1.19
April 30 2017,Monterey,CA,Passenger,0,1,1,210,211,0.47
May 31 2023,San Joaquin,CA,Passenger,0,1,1,76,77,1.30
March 31 2019,Marion,OR,Passenger,1,0,1,119,120,0.83
April 30 2022,Nassau,NY,Passenger,3,0,3,32,35,8.57
August 31 2021,Orange,NC,Passenger,0,1,1,11,12,8.33
August 31 2017,Montgomery,TN,Passenger,1,0,1,285,286,0.35
April 30 2021,Lincoln,WA,Passenger,5,13,18,7749,7767,0.23
February 29 2020,Duval,FL,Passenger,1,2,3,373,376,0.80
June 30 2020,Garfield,WA,Passenger,0,1,1,1350,1351,0.07
January 31 2023,Frederick,MD,Passenger,1,0,1,61,62,1.61
June 30 2019,Santa Fe,NM,Passenger,0,1,1,41,42,2.38
May 31 2018,Twin Falls,ID,Passenger,0,1,1,24,25,4.00
May 31 2022,Boulder,CO,Passenger,2,0,2,44,46,4.35
November 30 2021,Champaign,IL,Passenger,1,0,1,11,12,8.33
January 31 2022,Clinton,PA,Passenger,1,0,1,0,1,100.00
August 31 2017,Kitsap,WA,Passenger,637,336,973,173822,174795,0.56
May 31 2019,Kittitas,WA,Passenger,72,35,107,29556,29663,0.36
December 31 2017,Pierce,WA,Passenger,1071,963,2034,526402,528436,0.38
May 31 2018,Contra Costa,CA,Passenger,0,1,1,446,447,0.22
April 30 2017,San Diego,CA,Passenger,5,1,6,2771,2777,0.22
September 30 2021,Clark,NV,Passenger,5,2,7,606,613,1.14
October 31 2020,Alexandria,VA,Passenger,2,0,2,134,136,1.47
May 31 2017,Richmond,GA,Passenger,0,1,1,93,94,1.06
August 31 2023,Washington,MD,Passenger,1,0,1,13,14,7.14
January 31 2023,Galveston,TX,Passenger,0,1,1,18,19,5.26
November 30 2018,DeKalb,IN,Passenger,1,0,1,1,2,50.00
September 30 2023,Spokane,WA,Passenger,2551,1236,3787,319416,323203,1.17
December 31 2021,Thurston,WA,Truck,0,0,0,56031,56031,0.00
October 31 2021,Ferry,WA,Truck,0,0,0,3593,3593,0.00
October 31 2017,Arlington,VA,Passenger,1,2,3,172,175,1.71
January 31 2017,Jefferson,NY,Passenger,1,1,2,252,254,0.79
March 31 2018,Lewis,WA,Passenger,55,47,102,57150,57252,0.18
April 30 2019,Wahkiakum,WA,Passenger,1,1,2,3012,3014,0.07
January 31 2022,Cowlitz,WA,Truck,0,1,1,28913,28914,0.00
December 31 2017,Moore,NC,Passenger,0,1,1,198,199,0.50
April 30 2017,Dale,AL,Passenger,0,1,1,65,66,1.52
November 30 2017,Utah,UT,Passenger,0,1,1,141,142,0.70
July 31 2021,Powhatan,VA,Passenger,1,0,1,1,2,50.00
August 31 2018,Snohomish,WA,Passenger,2471,1310,3781,523589,527370,0.72
January 31 2021,Contra Costa,CA,Passenger,3,3,6,278,284,2.11
May 31 2018,San Diego,CA,Passenger,7,1,8,2582,2590,0.31
August 31 2020,Pinellas,FL,Passenger,1,1,2,110,112,1.79
May 31 2018,Deschutes,OR,Passenger,1,0,1,173,174,0.57
March 31 2020,Douglas,WA,Truck,0,0,0,12329,12329,0.00
July 31 2017,Volusia,FL,Passenger,0,1,1,47,48,2.08
August 31 2021,Stafford,VA,Passenger,2,1,3,100,103,2.91
June 30 2022,Williams,ND,Passenger,0,1,1,6,7,14.29
October 31 2022,Montgomery,AL,Passenger,0,1,1,34,35,2.86
April 30 2022,Essex,NJ,Passenger,2,0,2,12,14,14.29
January 31 2019,El Paso,CO,Passenger,3,1,4,766,770,0.52
November 30 2018,Klickitat,WA,Passenger,23,32,55,15419,15474,0.36
December 31 2020,Lincoln,WA,Passenger,5,12,17,7642,7659,0.22
March 31 2022,Jefferson,NY,Passenger,1,1,2,209,211,0.95
August 31 2021,Queens,NY,Passenger,2,0,2,53,55,3.64
July 31 2021,Clallam,WA,Passenger,341,220,561,50457,51018,1.10
November 30 2019,Klamath,OR,Passenger,1,0,1,38,39,2.56
September 30 2021,Clackamas,OR,Passenger,2,0,2,167,169,1.18
June 30 2020,Suffolk,MA,Passenger,0,2,2,37,39,5.13
August 31 2017,Sedgwick,KS,Passenger,0,1,1,106,107,0.93
May 31 2021,Meade,KY,Passenger,1,0,1,26,27,3.70
June 30 2021,Cowlitz,WA,Passenger,224,142,366,72336,72702,0.50
October 31 2019,Benton,WA,Truck,0,0,0,42370,42370,0.00
September 30 2021,Yakima,WA,Passenger,257,164,421,168931,169352,0.25
March 31 2017,Walla Walla,WA,Truck,0,0,0,13187,13187,0.00
June 30 2017,Whitman,WA,Truck,0,0,0,8431,8431,0.00
January 31 2023,Coryell,TX,Passenger,1,0,1,82,83,1.20
February 28 2023,Monterey,CA,Passenger,1,2,3,120,123,2.44
November 30 2017,Missoula,MT,Passenger,1,0,1,69,70,1.43
April 30 2017,Santa Fe,NM,Passenger,0,1,1,45,46,2.17
March 31 2017,Albemarle,VA,Passenger,0,1,1,30,31,3.23
September 30 2021,Alexandria,VA,Passenger,2,0,2,124,126,1.59
February 28 2017,Island,WA,Passenger,100,122,222,59439,59661,0.37
July 31 2017,Douglas,WA,Passenger,35,26,61,26756,26817,0.23
June 30 2019,Lincoln,WA,Passenger,2,8,10,7776,7786,0.13
July 31 2019,Mason,WA,Truck,0,0,0,20409,20409,0.00
December 31 2021,Pend Oreille,WA,Truck,0,0,0,5699,5699,0.00
August 31 2023,Las Animas,CO,Passenger,1,0,1,0,1,100.00
November 30 2020,Thurston,WA,Passenger,1290,763,2053,197103,199156,1.03
March 31 2019,Vigo,IN,Passenger,1,0,1,5,6,16.67
January 31 2021,Franklin,WA,Passenger,89,85,174,61487,61661,0.28
September 30 2019,Adams,WA,Passenger,5,5,10,12885,12895,0.08
June 30 2019,Skamania,WA,Truck,0,0,0,4062,4062,0.00
August 31 2021,Kittitas,WA,Passenger,173,72,245,29869,30114,0.81
July 31 2018,Benton,WA,Passenger,193,197,390,131727,132117,0.30
October 31 2019,Santa Rosa,FL,Passenger,1,0,1,90,91,1.10
April 30 2017,Juneau,AK,Passenger,0,1,1,51,52,1.92
September 30 2019,Honolulu,HI,Passenger,4,2,6,504,510,1.18
July 31 2019,Pinal,AZ,Passenger,2,0,2,194,196,1.02
June 30 2018,District of Columbia,DC,Passenger,0,3,3,186,189,1.59
July 31 2020,Cumberland,NC,Passenger,0,3,3,475,478,0.63
October 31 2020,Stevens,WA,Passenger,36,39,75,30357,30432,0.25
June 30 2019,Allegheny,PA,Passenger,1,0,1,82,83,1.20
March 31 2020,Howard,MD,Passenger,0,1,1,72,73,1.37
April 30 2018,Twin Falls,ID,Passenger,0,1,1,24,25,4.00
August 31 2023,Montgomery,MD,Passenger,5,4,9,170,179,5.03
January 31 2017,DeKalb,IN,Passenger,1,0,1,1,2,50.00
March 31 2018,El Paso,CO,Passenger,2,0,2,756,758,0.26
October 31 2019,Orange,CA,Passenger,7,3,10,535,545,1.83
May 31 2017,San Juan,WA,Truck,0,0,0,5540,5540,0.00
December 31 2020,Allegheny,PA,Passenger,1,1,2,72,74,2.70
August 31 2020,Albemarle,VA,Passenger,1,0,1,21,22,4.55
December 31 2017,DuPage,IL,Passenger,1,0,1,63,64,1.56
August 31 2021,Eagle,CO,Passenger,1,0,1,10,11,9.09
February 28 2019,Kittitas,WA,Passenger,73,37,110,29446,29556,0.37
June 30 2019,Solano,CA,Passenger,1,0,1,213,214,0.47
December 31 2018,District of Columbia,DC,Passenger,1,3,4,194,198,2.02
November 30 2020,Jones,GA,Passenger,1,0,1,1,2,50.00
April 30 2020,Henrico,VA,Passenger,0,1,1,19,20,5.00
April 30 2022,Carroll,MD,Passenger,0,1,1,17,18,5.56
December 31 2019,Dallas,IA,Passenger,0,1,1,10,11,9.09
December 31 2021,Virginia Beach,VA,Passenger,3,0,3,577,580,0.52
May 31 2020,Suffolk,VA,Passenger,1,0,1,122,123,0.81
November 30 2018,Broward,FL,Passenger,2,1,3,135,138,2.17
September 30 2021,Cowlitz,WA,Truck,0,1,1,29031,29032,0.00
December 31 2019,Goochland,VA,Passenger,2,1,3,266,269,1.12
September 30 2017,Stevens,WA,Passenger,8,22,30,31542,31572,0.10
June 30 2023,Solano,CA,Passenger,5,0,5,138,143,3.50
August 31 2021,Philadelphia,PA,Passenger,1,0,1,48,49,2.04
February 28 2021,Alexandria,VA,Passenger,2,0,2,132,134,1.49
July 31 2021,Frederick,MD,Passenger,1,1,2,71,73,2.74
November 30 2021,Shelby,OH,Passenger,0,1,1,2,3,33.33
June 30 2021,Mercer,NJ,Passenger,0,1,1,12,13,7.69
September 30 2019,Valencia,NM,Passenger,1,0,1,8,9,11.11
March 31 2017,Skamania,WA,Passenger,8,8,16,8528,8544,0.19
September 30 2020,Wahkiakum,WA,Passenger,6,6,12,3015,3027,0.40
November 30 2017,Island,WA,Truck,0,0,0,20686,20686,0.00
September 30 2023,Kitsap,WA,Passenger,3596,1400,4996,174175,179171,2.79
September 30 2017,El Paso,CO,Passenger,2,0,2,777,779,0.26
August 31 2018,Prince William,VA,Passenger,0,4,4,259,263,1.52
February 28 2019,Alameda,CA,Passenger,1,2,3,323,326,0.92
December 31 2021,Richmond,GA,Passenger,0,1,1,75,76,1.32
March 31 2020,Pinal,AZ,Passenger,1,0,1,193,194,0.52
September 30 2017,Frederick,MD,Passenger,0,1,1,85,86,1.16
August 31 2023,Kauai,HI,Passenger,0,1,1,14,15,6.67
August 31 2018,Nantucket,MA,Passenger,1,0,1,4,5,20.00
November 30 2022,Lewis,WA,Truck,2,0,2,26315,26317,0.01
May 31 2021,Honolulu,HI,Passenger,5,2,7,422,429,1.63
September 30 2021,Asotin,WA,Truck,0,0,0,6750,6750,0.00
September 30 2018,San Diego,CA,Passenger,8,2,10,2566,2576,0.39
August 31 2020,Howard,MD,Passenger,0,1,1,70,71,1.41
April 30 2017,Essex,NJ,Passenger,1,0,1,18,19,5.26
August 31 2022,New Haven,CT,Passenger,0,2,2,30,32,6.25
September 30 2021,Clinton,PA,Passenger,1,0,1,0,1,100.00
December 31 2019,Jefferson,WA,Truck,0,0,0,9646,9646,0.00
April 30 2017,Jefferson,NY,Passenger,1,1,2,255,257,0.78
November 30 2020,Orange,FL,Passenger,1,0,1,117,118,0.85
January 31 2020,Saginaw,MI,Passenger,1,0,1,12,13,7.69
December 31 2022,Sarasota,FL,Passenger,1,0,1,20,21,4.76
October 31 2022,Wichita,TX,Passenger,2,0,2,38,40,5.00
January 31 2021,New Haven,CT,Passenger,0,2,2,38,40,5.00
July 31 2020,Pacific,WA,Passenger,33,33,66,15762,15828,0.42
June 30 2018,Pierce,WA,Passenger,1228,1173,2401,532221,534622,0.45
December 31 2017,Cowlitz,WA,Truck,0,0,0,28150,28150,0.00
August 31 2022,Geary,KS,Passenger,1,0,1,82,83,1.20
October 31 2021,Calvert,MD,Passenger,0,2,2,82,84,2.38
March 31 2017,Moore,NC,Passenger,0,1,1,208,209,0.48
May 31 2023,Prince George's,MD,Passenger,2,1,3,109,112,2.68
August 31 2022,El Paso,TX,Passenger,3,0,3,336,339,0.88
October 31 2022,Essex,NJ,Passenger,2,0,2,11,13,15.38
March 31 2023,Larimer,CO,Passenger,1,0,1,35,36,2.78
January 31 2022,Clark,NV,Passenger,7,2,9,574,583,1.54
August 31 2023,Allen,IN,Passenger,1,0,1,9,10,10.00
December 31 2019,Pend Oreille,WA,Truck,0,0,0,5768,5768,0.00
October 31 2021,Miami-Dade,FL,Passenger,1,0,1,95,96,1.04
April 30 2017,Shelby,TN,Passenger,0,1,1,113,114,0.88
September 30 2022,York,VA,Passenger,1,0,1,85,86,1.16
June 30 2019,Owyhee,ID,Passenger,1,0,1,5,6,16.67
February 28 2021,Randolph,NC,Passenger,1,0,1,7,8,12.50
September 30 2017,San Juan,WA,Passenger,117,42,159,13676,13835,1.15
July 31 2020,Loudoun,VA,Passenger,1,0,1,82,83,1.20
January 31 2023,Chesapeake,VA,Passenger,3,2,5,301,306,1.63
March 31 2019,Douglas,NE,Passenger,0,1,1,65,66,1.52
October 31 2018,Utah,UT,Passenger,0,1,1,142,143,0.70
January 31 2023,Harford,MD,Passenger,1,1,2,44,46,4.35
November 30 2022,Anchorage,AK,Passenger,1,0,1,119,120,0.83
November 30 2018,Camden,NJ,Passenger,0,1,1,26,27,3.70
September 30 2017,Lake,CA,Passenger,0,1,1,12,13,7.69
November 30 2023,Caddo,LA,Passenger,2,0,2,8,10,20.00
February 28 2018,Pend Oreille,WA,Truck,0,0,0,5629,5629,0.00
October 31 2022,Garfield,WA,Truck,0,0,0,976,976,0.00
July 31 2017,Cowlitz,WA,Truck,0,0,0,27952,27952,0.00
June 30 2018,Hennepin,MN,Passenger,1,0,1,106,107,0.93
April 30 2021,Whatcom,WA,Truck,4,0,4,43863,43867,0.01
June 30 2023,Douglas,CO,Passenger,0,1,1,56,57,1.75
July 31 2019,Palm Beach,FL,Passenger,0,1,1,83,84,1.19
August 31 2020,Dallas,TX,Passenger,1,0,1,192,193,0.52
November 30 2018,Kent,MI,Passenger,0,1,1,25,26,3.85
November 30 2022,Lake,IN,Passenger,0,1,1,11,12,8.33
September 30 2023,Hawaii,HI,Passenger,1,0,1,26,27,3.70
August 31 2022,Pacific,WA,Passenger,70,72,142,15773,15915,0.89
September 30 2020,Cowlitz,WA,Passenger,157,120,277,72152,72429,0.38
April 30 2018,Yakima,WA,Passenger,62,84,146,163233,163379,0.09
October 31 2023,Walla Walla,WA,Truck,7,0,7,13454,13461,0.05
June 30 2019,Douglas,NE,Passenger,0,1,1,63,64,1.56
May 31 2017,Skamania,WA,Truck,0,0,0,3863,3863,0.00
January 31 2023,Cumberland,NC,Passenger,1,4,5,333,338,1.48
February 28 2023,Hoke,NC,Passenger,1,0,1,66,67,1.49
December 31 2020,Carroll,NH,Passenger,0,1,1,5,6,16.67
March 31 2020,Shasta,CA,Passenger,1,0,1,41,42,2.38
September 30 2021,Ray,MO,Passenger,0,1,1,1,2,50.00
August 31 2021,Douglas,WA,Truck,0,0,0,12679,12679,0.00
December 31 2022,Klickitat,WA,Truck,4,0,4,8235,8239,0.05
November 30 2023,Orange,CA,Passenger,7,3,10,254,264,3.79
November 30 2018,Garfield,WA,Passenger,1,1,2,1330,1332,0.15
February 28 2021,Okanogan,WA,Passenger,56,35,91,26126,26217,0.35
November 30 2021,Island,WA,Truck,0,0,0,21523,21523,0.00
September 30 2022,Hennepin,MN,Passenger,1,0,1,48,49,2.04
January 31 2020,Monroe,IL,Passenger,1,0,1,3,4,25.00
September 30 2019,Stevens,WA,Passenger,27,28,55,31659,31714,0.17
April 30 2019,Denver,CO,Passenger,1,0,1,128,129,0.78
October 31 2021,Grays Harbor,WA,Passenger,187,151,338,49474,49812,0.68
April 30 2019,Pend Oreille,WA,Truck,0,0,0,5752,5752,0.00
July 31 2020,Chelan,WA,Truck,0,0,0,22627,22627,0.00
July 31 2022,Monterey,CA,Passenger,1,2,3,128,131,2.29
September 30 2017,Nueces,TX,Passenger,0,1,1,93,94,1.06
March 31 2017,Dakota,MN,Passenger,0,1,1,43,44,2.27
March 31 2019,Guadalupe,TX,Passenger,1,0,1,80,81,1.23
July 31 2020,Washtenaw,MI,Passenger,1,0,1,36,37,2.70
July 31 2023,Kootenai,ID,Truck,1,0,1,23,24,4.17
May 31 2021,Collier,FL,Passenger,1,0,1,18,19,5.26
February 28 2018,Manassas,VA,Passenger,0,1,1,9,10,10.00
March 31 2019,Lake,CA,Passenger,0,1,1,11,12,8.33
October 31 2021,Ferry,WA,Passenger,11,3,14,4445,4459,0.31
November 30 2018,King,WA,Passenger,15781,6398,22179,1376997,1399176,1.59
August 31 2019,Fairbanks North Star,AK,Passenger,0,1,1,97,98,1.02
February 29 2020,Jefferson,NY,Passenger,0,1,1,215,216,0.46
August 31 2021,Okaloosa,FL,Passenger,0,1,1,121,122,0.82
October 31 2017,Sedgwick,KS,Passenger,0,1,1,105,106,0.94
July 31 2021,Albemarle,VA,Passenger,1,0,1,21,22,4.55
June 30 2022,Camden,NJ,Passenger,0,1,1,14,15,6.67
March 31 2022,Mercer,NJ,Passenger,0,1,1,12,13,7.69
November 30 2020,Suffolk,VA,Passenger,1,0,1,124,125,0.80
February 28 2018,Maricopa,AZ,Passenger,2,1,3,1631,1634,0.18
September 30 2022,Clark,WA,Passenger,4475,1887,6362,315344,321706,1.98
September 30 2021,Skagit,WA,Truck,1,0,1,32922,32923,0.00
August 31 2018,Mason,WA,Passenger,92,97,189,46042,46231,0.41
December 31 2017,Franklin,WA,Truck,0,0,0,18488,18488,0.00
August 31 2021,San Diego,CA,Passenger,19,7,26,2577,2603,1.00
January 31 2021,Leavenworth,KS,Passenger,0,1,1,122,123,0.81
April 30 2022,Wahkiakum,WA,Passenger,20,11,31,3077,3108,1.00
April 30 2021,Richmond,GA,Passenger,0,1,1,77,78,1.28
October 31 2023,Chesapeake,VA,Passenger,2,1,3,253,256,1.17
May 31 2023,Platte,MO,Passenger,1,0,1,21,22,4.55
January 31 2020,Twin Falls,ID,Passenger,0,1,1,30,31,3.23
March 31 2020,Boone,MO,Passenger,0,1,1,12,13,7.69
December 31 2017,Hamilton,IN,Passenger,1,0,1,54,55,1.82
March 31 2020,Cascade,MT,Passenger,0,1,1,58,59,1.69
November 30 2017,Norfolk,VA,Passenger,1,1,2,311,313,0.64
January 31 2022,El Paso,CO,Passenger,3,1,4,663,667,0.60
December 31 2022,Skagit,WA,Passenger,921,355,1276,89409,90685,1.41
February 28 2021,Denver,CO,Passenger,1,0,1,114,115,0.87
March 31 2021,Houston,GA,Passenger,1,0,1,47,48,2.08
November 30 2020,San Francisco,CA,Passenger,1,1,2,96,98,2.04
December 31 2022,Ulster,NY,Passenger,1,0,1,7,8,12.50
February 28 2022,Yakima,WA,Truck,0,0,0,61648,61648,0.00
June 30 2020,Grant,WA,Truck,0,0,0,27080,27080,0.00
May 31 2021,Bexar,TX,Passenger,3,4,7,554,561,1.25
June 30 2019,Santa Clara,CA,Passenger,5,2,7,373,380,1.84
May 31 2023,Mason,WA,Truck,10,0,10,20734,20744,0.05
June 30 2021,El Paso,CO,Passenger,3,1,4,684,688,0.58
March 31 2023,Lincoln,WA,Truck,0,0,0,4847,4847,0.00
January 31 2017,Portsmouth,VA,Passenger,0,1,1,64,65,1.54
March 31 2022,Richmond,GA,Passenger,0,1,1,74,75,1.33
January 31 2017,Pacific,WA,Passenger,5,6,11,15028,15039,0.07
September 30 2018,Santa Clara,CA,Passenger,8,0,8,381,389,2.06
January 31 2017,Garfield,WA,Truck,0,0,0,940,940,0.00
September 30 2023,Monterey,CA,Passenger,1,1,2,100,102,1.96
November 30 2021,Nassau,NY,Passenger,3,0,3,29,32,9.38
September 30 2022,Grant,WA,Passenger,201,108,309,66722,67031,0.46
April 30 2019,Chelan,WA,Truck,0,0,0,22175,22175,0.00
July 31 2023,Okanogan,WA,Passenger,130,65,195,26034,26229,0.74
July 31 2023,Columbia,WA,Passenger,11,1,12,2423,2435,0.49
January 31 2019,Guadalupe,TX,Passenger,1,0,1,81,82,1.22
February 29 2020,Harnett,NC,Passenger,1,1,2,214,216,0.93
April 30 2023,Harrison,MS,Passenger,1,0,1,34,35,2.86
May 31 2021,Queens,NY,Passenger,2,0,2,53,55,3.64
November 30 2023,Larimer,CO,Passenger,1,0,1,20,21,4.76
April 30 2022,Whitman,WA,Truck,0,0,0,8589,8589,0.00
December 31 2019,Franklin,WA,Passenger,54,76,130,60971,61101,0.21
February 28 2023,Los Angeles,CA,Passenger,6,5,11,677,688,1.60
September 30 2023,Cumberland,NC,Passenger,1,3,4,293,297,1.35
April 30 2023,Ventura,CA,Passenger,3,2,5,215,220,2.27
October 31 2019,Clay,FL,Passenger,0,1,1,85,86,1.16
November 30 2019,RÃ­o Grande,PR,Passenger,1,0,1,1,2,50.00
July 31 2019,Juneau,AK,Passenger,0,2,2,30,32,6.25
January 31 2019,Asotin,WA,Truck,0,0,0,6644,6644,0.00
September 30 2019,Snohomish,WA,Truck,0,0,0,122957,122957,0.00
October 31 2022,Placer,CA,Passenger,2,0,2,65,67,2.99
April 30 2018,Lane,OR,Passenger,0,1,1,193,194,0.52
January 31 2020,Adams,WA,Passenger,7,7,14,12909,12923,0.11
December 31 2017,Multnomah,OR,Passenger,3,3,6,882,888,0.68
October 31 2023,Okanogan,WA,Truck,8,0,8,15979,15987,0.05
October 31 2019,Douglas,WA,Passenger,63,38,101,28267,28368,0.36
October 31 2022,Garfield,WA,Passenger,1,3,4,1309,1313,0.30
June 30 2021,Cumberland,NC,Passenger,0,2,2,433,435,0.46
September 30 2022,Hillsborough,FL,Passenger,1,2,3,115,118,2.54
November 30 2017,Ventura,CA,Passenger,0,1,1,334,335,0.30
September 30 2023,Skamania,WA,Truck,1,0,1,3756,3757,0.03
April 30 2019,San Mateo,CA,Passenger,2,1,3,126,129,2.33
August 31 2017,Nueces,TX,Passenger,0,1,1,94,95,1.05
July 31 2020,Pend Oreille,WA,Truck,0,0,0,5760,5760,0.00
January 31 2021,Adams,WA,Truck,0,0,0,5347,5347,0.00
May 31 2017,Hawaii,HI,Passenger,1,0,1,87,88,1.14
September 30 2019,Manassas,VA,Passenger,0,1,1,7,8,12.50
September 30 2023,Broward,FL,Passenger,1,0,1,56,57,1.75
November 30 2018,Sangamon,IL,Passenger,1,0,1,9,10,10.00
May 31 2021,Portsmouth,VA,Passenger,0,1,1,83,84,1.19
December 31 2022,Lincoln,WA,Truck,0,0,0,4841,4841,0.00
February 28 2023,San Juan,WA,Passenger,580,172,752,13883,14635,5.14
September 30 2018,Douglas,NE,Passenger,0,1,1,69,70,1.43
August 31 2021,New York,NY,Passenger,1,0,1,40,41,2.44
September 30 2022,Island,WA,Passenger,875,381,1256,61610,62866,2.00
March 31 2019,Riverside,CA,Passenger,2,2,4,658,662,0.60
August 31 2021,Pierce,WA,Truck,0,0,0,145599,145599,0.00
September 30 2021,Travis,TX,Passenger,5,3,8,142,150,5.33
March 31 2019,Howard,MD,Passenger,0,1,1,80,81,1.23
June 30 2017,Missoula,MT,Passenger,1,0,1,72,73,1.37
June 30 2021,Salt Lake,UT,Passenger,0,1,1,174,175,0.57
July 31 2021,Charles,MD,Passenger,1,1,2,73,75,2.67
February 28 2021,Sevier,AR,Passenger,0,1,1,0,1,100.00
June 30 2023,Okanogan,WA,Passenger,125,64,189,26177,26366,0.72
July 31 2017,Whitman,WA,Passenger,12,19,31,22106,22137,0.14
May 31 2018,Montgomery,MD,Passenger,1,0,1,293,294,0.34
November 30 2018,Moore,NC,Passenger,0,1,1,194,195,0.51
December 31 2021,Penobscot,ME,Passenger,0,1,1,9,10,10.00
June 30 2021,Howard,MD,Passenger,0,1,1,63,64,1.56
March 31 2023,Virginia Beach,VA,Truck,1,0,1,104,105,0.95
June 30 2022,Dorchester,SC,Passenger,1,0,1,58,59,1.69
April 30 2017,Kitsap,WA,Passenger,584,298,882,172669,173551,0.51
February 28 2022,Pacific,WA,Passenger,58,65,123,16019,16142,0.76
January 31 2020,Walla Walla,WA,Passenger,65,61,126,36351,36477,0.35
April 30 2021,Thurston,WA,Truck,0,0,0,56694,56694,0.00
May 31 2017,Klickitat,WA,Passenger,22,24,46,14788,14834,0.31
June 30 2018,Ada,ID,Passenger,0,2,2,330,332,0.60
October 31 2021,Manassas,VA,Passenger,0,1,1,8,9,11.11
August 31 2017,DeKalb,GA,Passenger,1,0,1,88,89,1.12
October 31 2021,San Juan,WA,Passenger,469,146,615,14184,14799,4.16
July 31 2023,Virginia Beach,VA,Passenger,4,2,6,422,428,1.40
June 30 2022,Jefferson,NY,Passenger,1,1,2,206,208,0.96
May 31 2023,San Bernardino,CA,Passenger,2,1,3,259,262,1.15
September 30 2018,Kent,MI,Passenger,0,1,1,28,29,3.45
June 30 2019,Sangamon,IL,Passenger,1,0,1,6,7,14.29
October 31 2020,Snohomish,WA,Truck,0,0,0,125302,125302,0.00
March 31 2020,El Paso,CO,Passenger,2,1,3,735,738,0.41
September 30 2018,Volusia,FL,Passenger,0,1,1,41,42,2.38
January 31 2021,Anchorage,AK,Passenger,1,0,1,151,152,0.66
September 30 2023,Chelan,WA,Passenger,681,185,866,53727,54593,1.59
August 31 2019,Hennepin,MN,Passenger,3,1,4,103,107,3.74
July 31 2020,Pend Oreille,WA,Passenger,7,5,12,9243,9255,0.13
October 31 2021,Lane,OR,Passenger,0,2,2,122,124,1.61
October 31 2023,Virginia Beach,VA,Truck,1,0,1,90,91,1.10
August 31 2023,Dorchester,SC,Passenger,1,0,1,35,36,2.78
July 31 2017,Whatcom,WA,Truck,2,0,2,41660,41662,0.00
July 31 2021,Franklin,WA,Truck,0,0,0,20723,20723,0.00
November 30 2020,Prince William,VA,Passenger,2,2,4,224,228,1.75
October 31 2019,Cowlitz,WA,Truck,0,0,0,29021,29021,0.00
May 31 2022,Asotin,WA,Truck,0,0,0,6705,6705,0.00
March 31 2021,Richmond,GA,Passenger,0,1,1,77,78,1.28
February 28 2022,Skagit,WA,Passenger,715,316,1031,90634,91665,1.12
March 31 2019,Cascade,MT,Passenger,0,1,1,57,58,1.72
April 30 2019,Lake,FL,Passenger,1,0,1,20,21,4.76
July 31 2017,Ramsey,MN,Passenger,1,0,1,42,43,2.33
September 30 2018,Hennepin,MN,Passenger,1,0,1,108,109,0.92
April 30 2018,Thurston,WA,Truck,0,0,0,54066,54066,0.00
October 31 2018,Asotin,WA,Passenger,12,9,21,12712,12733,0.16
October 31 2022,Clark,NV,Passenger,8,2,10,471,481,2.08
June 30 2023,Santa Clara,CA,Passenger,9,3,12,175,187,6.42
July 31 2020,Kittitas,WA,Truck,0,0,0,14565,14565,0.00
March 31 2017,Duval,FL,Passenger,1,1,2,373,375,0.53
May 31 2020,Fulton,GA,Passenger,1,2,3,101,104,2.88
June 30 2021,Gwinnett,GA,Passenger,1,0,1,64,65,1.54
July 31 2018,Lake,CA,Passenger,0,1,1,10,11,9.09
July 31 2018,Cowlitz,WA,Passenger,57,77,134,71873,72007,0.19
January 31 2018,Clallam,WA,Passenger,106,95,201,49282,49483,0.41
August 31 2022,Sheridan,WY,Passenger,1,0,1,7,8,12.50
October 31 2018,Stevens,WA,Passenger,14,28,42,31801,31843,0.13
August 31 2022,Douglas,WA,Passenger,141,60,201,28374,28575,0.70
December 31 2020,Pierce,WA,Truck,0,0,0,144742,144742,0.00
November 30 2021,El Paso,TX,Passenger,3,0,3,371,374,0.80
July 31 2020,Jefferson,WA,Passenger,249,142,391,24731,25122,1.56
January 31 2021,Anne Arundel,MD,Passenger,3,1,4,405,409,0.98
January 31 2021,Skamania,WA,Truck,0,0,0,4016,4016,0.00
August 31 2023,Boulder,CO,Passenger,2,0,2,27,29,6.90
January 31 2021,Yakima,WA,Passenger,179,129,308,167549,167857,0.18
November 30 2020,Thurston,WA,Truck,0,0,0,56271,56271,0.00
June 30 2022,Onslow,NC,Passenger,0,1,1,168,169,0.59
May 31 2021,Denver,CO,Passenger,1,0,1,110,111,0.90
November 30 2017,Thurston,WA,Passenger,457,380,837,189484,190321,0.44
December 31 2022,Harris,TX,Passenger,1,0,1,138,139,0.72
March 31 2017,El Paso,CO,Passenger,1,1,2,826,828,0.24
January 31 2022,Ventura,CA,Passenger,2,2,4,256,260,1.54
July 31 2017,Lee,AL,Passenger,1,0,1,36,37,2.70
February 29 2020,Sedgwick,KS,Passenger,1,1,2,99,101,1.98
September 30 2017,Hawaii,HI,Passenger,1,0,1,79,80,1.25
March 31 2020,Brevard,FL,Passenger,0,1,1,91,92,1.09
July 31 2021,Stevens,WA,Truck,0,0,0,18917,18917,0.00
October 31 2019,Walla Walla,WA,Truck,0,0,0,13668,13668,0.00
March 31 2023,Collier,FL,Passenger,1,0,1,13,14,7.14
July 31 2019,Washtenaw,MI,Passenger,1,0,1,41,42,2.38
January 31 2023,Prince George's,MD,Passenger,3,1,4,118,122,3.28
October 31 2020,Thurston,WA,Truck,0,0,0,56293,56293,0.00
December 31 2019,Fairfax,VA,Passenger,5,2,7,760,767,0.91
November 30 2023,Whatcom,WA,Truck,80,0,80,40954,41034,0.19
March 31 2019,Deschutes,OR,Passenger,3,0,3,162,165,1.82
September 30 2019,Volusia,FL,Passenger,0,1,1,41,42,2.38
February 28 2018,Arlington,VA,Passenger,1,2,3,175,178,1.69
October 31 2020,Middlesex,MA,Passenger,1,1,2,96,98,2.04
February 28 2023,Broward,FL,Passenger,1,0,1,68,69,1.45
December 31 2019,Owyhee,ID,Passenger,1,0,1,3,4,25.00
November 30 2017,Snohomish,WA,Truck,1,0,1,121382,121383,0.00
October 31 2021,Multnomah,OR,Passenger,2,6,8,645,653,1.23
August 31 2019,Ventura,CA,Passenger,0,2,2,319,321,0.62
July 31 2020,Pacific,WA,Truck,0,0,0,7713,7713,0.00
January 31 2023,St. Mary's,MD,Passenger,1,0,1,178,179,0.56
July 31 2019,Mason,WA,Passenger,127,126,253,47306,47559,0.53
February 28 2023,Thurston,WA,Truck,49,0,49,54548,54597,0.09
March 31 2019,Travis,TX,Passenger,3,1,4,208,212,1.89
March 31 2018,Frederick,MD,Passenger,0,1,1,89,90,1.11
February 28 2023,Hardin,KY,Passenger,1,0,1,56,57,1.75
August 31 2021,Suffolk,MA,Passenger,0,2,2,30,32,6.25
September 30 2023,Champaign,IL,Passenger,1,0,1,12,13,7.69
July 31 2019,Skamania,WA,Truck,0,0,0,4063,4063,0.00
July 31 2019,Snohomish,WA,Truck,0,0,0,122612,122612,0.00
November 30 2019,Pinal,AZ,Passenger,1,0,1,196,197,0.51
October 31 2018,Travis,TX,Passenger,1,0,1,199,200,0.50
September 30 2018,Suffolk,MA,Passenger,0,1,1,44,45,2.22
January 31 2021,Juneau,AK,Passenger,0,1,1,24,25,4.00
October 31 2018,Shasta,CA,Passenger,1,0,1,46,47,2.13
March 31 2022,Rock Island,IL,Passenger,0,1,1,12,13,7.69
September 30 2023,Coryell,TX,Passenger,1,0,1,63,64,1.56
June 30 2019,Adams,WA,Truck,0,0,0,5126,5126,0.00
April 30 2017,Lane,OR,Passenger,0,1,1,249,250,0.40
November 30 2020,Montgomery,PA,Passenger,1,0,1,24,25,4.00
April 30 2022,Hudson,NJ,Passenger,2,0,2,37,39,5.13
April 30 2018,Frederick,MD,Passenger,0,1,1,88,89,1.12
August 31 2023,Lane,OR,Passenger,0,2,2,60,62,3.23
June 30 2018,Orleans,LA,Passenger,0,1,1,48,49,2.04
October 31 2022,Sheridan,WY,Passenger,1,0,1,6,7,14.29
July 31 2020,King,WA,Truck,7,1,8,182935,182943,0.00
May 31 2019,St. Mary's,MD,Passenger,1,0,1,213,214,0.47
January 31 2020,Osceola,FL,Passenger,1,0,1,42,43,2.33
September 30 2018,Lake,CA,Passenger,0,1,1,10,11,9.09
August 31 2019,Grays Harbor,WA,Truck,0,0,0,20570,20570,0.00
November 30 2017,Clark,WA,Passenger,840,558,1398,303174,304572,0.46
January 31 2021,Garfield,WA,Truck,0,0,0,1002,1002,0.00
October 31 2020,Benton,WA,Passenger,402,339,741,134652,135393,0.55
July 31 2023,Whitman,WA,Truck,5,0,5,8616,8621,0.06
June 30 2018,Pierce,WA,Truck,0,0,0,137818,137818,0.00
February 28 2019,Skamania,WA,Truck,0,0,0,3990,3990,0.00
June 30 2021,Duval,FL,Passenger,0,2,2,351,353,0.57
August 31 2022,Sonoma,CA,Passenger,0,1,1,80,81,1.23
April 30 2019,St. Clair,IL,Passenger,0,1,1,159,160,0.62
October 31 2022,Rockingham,NH,Passenger,1,0,1,14,15,6.67
April 30 2020,Williams,ND,Passenger,0,1,1,13,14,7.14
November 30 2021,Larimer,CO,Passenger,1,0,1,49,50,2.00
November 30 2023,Maui,HI,Passenger,1,0,1,18,19,5.26
May 31 2018,New Haven,CT,Passenger,0,1,1,50,51,1.96
April 30 2022,Okaloosa,FL,Passenger,0,1,1,106,107,0.93
April 30 2022,Camden,NJ,Passenger,0,1,1,13,14,7.14
January 31 2022,Gwinnett,GA,Passenger,1,0,1,59,60,1.67
July 31 2020,Asotin,WA,Truck,0,0,0,6654,6654,0.00
April 30 2018,Cowlitz,WA,Passenger,55,73,128,71359,71487,0.18
September 30 2021,Wahkiakum,WA,Passenger,16,8,24,3070,3094,0.78
March 31 2023,Skagit,WA,Truck,17,0,17,32038,32055,0.05
February 28 2021,Hudson,NJ,Passenger,1,0,1,41,42,2.38
April 30 2020,St. Clair,IL,Passenger,1,0,1,139,140,0.71
February 29 2020,Denton,TX,Passenger,1,0,1,93,94,1.06
January 31 2020,Maui,HI,Passenger,2,0,2,40,42,4.76
January 31 2020,Anne Arundel,MD,Passenger,1,1,2,436,438,0.46
March 31 2019,San Mateo,CA,Passenger,2,1,3,131,134,2.24
November 30 2021,Skagit,WA,Truck,1,0,1,32792,32793,0.00
May 31 2022,Jefferson,WA,Passenger,425,215,640,24602,25242,2.54
July 31 2017,Grant,WA,Truck,0,0,0,25269,25269,0.00
October 31 2022,Kittitas,WA,Passenger,291,94,385,29572,29957,1.29
February 28 2018,Walla Walla,WA,Truck,0,0,0,13323,13323,0.00
December 31 2020,Grant,WA,Passenger,80,81,161,65913,66074,0.24
August 31 2022,Charles,MD,Passenger,1,1,2,57,59,3.39
February 29 2020,Fulton,GA,Passenger,1,2,3,102,105,2.86
February 28 2019,St. Mary's,MD,Passenger,1,0,1,212,213,0.47
January 31 2021,Washtenaw,MI,Passenger,1,1,2,32,34,5.88
April 30 2017,Klickitat,WA,Passenger,22,23,45,14769,14814,0.30
November 30 2020,Palm Beach,FL,Passenger,0,1,1,75,76,1.32
February 28 2021,Douglas,WA,Truck,0,0,0,12513,12513,0.00
May 31 2021,Douglas,WA,Passenger,92,47,139,28514,28653,0.49
November 30 2020,Skagit,WA,Truck,1,0,1,32712,32713,0.00
August 31 2020,Richmond,GA,Passenger,0,1,1,83,84,1.19
April 30 2022,Rockdale,GA,Passenger,1,0,1,7,8,12.50
June 30 2018,Santa Rosa,FL,Passenger,1,0,1,98,99,1.01
March 31 2018,San Mateo,CA,Passenger,1,1,2,136,138,1.45
April 30 2017,Island,WA,Passenger,108,129,237,59760,59997,0.40
July 31 2020,Fairfax,VA,Passenger,5,3,8,738,746,1.07
April 30 2020,Sedgwick,KS,Passenger,1,1,2,97,99,2.02
April 30 2023,Deschutes,OR,Passenger,1,0,1,59,60,1.67
May 31 2017,Saratoga,NY,Passenger,1,1,2,72,74,2.70
March 31 2020,Spokane,WA,Truck,1,0,1,97443,97444,0.00
February 28 2018,Grays Harbor,WA,Passenger,42,44,86,45888,45974,0.19
December 31 2022,Cowlitz,WA,Truck,4,0,4,28358,28362,0.01
June 30 2019,Kittitas,WA,Passenger,81,38,119,29611,29730,0.40
December 31 2018,Walla Walla,WA,Passenger,41,52,93,36096,36189,0.26
March 31 2022,Pacific,WA,Truck,0,0,0,8005,8005,0.00
March 31 2019,Middlesex,MA,Passenger,1,1,2,119,121,1.65
May 31 2019,Harris,TX,Passenger,0,1,1,256,257,0.39
May 31 2019,Wilson,TX,Passenger,0,1,1,7,8,12.50
June 30 2018,Maui,HI,Passenger,1,0,1,55,56,1.79
November 30 2021,Mason,WA,Truck,0,0,0,21242,21242,0.00
October 31 2017,Whitman,WA,Passenger,12,20,32,22298,22330,0.14
January 31 2023,Adams,WA,Truck,1,0,1,5389,5390,0.02
April 30 2022,Allen,IN,Passenger,1,0,1,18,19,5.26
November 30 2023,Orange,NC,Passenger,0,1,1,3,4,25.00
March 31 2020,Garfield,WA,Passenger,0,1,1,1349,1350,0.07
June 30 2023,Yakima,WA,Truck,13,0,13,61054,61067,0.02
September 30 2022,Columbia,WA,Truck,0,0,0,1573,1573,0.00
February 28 2018,Columbia,WA,Passenger,2,1,3,2407,2410,0.12
July 31 2020,Cowlitz,WA,Truck,0,0,0,28875,28875,0.00
April 30 2023,Howard,MD,Passenger,0,2,2,50,52,3.85
September 30 2023,Mason,WA,Passenger,496,213,709,45669,46378,1.53
July 31 2023,Middlesex,MA,Passenger,2,1,3,62,65,4.62
January 31 2022,Miami-Dade,FL,Passenger,1,0,1,88,89,1.12
May 31 2021,Montgomery,MD,Passenger,2,1,3,233,236,1.27
October 31 2017,Ramsey,MN,Passenger,1,0,1,42,43,2.33
January 31 2023,Miami-Dade,FL,Passenger,1,0,1,64,65,1.54
July 31 2021,Carson City,NV,Passenger,1,0,1,11,12,8.33
March 31 2021,Washtenaw,MI,Passenger,0,1,1,31,32,3.12
August 31 2018,Ferry,WA,Passenger,2,2,4,4419,4423,0.09
February 28 2017,Dakota,MN,Passenger,0,1,1,43,44,2.27
June 30 2021,Walla Walla,WA,Passenger,113,74,187,36611,36798,0.51
July 31 2020,Snohomish,WA,Truck,0,0,0,124326,124326,0.00
June 30 2023,Bell,TX,Passenger,1,0,1,251,252,0.40
February 28 2019,Fresno,CA,Passenger,1,0,1,194,195,0.51
February 28 2022,Klamath,OR,Passenger,1,0,1,30,31,3.23
September 30 2018,Gwinnett,GA,Passenger,0,1,1,87,88,1.14
February 28 2017,Orleans,LA,Passenger,0,1,1,51,52,1.92
August 31 2023,Parker,TX,Passenger,0,1,1,11,12,8.33
October 31 2021,RÃ­o Grande,PR,Passenger,1,0,1,0,1,100.00
February 28 2017,Skamania,WA,Truck,0,0,0,3889,3889,0.00
August 31 2022,Honolulu,HI,Passenger,3,3,6,336,342,1.75
May 31 2020,Bucks,PA,Passenger,1,0,1,22,23,4.35
September 30 2021,Penobscot,ME,Passenger,0,1,1,9,10,10.00
December 31 2019,Juneau,AK,Passenger,0,2,2,27,29,6.90
December 31 2017,Eagle,CO,Passenger,1,0,1,6,7,14.29
July 31 2021,San Juan,WA,Truck,0,0,0,5951,5951,0.00
February 28 2018,Los Angeles,CA,Passenger,5,3,8,1207,1215,0.66
May 31 2020,Pierce,WA,Truck,0,0,0,141291,141291,0.00
February 28 2017,Franklin,WA,Truck,0,0,0,17904,17904,0.00
November 30 2022,Stevens,WA,Truck,2,0,2,18851,18853,0.01
March 31 2017,Wahkiakum,WA,Passenger,0,2,2,2849,2851,0.07
August 31 2022,Leavenworth,KS,Passenger,0,1,1,97,98,1.02
December 31 2022,St. Clair,IL,Passenger,2,0,2,108,110,1.82
August 31 2021,Boulder,CO,Passenger,1,1,2,45,47,4.26
April 30 2017,Franklin,WA,Passenger,27,47,74,55344,55418,0.13
January 31 2020,Norfolk,VA,Passenger,2,2,4,355,359,1.11
November 30 2021,Bernalillo,NM,Passenger,1,0,1,113,114,0.88
February 28 2022,Island,WA,Truck,1,0,1,21463,21464,0.00
September 30 2019,Thurston,WA,Passenger,954,671,1625,198519,200144,0.81
December 31 2021,Pinellas,FL,Passenger,0,1,1,93,94,1.06
August 31 2023,Walla Walla,WA,Truck,7,0,7,13568,13575,0.05
February 29 2020,Okanogan,WA,Passenger,34,31,65,26119,26184,0.25
January 31 2020,Henrico,VA,Passenger,0,1,1,19,20,5.00
December 31 2019,Saginaw,MI,Passenger,1,0,1,12,13,7.69
August 31 2020,Frederick,MD,Passenger,1,1,2,76,78,2.56
August 31 2022,Clinton,PA,Passenger,1,0,1,1,2,50.00
April 30 2017,King,WA,Passenger,9555,3882,13437,1378404,1391841,0.97
April 30 2019,Snohomish,WA,Truck,1,0,1,122007,122008,0.00
September 30 2023,Miami-Dade,FL,Passenger,1,0,1,47,48,2.08
August 31 2022,Garfield,WA,Truck,0,0,0,975,975,0.00
October 31 2022,Essex,MA,Passenger,1,0,1,16,17,5.88
October 31 2020,Placer,CA,Passenger,2,0,2,90,92,2.17
August 31 2022,Escambia,FL,Passenger,0,1,1,136,137,0.73
October 31 2019,Wayne,MI,Passenger,0,1,1,64,65,1.54
June 30 2018,Yakima,WA,Truck,0,0,0,58486,58486,0.00
August 31 2023,Ferry,WA,Passenger,20,4,24,4280,4304,0.56
February 28 2023,Clark,WA,Passenger,5184,2108,7292,314218,321510,2.27
October 31 2019,Ferry,WA,Passenger,5,2,7,4426,4433,0.16
September 30 2018,San Juan,WA,Passenger,161,68,229,14178,14407,1.59
September 30 2019,Chesapeake,VA,Passenger,0,1,1,441,442,0.23
July 31 2022,Pennington,SD,Passenger,2,0,2,26,28,7.14
March 31 2023,Hillsborough,FL,Passenger,1,2,3,107,110,2.73
May 31 2017,St. Lucie,FL,Passenger,1,0,1,32,33,3.03
July 31 2022,Ray,MO,Passenger,0,1,1,1,2,50.00
September 30 2021,El Paso,TX,Passenger,3,0,3,377,380,0.79
November 30 2023,Ferry,WA,Truck,0,0,0,3404,3404,0.00
April 30 2021,Walla Walla,WA,Passenger,108,71,179,36524,36703,0.49
January 31 2020,Ramsey,MN,Passenger,1,0,1,41,42,2.38
March 31 2017,Island,WA,Passenger,105,130,235,59593,59828,0.39
September 30 2018,Sumter,FL,Passenger,0,1,1,10,11,9.09
October 31 2022,King,WA,Truck,300,2,302,179202,179504,0.17
April 30 2021,Wahkiakum,WA,Truck,0,0,0,1806,1806,0.00
September 30 2022,Kittitas,WA,Truck,4,0,4,14601,14605,0.03
September 30 2019,Skamania,WA,Passenger,26,18,44,8782,8826,0.50
September 30 2021,Mason,WA,Truck,0,0,0,21281,21281,0.00
February 28 2018,Adams,WA,Truck,0,0,0,5138,5138,0.00
August 31 2021,Wahkiakum,WA,Passenger,16,8,24,3078,3102,0.77
July 31 2021,Queens,NY,Passenger,2,0,2,52,54,3.70
April 30 2022,Shelby,OH,Passenger,0,1,1,2,3,33.33
December 31 2017,Deschutes,OR,Passenger,1,0,1,181,182,0.55
August 31 2017,San Juan,WA,Truck,0,0,0,5548,5548,0.00
June 30 2022,Chesapeake,VA,Passenger,2,2,4,343,347,1.15
April 30 2019,Portsmouth,VA,Passenger,0,1,1,75,76,1.32
December 31 2019,Walla Walla,WA,Passenger,63,60,123,36304,36427,0.34
August 31 2018,Flathead,MT,Passenger,1,0,1,56,57,1.75
October 31 2017,Missoula,MT,Passenger,1,0,1,70,71,1.41
January 31 2020,Jefferson,CO,Passenger,0,2,2,60,62,3.23
July 31 2023,Camden,NJ,Passenger,0,1,1,11,12,8.33
February 28 2023,Boulder,CO,Passenger,2,0,2,38,40,5.00
June 30 2017,Maui,HI,Passenger,1,0,1,69,70,1.43
October 31 2021,Leavenworth,KS,Passenger,0,1,1,113,114,0.88
January 31 2023,Walla Walla,WA,Truck,3,0,3,13878,13881,0.02
June 30 2021,DeKalb,GA,Passenger,1,0,1,64,65,1.54
December 31 2019,Jones,GA,Passenger,1,0,1,1,2,50.00
May 31 2021,Jones,GA,Passenger,1,0,1,1,2,50.00
March 31 2023,Vernon,LA,Passenger,1,0,1,73,74,1.35
May 31 2020,Cascade,MT,Passenger,0,1,1,58,59,1.69
March 31 2022,Ulster,NY,Passenger,1,0,1,13,14,7.14
November 30 2022,Elmore,ID,Passenger,1,0,1,14,15,6.67
August 31 2023,Collier,FL,Passenger,1,0,1,11,12,8.33
June 30 2018,Lee,AL,Passenger,1,0,1,35,36,2.78
January 31 2019,Whitman,WA,Passenger,24,40,64,22842,22906,0.28
January 31 2019,Pend Oreille,WA,Truck,0,0,0,5742,5742,0.00
February 28 2017,Klickitat,WA,Truck,0,0,0,7934,7934,0.00
January 31 2017,Chelan,WA,Truck,0,0,0,21261,21261,0.00
December 31 2018,Snohomish,WA,Passenger,2914,1436,4350,527183,531533,0.82
May 31 2018,El Paso,TX,Passenger,1,0,1,528,529,0.19
May 31 2018,Pima,AZ,Passenger,1,1,2,427,429,0.47
September 30 2021,Virginia Beach,VA,Passenger,3,0,3,605,608,0.49
March 31 2022,Adams,CO,Passenger,1,0,1,40,41,2.44
August 31 2018,Jefferson,NY,Passenger,0,1,1,229,230,0.43
February 28 2021,Hamilton,IN,Passenger,2,0,2,37,39,5.13
May 31 2021,Tulsa,OK,Passenger,1,0,1,41,42,2.38
November 30 2023,Hawaii,HI,Passenger,1,0,1,25,26,3.85
May 31 2020,San Juan,WA,Passenger,298,91,389,14057,14446,2.69
July 31 2021,Maricopa,AZ,Passenger,6,5,11,1203,1214,0.91
July 31 2020,Harnett,NC,Passenger,1,0,1,202,203,0.49
December 31 2020,Wichita,TX,Passenger,1,0,1,43,44,2.27
November 30 2020,Fairbanks North Star,AK,Passenger,0,1,1,92,93,1.08
November 30 2019,San Francisco,CA,Passenger,2,1,3,103,106,2.83
July 31 2023,Hamilton,OH,Passenger,1,0,1,31,32,3.12
November 30 2019,Sumter,FL,Passenger,0,1,1,9,10,10.00
June 30 2021,Pend Oreille,WA,Truck,0,0,0,5745,5745,0.00
May 31 2023,Harris,TX,Passenger,1,0,1,125,126,0.79
January 31 2017,Jefferson,WA,Truck,0,0,0,9469,9469,0.00
February 28 2017,Lincoln,WA,Truck,0,0,0,4462,4462,0.00
October 31 2018,Lincoln,WA,Passenger,2,6,8,7740,7748,0.10
September 30 2023,Thurston,WA,Passenger,3447,1298,4745,187995,192740,2.46
March 31 2022,York,VA,Passenger,1,0,1,94,95,1.05
January 31 2021,Maui,HI,Passenger,2,0,2,28,30,6.67
April 30 2022,Asotin,WA,Truck,0,0,0,6745,6745,0.00
February 28 2018,Snohomish,WA,Truck,1,0,1,121335,121336,0.00
August 31 2021,Grays Harbor,WA,Truck,0,0,0,21394,21394,0.00
June 30 2020,Denver,CO,Passenger,1,0,1,114,115,0.87
October 31 2022,Multnomah,OR,Passenger,1,3,4,502,506,0.79
June 30 2021,Wahkiakum,WA,Passenger,15,8,23,3108,3131,0.73
January 31 2022,Vigo,IN,Passenger,1,0,1,5,6,16.67
July 31 2020,Los Angeles,CA,Passenger,6,12,18,1013,1031,1.75
July 31 2018,Monterey,CA,Passenger,0,1,1,183,184,0.54
August 31 2022,San Bernardino,CA,Passenger,1,1,2,309,311,0.64
February 28 2019,Douglas,NE,Passenger,0,1,1,67,68,1.47
August 31 2023,Mobile,AL,Passenger,1,0,1,24,25,4.00
November 30 2021,Essex,NJ,Passenger,2,0,2,13,15,13.33
September 30 2023,Washtenaw,MI,Passenger,0,1,1,18,19,5.26
April 30 2022,Rogers,OK,Passenger,1,0,1,3,4,25.00
July 31 2023,Stevens,WA,Passenger,118,69,187,29573,29760,0.63
August 31 2022,Spokane,WA,Truck,10,0,10,101943,101953,0.01
September 30 2017,Pend Oreille,WA,Truck,0,0,0,5551,5551,0.00
January 31 2022,DeKalb,GA,Passenger,1,0,1,62,63,1.59
October 31 2019,Harnett,NC,Passenger,1,1,2,218,220,0.91
August 31 2022,Parker,TX,Passenger,0,1,1,19,20,5.00
July 31 2021,Champaign,IL,Passenger,1,0,1,12,13,7.69
April 30 2023,Eau Claire,WI,Passenger,1,0,1,1,2,50.00
December 31 2017,St. Lucie,FL,Passenger,1,0,1,26,27,3.70
October 31 2023,Carroll,MD,Passenger,0,1,1,18,19,5.26
August 31 2018,Columbia,WA,Truck,0,0,0,1535,1535,0.00
July 31 2022,Skagit,WA,Passenger,812,345,1157,89799,90956,1.27
April 30 2023,Leavenworth,KS,Passenger,0,1,1,92,93,1.08
March 31 2019,Richmond,GA,Passenger,0,1,1,95,96,1.04
July 31 2023,El Paso,CO,Passenger,3,2,5,469,474,1.05
July 31 2019,Clark,NV,Passenger,5,2,7,699,706,0.99
April 30 2018,Clay,FL,Passenger,0,1,1,98,99,1.01
October 31 2020,Carson City,NV,Passenger,1,0,1,11,12,8.33
January 31 2021,Orange,FL,Passenger,1,0,1,114,115,0.87
May 31 2022,Broward,FL,Passenger,2,0,2,87,89,2.25
December 31 2021,Alexandria,VA,Passenger,2,0,2,116,118,1.69
October 31 2020,Jefferson,WA,Truck,0,0,0,9574,9574,0.00
July 31 2022,Pend Oreille,WA,Truck,0,0,0,5647,5647,0.00
September 30 2017,Kittitas,WA,Truck,0,0,0,13657,13657,0.00
June 30 2020,Kittitas,WA,Truck,0,0,0,14592,14592,0.00
October 31 2019,,,Passenger,5,2,7,410,417,1.68
October 31 2023,Kittitas,WA,Passenger,422,113,535,28691,29226,1.83
October 31 2021,Walla Walla,WA,Truck,0,0,0,14050,14050,0.00
September 30 2019,DeKalb,GA,Passenger,1,0,1,84,85,1.18
May 31 2018,Carroll,NH,Passenger,0,1,1,1,2,50.00
January 31 2023,Napa,CA,Passenger,0,1,1,11,12,8.33
July 31 2021,Grays Harbor,WA,Passenger,176,146,322,49507,49829,0.65
March 31 2020,Columbia,WA,Passenger,3,3,6,2417,2423,0.25
July 31 2017,Portsmouth,VA,Passenger,0,1,1,65,66,1.52
January 31 2019,Skagit,WA,Passenger,270,186,456,91358,91814,0.50
October 31 2018,Lewis,WA,Passenger,88,70,158,58037,58195,0.27
January 31 2020,Jefferson,WA,Passenger,224,139,363,25205,25568,1.42
November 30 2017,Sacramento,CA,Passenger,1,0,1,326,327,0.31
October 31 2023,St. Louis,MO,Passenger,1,0,1,45,46,2.17
March 31 2017,Arlington,VA,Passenger,1,1,2,171,173,1.16
June 30 2018,Travis,TX,Passenger,1,1,2,192,194,1.03
August 31 2017,Jackson,MO,Passenger,1,0,1,58,59,1.69
May 31 2023,Williamsburg,VA,Passenger,0,1,1,6,7,14.29
November 30 2021,Saginaw,MI,Passenger,1,0,1,8,9,11.11
July 31 2018,Spokane,WA,Passenger,347,320,667,303984,304651,0.22
August 31 2022,Snohomish,WA,Truck,45,0,45,123165,123210,0.04
January 31 2021,Maricopa,AZ,Passenger,5,7,12,1363,1375,0.87
June 30 2018,San Juan,WA,Truck,0,0,0,5710,5710,0.00
April 30 2023,El Paso,TX,Passenger,3,0,3,293,296,1.01
November 30 2022,Clallam,WA,Truck,8,0,8,21876,21884,0.04
January 31 2020,Middlesex,MA,Passenger,1,1,2,105,107,1.87
April 30 2018,Madison,ID,Passenger,1,0,1,37,38,2.63
February 28 2019,Albemarle,VA,Passenger,1,0,1,24,25,4.00
September 30 2022,Mercer,NJ,Passenger,0,1,1,12,13,7.69
June 30 2022,Clackamas,OR,Passenger,2,0,2,144,146,1.37
February 28 2019,Mason,WA,Truck,0,0,0,20226,20226,0.00
December 31 2019,Cochise,AZ,Passenger,0,1,1,104,105,0.95
September 30 2017,New Haven,CT,Passenger,0,1,1,54,55,1.82
December 31 2020,Fort Bend,TX,Passenger,1,0,1,41,42,2.38
August 31 2023,San Bernardino,CA,Passenger,2,1,3,246,249,1.20
October 31 2023,Marion,IA,Passenger,1,0,1,0,1,100.00
July 31 2021,Ferry,WA,Truck,0,0,0,3647,3647,0.00
April 30 2021,El Paso,TX,Passenger,3,0,3,393,396,0.76
October 31 2019,Columbia,WA,Truck,0,0,0,1533,1533,0.00
April 30 2017,Dallas,TX,Passenger,0,1,1,198,199,0.50
August 31 2023,Charles,MD,Passenger,1,1,2,50,52,3.85
February 28 2022,Allegheny,PA,Passenger,1,1,2,61,63,3.17
October 31 2023,Alameda,CA,Passenger,4,0,4,141,145,2.76
January 31 2022,Fairbanks North Star,AK,Passenger,0,1,1,78,79,1.27
November 30 2018,Middlesex,MA,Passenger,0,1,1,136,137,0.73
September 30 2018,San Francisco,CA,Passenger,1,1,2,120,122,1.64
March 31 2021,Penobscot,ME,Passenger,0,1,1,10,11,9.09
September 30 2022,Rock Island,IL,Passenger,0,1,1,12,13,7.69
August 31 2018,Mercer,NJ,Passenger,0,1,1,21,22,4.55
April 30 2021,Albemarle,VA,Passenger,1,0,1,22,23,4.35
November 30 2022,Marin,CA,Passenger,0,1,1,32,33,3.03
October 31 2018,Clark,WA,Truck,0,0,0,79571,79571,0.00
October 31 2019,Klickitat,WA,Truck,0,0,0,8310,8310,0.00
August 31 2019,Putnam,TN,Passenger,0,1,1,3,4,25.00
January 31 2021,Ray,MO,Passenger,0,1,1,1,2,50.00
August 31 2019,Grays Harbor,WA,Passenger,88,85,173,48112,48285,0.36
July 31 2018,Clark,WA,Truck,0,0,0,79234,79234,0.00
October 31 2020,Pend Oreille,WA,Truck,0,0,0,5716,5716,0.00
September 30 2019,Wahkiakum,WA,Truck,0,0,0,1760,1760,0.00
July 31 2018,Columbia,WA,Passenger,2,2,4,2419,2423,0.17
January 31 2023,Vernon,LA,Passenger,1,0,1,76,77,1.30
May 31 2019,Jefferson,CO,Passenger,0,2,2,60,62,3.23
September 30 2023,District of Columbia,DC,Passenger,4,0,4,137,141,2.84
July 31 2019,Rogers,OK,Passenger,1,0,1,5,6,16.67
October 31 2018,King,WA,Passenger,15031,6221,21252,1376138,1397390,1.52
November 30 2020,Contra Costa,CA,Passenger,4,3,7,285,292,2.40
February 28 2023,Columbia,WA,Passenger,8,1,9,2421,2430,0.37
January 31 2023,Asotin,WA,Truck,0,0,0,6679,6679,0.00
April 30 2020,Adams,WA,Passenger,7,7,14,12752,12766,0.11
June 30 2023,Prince George's,MD,Passenger,3,1,4,106,110,3.64
October 31 2023,Santa Cruz,CA,Passenger,1,0,1,18,19,5.26
June 30 2022,Virginia Beach,VA,Passenger,3,0,3,515,518,0.58
April 30 2022,Riverside,CA,Passenger,7,1,8,479,487,1.64
June 30 2017,Jefferson,WA,Truck,0,0,0,9424,9424,0.00
November 30 2022,Ventura,CA,Passenger,3,2,5,230,235,2.13
July 31 2020,Solano,CA,Passenger,1,0,1,212,213,0.47
August 31 2018,Morris,NJ,Passenger,1,0,1,16,17,5.88
July 31 2018,Utah,UT,Passenger,0,1,1,138,139,0.72
May 31 2022,Alexandria,VA,Passenger,4,0,4,106,110,3.64
August 31 2022,Hamilton,OH,Passenger,1,0,1,33,34,2.94
August 31 2020,Bexar,TX,Passenger,4,5,9,607,616,1.46
July 31 2019,Douglas,WA,Truck,0,0,0,12219,12219,0.00
November 30 2018,Cumberland,NC,Passenger,0,1,1,531,532,0.19
February 29 2020,Asotin,WA,Passenger,16,11,27,12669,12696,0.21
December 31 2022,Harford,MD,Passenger,1,1,2,44,46,4.35
May 31 2020,Alameda,CA,Passenger,2,1,3,279,282,1.06
July 31 2020,Klickitat,WA,Passenger,56,43,99,15112,15211,0.65
June 30 2017,Northampton,PA,Passenger,1,0,1,147,148,0.68
November 30 2017,Arlington,VA,Passenger,1,2,3,174,177,1.69
December 31 2020,Montgomery,TX,Passenger,1,0,1,51,52,1.92
May 31 2022,Greene,MO,Passenger,0,1,1,28,29,3.45
November 30 2017,DeKalb,GA,Passenger,1,0,1,88,89,1.12
December 31 2017,Essex,NJ,Passenger,1,0,1,12,13,7.69
March 31 2021,Gwinnett,GA,Passenger,1,0,1,68,69,1.45
September 30 2022,New Haven,CT,Passenger,0,2,2,29,31,6.45
October 31 2021,Dallas,IA,Passenger,0,1,1,8,9,11.11
May 31 2020,Sumter,FL,Passenger,0,1,1,9,10,10.00
October 31 2021,Spokane,WA,Passenger,1217,727,1944,326362,328306,0.59
November 30 2021,Hennepin,MN,Passenger,3,0,3,68,71,4.23
January 31 2021,Broward,FL,Passenger,2,1,3,111,114,2.63
February 28 2021,Camden,NJ,Passenger,0,1,1,16,17,5.88
June 30 2017,Richmond,GA,Passenger,0,1,1,89,90,1.11
July 31 2019,Sangamon,IL,Passenger,1,0,1,6,7,14.29
August 31 2020,Wilson,TX,Passenger,0,1,1,6,7,14.29
December 31 2021,Kings,CA,Passenger,2,1,3,333,336,0.89
October 31 2019,Spokane,WA,Truck,1,0,1,96078,96079,0.00
July 31 2020,Portsmouth,VA,Passenger,0,1,1,74,75,1.33
September 30 2023,Chesapeake,VA,Passenger,2,1,3,261,264,1.14
January 31 2021,San Joaquin,CA,Passenger,1,0,1,112,113,0.88
March 31 2023,Alexandria,VA,Passenger,4,1,5,90,95,5.26
September 30 2020,Yakima,WA,Truck,0,0,0,60570,60570,0.00
March 31 2023,St. Mary's,MD,Passenger,1,0,1,176,177,0.56
November 30 2018,Duval,FL,Passenger,1,2,3,386,389,0.77
February 28 2023,Contra Costa,CA,Passenger,0,3,3,202,205,1.46
August 31 2023,Honolulu,HI,Passenger,2,3,5,239,244,2.05
March 31 2020,Clark,WA,Passenger,1983,1061,3044,320245,323289,0.94
September 30 2022,Prince George's,MD,Passenger,3,1,4,120,124,3.23
May 31 2020,Williamson,TX,Passenger,0,2,2,142,144,1.39
February 28 2018,Asotin,WA,Truck,0,0,0,6579,6579,0.00
May 31 2017,Asotin,WA,Truck,0,0,0,6490,6490,0.00
June 30 2017,Pend Oreille,WA,Truck,0,0,0,5572,5572,0.00
July 31 2021,Pinellas,FL,Passenger,0,1,1,98,99,1.01
April 30 2022,Douglas,WA,Truck,0,0,0,12743,12743,0.00
February 28 2018,Skamania,WA,Passenger,11,8,19,8623,8642,0.22
May 31 2018,Los Angeles,CA,Passenger,6,4,10,1172,1182,0.85
February 28 2017,Hamilton,IN,Passenger,1,0,1,67,68,1.47
November 30 2018,Lewis,WA,Truck,0,0,0,25624,25624,0.00
May 31 2018,Columbia,WA,Truck,0,0,0,1526,1526,0.00
September 30 2020,Pend Oreille,WA,Passenger,8,4,12,9186,9198,0.13
March 31 2018,Benton,WA,Truck,0,0,0,40797,40797,0.00
October 31 2018,,,Passenger,4,2,6,423,429,1.40
July 31 2021,Montgomery,PA,Passenger,1,0,1,24,25,4.00
June 30 2022,Fort Bend,TX,Passenger,1,0,1,26,27,3.70
September 30 2021,Allen,IN,Passenger,1,0,1,19,20,5.00
December 31 2020,Eagle,CO,Passenger,1,0,1,9,10,10.00
October 31 2020,El Paso,TX,Passenger,3,0,3,420,423,0.71
July 31 2020,Suffolk,MA,Passenger,0,2,2,38,40,5.00
June 30 2020,Klamath,OR,Passenger,1,0,1,34,35,2.86
November 30 2022,Sacramento,CA,Passenger,3,0,3,197,200,1.50
February 28 2019,Suffolk,MA,Passenger,0,1,1,42,43,2.33
June 30 2018,St. Lucie,FL,Passenger,1,0,1,28,29,3.45
January 31 2020,Houston,GA,Passenger,1,0,1,59,60,1.67
May 31 2020,Santa Cruz,CA,Passenger,1,0,1,36,37,2.70
January 31 2021,Jones,GA,Passenger,1,0,1,1,2,50.00
March 31 2023,Jefferson,WA,Passenger,524,247,771,24286,25057,3.08
March 31 2022,Philadelphia,PA,Passenger,1,0,1,41,42,2.38
February 29 2020,Deschutes,OR,Passenger,4,0,4,144,148,2.70
June 30 2017,Wayne,MI,Passenger,0,1,1,71,72,1.39
October 31 2023,Skamania,WA,Passenger,124,53,177,7892,8069,2.19
January 31 2022,Benton,WA,Truck,0,0,0,43589,43589,0.00
March 31 2018,Arlington,VA,Passenger,1,2,3,177,180,1.67
May 31 2017,Dane,WI,Passenger,1,0,1,122,123,0.81
August 31 2023,Pierce,WA,Passenger,8294,2902,11196,525686,536882,2.09
August 31 2020,Contra Costa,CA,Passenger,4,3,7,299,306,2.29
April 30 2017,Grant,WA,Passenger,18,21,39,60487,60526,0.06
June 30 2021,Mason,WA,Passenger,215,140,355,48168,48523,0.73
October 31 2022,Maricopa,AZ,Passenger,8,3,11,852,863,1.27
November 30 2020,Washington,OR,Passenger,1,0,1,424,425,0.24
August 31 2019,Santa Fe,NM,Passenger,0,1,1,41,42,2.38
October 31 2018,Denver,CO,Passenger,1,0,1,127,128,0.78
June 30 2017,Lee,AL,Passenger,1,0,1,36,37,2.70
January 31 2020,Jones,GA,Passenger,1,0,1,1,2,50.00
March 31 2020,Snohomish,WA,Passenger,4369,1756,6125,537341,543466,1.13
April 30 2018,Adams,WA,Passenger,5,4,9,12521,12530,0.07
February 28 2018,Kent,MI,Passenger,0,1,1,35,36,2.78
February 28 2021,Island,WA,Truck,0,0,0,21408,21408,0.00
November 30 2022,Calvert,MD,Passenger,0,2,2,75,77,2.60
December 31 2017,Pima,AZ,Passenger,1,1,2,422,424,0.47
April 30 2021,Greene,MO,Passenger,0,1,1,36,37,2.70
September 30 2020,Riverside,CA,Passenger,3,0,3,611,614,0.49
March 31 2019,Charles,MD,Passenger,0,1,1,80,81,1.23
October 31 2021,Washington,OR,Passenger,1,0,1,365,366,0.27
July 31 2022,Virginia Beach,VA,Passenger,3,0,3,511,514,0.58
April 30 2018,Klickitat,WA,Passenger,25,29,54,15049,15103,0.36
April 30 2019,Shelby,TN,Passenger,0,1,1,97,98,1.02
December 31 2017,Collier,FL,Passenger,1,0,1,21,22,4.55
April 30 2019,Monroe,IL,Passenger,1,0,1,3,4,25.00
March 31 2021,Powhatan,VA,Passenger,1,0,1,1,2,50.00
September 30 2019,Douglas,WA,Passenger,62,37,99,28201,28300,0.35
July 31 2021,Virginia Beach,VA,Passenger,2,0,2,625,627,0.32
April 30 2023,Onslow,NC,Passenger,0,1,1,149,150,0.67
April 30 2021,Ulster,NY,Passenger,1,0,1,11,12,8.33
June 30 2019,Berkshire,MA,Passenger,0,1,1,4,5,20.00
June 30 2022,Grant,WA,Truck,0,0,0,28013,28013,0.00
April 30 2023,Kootenai,ID,Truck,1,0,1,28,29,3.45
October 31 2023,Mason,WA,Passenger,510,217,727,45352,46079,1.58
May 31 2021,Yakima,WA,Passenger,212,145,357,169274,169631,0.21
August 31 2021,Burlington,NJ,Passenger,0,1,1,122,123,0.81
November 30 2023,Sarpy,NE,Passenger,1,0,1,44,45,2.22
September 30 2022,Saratoga,NY,Passenger,1,0,1,40,41,2.44
October 31 2022,Skagit,WA,Passenger,884,349,1233,89449,90682,1.36
February 29 2020,Columbia,WA,Passenger,3,3,6,2434,2440,0.25
March 31 2018,Stevens,WA,Passenger,9,21,30,31601,31631,0.09
November 30 2019,Cook,IL,Passenger,1,0,1,242,243,0.41
March 31 2023,Berkeley,SC,Passenger,0,1,1,108,109,0.92
November 30 2021,Juneau,AK,Passenger,0,1,1,27,28,3.57
April 30 2022,Lane,OR,Passenger,0,2,2,106,108,1.85
April 30 2020,Pierce,WA,Truck,0,0,0,141113,141113,0.00
January 31 2023,Klickitat,WA,Truck,4,0,4,8239,8243,0.05
April 30 2018,San Mateo,CA,Passenger,1,1,2,135,137,1.46
February 28 2018,Cowlitz,WA,Passenger,54,70,124,70939,71063,0.17
May 31 2021,Cowlitz,WA,Truck,0,0,0,29140,29140,0.00
November 30 2021,Fresno,CA,Passenger,1,0,1,168,169,0.59
September 30 2022,Stafford,VA,Passenger,2,1,3,88,91,3.30
July 31 2021,Middlesex,MA,Passenger,1,1,2,95,97,2.06
April 30 2021,Ramsey,MN,Passenger,1,0,1,32,33,3.03
February 28 2019,Clallam,WA,Passenger,153,127,280,50345,50625,0.55
July 31 2018,Alameda,CA,Passenger,0,1,1,347,348,0.29
June 30 2023,Carroll,MD,Passenger,0,1,1,19,20,5.00
January 31 2020,Polk,FL,Passenger,1,0,1,68,69,1.45
February 28 2021,Franklin,WA,Passenger,92,87,179,61593,61772,0.29
August 31 2018,Contra Costa,CA,Passenger,0,1,1,435,436,0.23
August 31 2021,Kitsap,WA,Truck,0,0,0,54371,54371,0.00
September 30 2019,Randolph,NC,Passenger,1,0,1,6,7,14.29
June 30 2017,Montgomery,PA,Passenger,1,0,1,39,40,2.50
April 30 2020,Fulton,GA,Passenger,1,2,3,102,105,2.86
December 31 2020,New Haven,CT,Passenger,0,2,2,36,38,5.26
June 30 2019,Chelan,WA,Truck,0,0,0,22283,22283,0.00
February 28 2018,Queens,NY,Passenger,1,0,1,61,62,1.61
January 31 2022,Monterey,CA,Passenger,0,2,2,136,138,1.45
July 31 2022,Kings,CA,Passenger,2,1,3,310,313,0.96
May 31 2021,Harford,MD,Passenger,0,1,1,58,59,1.69
October 31 2023,Essex,MA,Passenger,1,0,1,12,13,7.69
August 31 2019,Randolph,NC,Passenger,1,0,1,6,7,14.29
November 30 2019,Skagit,WA,Truck,1,0,1,32540,32541,0.00
August 31 2022,Bryan,GA,Passenger,0,1,1,32,33,3.03
January 31 2017,Hidalgo,TX,Passenger,0,1,1,100,101,0.99
February 28 2022,New London,CT,Passenger,1,4,5,207,212,2.36
September 30 2021,Jefferson,NY,Passenger,1,1,2,212,214,0.93
January 31 2022,Suffolk,VA,Passenger,1,0,1,120,121,0.83
September 30 2023,Riverside,CA,Passenger,5,0,5,324,329,1.52
March 31 2020,Williams,ND,Passenger,0,1,1,13,14,7.14
November 30 2020,Grant,WA,Truck,0,0,0,27414,27414,0.00
November 30 2020,Travis,TX,Passenger,3,0,3,176,179,1.68
November 30 2017,Douglas,WA,Truck,0,0,0,11701,11701,0.00
July 31 2020,Sumter,FL,Passenger,0,1,1,9,10,10.00
April 30 2020,Powhatan,VA,Passenger,1,0,1,0,1,100.00
January 31 2021,San Mateo,CA,Passenger,1,1,2,115,117,1.71
April 30 2017,Whitman,WA,Truck,0,0,0,8382,8382,0.00
May 31 2019,Tulsa,OK,Passenger,1,1,2,47,49,4.08
May 31 2017,Pacific,WA,Passenger,9,7,16,15134,15150,0.11
November 30 2020,Goochland,VA,Passenger,4,2,6,250,256,2.34
February 28 2023,Whitman,WA,Truck,4,0,4,8658,8662,0.05
August 31 2022,Penobscot,ME,Passenger,0,1,1,9,10,10.00
January 31 2017,Thurston,WA,Truck,0,0,0,53335,53335,0.00
February 28 2019,Benton,WA,Truck,0,0,0,41546,41546,0.00
April 30 2021,Salt Lake,UT,Passenger,0,1,1,180,181,0.55
September 30 2020,Greene,MO,Passenger,0,1,1,36,37,2.70
June 30 2020,Asotin,WA,Passenger,16,12,28,12319,12347,0.23
July 31 2022,Okanogan,WA,Passenger,88,49,137,26286,26423,0.52
May 31 2017,Lewis,WA,Truck,0,0,0,24826,24826,0.00
August 31 2017,Okaloosa,FL,Passenger,1,0,1,186,187,0.53
May 31 2022,Queens,NY,Passenger,1,0,1,47,48,2.08
August 31 2022,St. Louis,MO,Passenger,2,0,2,61,63,3.17
August 31 2019,New London,CT,Passenger,0,2,2,241,243,0.82
December 31 2017,Monterey,CA,Passenger,0,2,2,191,193,1.04
September 30 2020,Richmond,GA,Passenger,0,1,1,82,83,1.20
February 28 2021,Nassau,NY,Passenger,4,0,4,31,35,11.43
May 31 2019,Flathead,MT,Passenger,1,0,1,65,66,1.52
January 31 2021,Pacific,WA,Truck,0,0,0,7801,7801,0.00
July 31 2022,Harnett,NC,Passenger,2,0,2,152,154,1.30
February 28 2022,Pierce,WA,Passenger,4482,2172,6654,552227,558881,1.19
November 30 2022,Jefferson,WA,Truck,6,0,6,9382,9388,0.06
February 28 2023,Washington,OR,Passenger,1,0,1,267,268,0.37
August 31 2023,,,Passenger,3,0,3,237,240,1.25
March 31 2020,St. Clair,IL,Passenger,1,0,1,140,141,0.71
August 31 2023,Rockingham,NH,Passenger,1,0,1,12,13,7.69
April 30 2022,Kittitas,WA,Passenger,236,78,314,29739,30053,1.04
January 31 2019,Island,WA,Passenger,288,230,518,63232,63750,0.81
July 31 2017,Chelan,WA,Passenger,68,35,103,52135,52238,0.20
February 28 2018,Alameda,CA,Passenger,0,1,1,361,362,0.28
November 30 2021,Skamania,WA,Truck,0,0,0,4000,4000,0.00
April 30 2020,Fort Bend,TX,Passenger,1,0,1,46,47,2.13
May 31 2020,Pinellas,FL,Passenger,1,1,2,114,116,1.72
October 31 2023,Leavenworth,KS,Passenger,0,1,1,82,83,1.20
November 30 2023,Atlantic,NJ,Passenger,1,0,1,7,8,12.50
November 30 2020,Anchorage,AK,Passenger,1,0,1,151,152,0.66
November 30 2020,Placer,CA,Passenger,2,0,2,89,91,2.20
July 31 2019,Kalamazoo,MI,Passenger,1,0,1,13,14,7.14
July 31 2018,Eagle,CO,Passenger,1,0,1,5,6,16.67
February 28 2023,King,WA,Truck,496,2,498,177441,177939,0.28
February 28 2023,Whatcom,WA,Truck,44,0,44,42929,42973,0.10
July 31 2018,Jefferson,WA,Truck,0,0,0,9584,9584,0.00
October 31 2023,Charlottesville,VA,Passenger,0,1,1,3,4,25.00
March 31 2017,New London,CT,Passenger,1,1,2,262,264,0.76
June 30 2020,St. Clair,IL,Passenger,1,0,1,137,138,0.72
March 31 2021,Okaloosa,FL,Passenger,0,1,1,138,139,0.72
May 31 2023,Garfield,WA,Truck,0,0,0,976,976,0.00
June 30 2017,Garfield,WA,Truck,0,0,0,939,939,0.00
May 31 2020,Ramsey,MN,Passenger,1,0,1,41,42,2.38
November 30 2023,New Haven,CT,Passenger,0,2,2,23,25,8.00
November 30 2022,Eau Claire,WI,Passenger,1,0,1,1,2,50.00
September 30 2022,Juneau,AK,Passenger,0,1,1,27,28,3.57
May 31 2018,Monterey,CA,Passenger,0,1,1,186,187,0.53
September 30 2022,Orange,NC,Passenger,0,1,1,5,6,16.67
May 31 2019,Monroe,IL,Passenger,1,0,1,4,5,20.00
August 31 2019,San Juan,WA,Passenger,225,73,298,14437,14735,2.02
August 31 2022,Santa Clara,CA,Passenger,11,2,13,234,247,5.26
October 31 2019,Chesapeake,VA,Passenger,0,1,1,443,444,0.23
February 28 2018,Duval,FL,Passenger,1,2,3,368,371,0.81
December 31 2021,Fresno,CA,Passenger,1,0,1,167,168,0.60
June 30 2021,Miami-Dade,FL,Passenger,1,0,1,97,98,1.02
July 31 2019,Nassau,NY,Passenger,4,0,4,42,46,8.70
January 31 2020,Thurston,WA,Truck,0,0,0,55758,55758,0.00
September 30 2020,Nueces,TX,Passenger,1,0,1,88,89,1.12
August 31 2019,Cochise,AZ,Passenger,0,1,1,106,107,0.93
January 31 2022,Harrison,MS,Passenger,2,0,2,47,49,4.08
August 31 2020,Rockingham,NH,Passenger,1,0,1,21,22,4.55
April 30 2021,Hamilton,IN,Passenger,2,0,2,37,39,5.13
October 31 2017,Lee,AL,Passenger,1,0,1,35,36,2.78
May 31 2021,Vigo,IN,Passenger,1,0,1,5,6,16.67
January 31 2020,Clark,WA,Passenger,1940,1054,2994,319937,322931,0.93
October 31 2017,Chelan,WA,Passenger,77,36,113,52716,52829,0.21
December 31 2019,Island,WA,Truck,1,0,1,21344,21345,0.00
April 30 2022,Solano,CA,Passenger,1,0,1,166,167,0.60
March 31 2023,Spokane,WA,Truck,29,0,29,101888,101917,0.03
March 31 2017,Maui,HI,Passenger,1,0,1,71,72,1.39
December 31 2022,Honolulu,HI,Passenger,3,3,6,309,315,1.90
August 31 2018,Jefferson,CO,Passenger,0,1,1,66,67,1.49
August 31 2019,Richland,SC,Passenger,0,1,1,160,161,0.62
September 30 2018,San Juan,WA,Truck,0,0,0,5758,5758,0.00
May 31 2022,Skagit,WA,Passenger,758,332,1090,90077,91167,1.20
March 31 2019,Clark,WA,Truck,0,0,0,79988,79988,0.00
October 31 2018,Manatee,FL,Passenger,1,0,1,41,42,2.38
August 31 2021,Miami-Dade,FL,Passenger,1,0,1,96,97,1.03
November 30 2019,Portsmouth,VA,Passenger,0,1,1,79,80,1.25
June 30 2022,Essex,NJ,Passenger,2,0,2,12,14,14.29
October 31 2019,Penobscot,ME,Passenger,0,1,1,14,15,6.67
June 30 2020,Erie,NY,Passenger,1,0,1,45,46,2.17
February 28 2022,Danville,VA,Passenger,1,0,1,0,1,100.00
January 31 2017,Madison,ID,Passenger,1,0,1,47,48,2.08
January 31 2019,Tulsa,OK,Passenger,1,1,2,51,53,3.77
May 31 2022,Spokane,WA,Truck,1,0,1,102182,102183,0.00
May 31 2023,Clark,NV,Passenger,8,2,10,394,404,2.48
March 31 2022,Hillsborough,FL,Passenger,0,3,3,125,128,2.34
January 31 2020,Hillsborough,FL,Passenger,0,1,1,185,186,0.54
September 30 2022,Broward,FL,Passenger,1,0,1,77,78,1.28
June 30 2018,Sumter,FL,Passenger,0,1,1,9,10,10.00
April 30 2020,Bartow,GA,Passenger,0,1,1,3,4,25.00
March 31 2022,Clinton,PA,Passenger,1,0,1,0,1,100.00
January 31 2018,Bexar,TX,Passenger,1,2,3,817,820,0.37
August 31 2017,Hardin,KY,Passenger,0,1,1,119,120,0.83
July 31 2021,Boulder,CO,Passenger,1,1,2,45,47,4.26
December 31 2020,Virginia Beach,VA,Passenger,2,0,2,647,649,0.31
January 31 2022,Lincoln,WA,Truck,0,0,0,4833,4833,0.00
April 30 2018,Deschutes,OR,Passenger,1,0,1,176,177,0.56
December 31 2020,King,WA,Passenger,26912,8170,35082,1369757,1404839,2.50
December 31 2017,Pierce,WA,Truck,0,0,0,137017,137017,0.00
February 28 2023,Sheridan,WY,Passenger,1,0,1,6,7,14.29
February 28 2018,Whatcom,WA,Passenger,556,249,805,145560,146365,0.55
December 31 2019,Snohomish,WA,Truck,0,0,0,123266,123266,0.00
March 31 2017,Kittitas,WA,Truck,0,0,0,13423,13423,0.00
December 31 2022,Hillsborough,FL,Passenger,1,2,3,110,113,2.65
February 28 2022,Collier,FL,Passenger,1,0,1,18,19,5.26
May 31 2021,Grant,WA,Passenger,102,87,189,66843,67032,0.28
February 28 2017,Arlington,VA,Passenger,1,1,2,173,175,1.14
February 28 2023,Denton,TX,Passenger,1,0,1,50,51,1.96
April 30 2022,Norfolk,VA,Passenger,3,3,6,305,311,1.93
March 31 2020,Chelan,WA,Passenger,220,79,299,54474,54773,0.55
August 31 2017,Anne Arundel,MD,Passenger,0,1,1,496,497,0.20
July 31 2021,Klamath,OR,Passenger,1,0,1,31,32,3.12
February 28 2017,Shelby,TN,Passenger,0,1,1,112,113,0.88
April 30 2023,Parker,TX,Passenger,0,1,1,14,15,6.67
April 30 2019,Valencia,NM,Passenger,1,0,1,10,11,9.09
April 30 2020,Los Angeles,CA,Passenger,6,12,18,1030,1048,1.72
January 31 2022,Kittitas,WA,Truck,0,0,0,14769,14769,0.00
November 30 2022,Las Animas,CO,Passenger,1,0,1,1,2,50.00
August 31 2019,San Joaquin,CA,Passenger,1,0,1,133,134,0.75
June 30 2023,Sonoma,CA,Passenger,1,1,2,59,61,3.28
February 29 2020,Asotin,WA,Truck,0,0,0,6696,6696,0.00
February 28 2023,Hillsborough,FL,Passenger,1,2,3,108,111,2.70
October 31 2019,Anne Arundel,MD,Passenger,1,1,2,440,442,0.45
February 28 2023,Onslow,NC,Passenger,0,1,1,152,153,0.65
November 30 2023,Escambia,FL,Passenger,0,1,1,102,103,0.97
August 31 2020,Hawaii,HI,Passenger,1,0,1,57,58,1.72
May 31 2023,Sedgwick,KS,Passenger,1,0,1,57,58,1.72
March 31 2020,Washoe,NV,Passenger,1,0,1,117,118,0.85
March 31 2020,Oklahoma,OK,Passenger,0,1,1,132,133,0.75
September 30 2019,Albemarle,VA,Passenger,1,0,1,24,25,4.00
August 31 2023,Oldham,KY,Passenger,0,1,1,3,4,25.00
February 28 2018,Walla Walla,WA,Passenger,31,35,66,35384,35450,0.19
February 28 2017,San Diego,CA,Passenger,4,1,5,2821,2826,0.18
May 31 2022,Okanogan,WA,Truck,0,0,0,16659,16659,0.00
February 28 2022,Miami-Dade,FL,Passenger,1,0,1,87,88,1.14
May 31 2019,Manatee,FL,Passenger,1,0,1,33,34,2.94
October 31 2022,Spartanburg,SC,Passenger,0,1,1,29,30,3.33
September 30 2020,Dallas,IA,Passenger,0,1,1,10,11,9.09
June 30 2017,Snohomish,WA,Truck,1,0,1,121883,121884,0.00
October 31 2020,Orange,CA,Passenger,5,3,8,487,495,1.62
September 30 2022,Columbia,WA,Passenger,8,0,8,2436,2444,0.33
May 31 2019,Chelan,WA,Passenger,153,67,220,54335,54555,0.40
July 31 2018,Ferry,WA,Passenger,3,3,6,4423,4429,0.14
May 31 2020,Island,WA,Truck,1,0,1,21121,21122,0.00
July 31 2022,Cook,IL,Passenger,2,0,2,192,194,1.03
January 31 2017,Moore,NC,Passenger,0,1,1,209,210,0.48
March 31 2018,Williamson,TX,Passenger,0,1,1,162,163,0.61
November 30 2023,Washtenaw,MI,Passenger,0,1,1,15,16,6.25
July 31 2022,Plaquemines,LA,Passenger,1,1,2,17,19,10.53
May 31 2019,Bergen,NJ,Passenger,1,0,1,27,28,3.57
January 31 2019,Fresno,CA,Passenger,1,0,1,194,195,0.51
August 31 2017,Duval,FL,Passenger,1,1,2,377,379,0.53
November 30 2020,Richmond,GA,Passenger,0,1,1,80,81,1.23
August 31 2020,Skagit,WA,Passenger,432,222,654,91247,91901,0.71
July 31 2021,Arapahoe,CO,Passenger,1,0,1,115,116,0.86
June 30 2019,Pacific,WA,Passenger,25,29,54,15971,16025,0.34
October 31 2023,Harrison,MS,Passenger,1,0,1,26,27,3.70
May 31 2022,Manassas,VA,Passenger,0,1,1,8,9,11.11
March 31 2022,Sedgwick,KS,Passenger,1,1,2,86,88,2.27
May 31 2020,Suffolk,MA,Passenger,0,2,2,37,39,5.13
January 31 2019,Albemarle,VA,Passenger,1,0,1,24,25,4.00
July 31 2017,Hamilton,TN,Passenger,1,0,1,18,19,5.26
March 31 2020,Broward,FL,Passenger,3,1,4,121,125,3.20
May 31 2017,Benton,WA,Truck,0,0,0,39976,39976,0.00
November 30 2017,Virginia Beach,VA,Passenger,2,1,3,662,665,0.45
October 31 2018,Lane,OR,Passenger,0,1,1,178,179,0.56
January 31 2017,Middlesex,MA,Passenger,1,0,1,163,164,0.61
March 31 2022,Lake,FL,Passenger,1,0,1,21,22,4.55
March 31 2023,Lake,IN,Passenger,0,1,1,9,10,10.00
October 31 2020,Sumter,FL,Passenger,0,1,1,10,11,9.09
November 30 2017,Cowlitz,WA,Passenger,54,65,119,70590,70709,0.17
July 31 2021,Ferry,WA,Passenger,9,3,12,4379,4391,0.27
August 31 2019,Prince William,VA,Passenger,1,3,4,252,256,1.56
January 31 2020,Solano,CA,Passenger,1,0,1,212,213,0.47
August 31 2023,Okanogan,WA,Truck,7,0,7,16292,16299,0.04
March 31 2023,Douglas,WA,Passenger,181,58,239,28650,28889,0.83
January 31 2018,Skamania,WA,Truck,0,0,0,3901,3901,0.00
March 31 2022,Harnett,NC,Passenger,2,0,2,152,154,1.30
October 31 2020,Vigo,IN,Passenger,1,0,1,6,7,14.29
March 31 2017,Travis,TX,Passenger,1,1,2,194,196,1.02
June 30 2022,Coryell,TX,Passenger,1,0,1,99,100,1.00
January 31 2021,Carroll,MD,Passenger,0,1,1,21,22,4.55
November 30 2021,Boone,MO,Passenger,0,1,1,9,10,10.00
November 30 2023,Kitsap,WA,Truck,96,0,96,50353,50449,0.19
November 30 2021,San Juan,WA,Truck,0,0,0,5994,5994,0.00
February 28 2019,Mason,WA,Passenger,109,117,226,46665,46891,0.48
December 31 2018,Kittitas,WA,Truck,0,0,0,14197,14197,0.00
September 30 2021,El Paso,CO,Passenger,3,1,4,673,677,0.59
May 31 2017,Allegheny,PA,Passenger,1,0,1,94,95,1.05
January 31 2022,Virginia Beach,VA,Passenger,3,0,3,575,578,0.52
August 31 2018,Washoe,NV,Passenger,1,0,1,117,118,0.85
September 30 2017,Flathead,MT,Passenger,1,0,1,58,59,1.69
November 30 2021,,,Passenger,3,2,5,307,312,1.60
June 30 2019,St. Mary's,MD,Passenger,1,0,1,214,215,0.47
February 28 2019,Cochise,AZ,Passenger,0,1,1,116,117,0.85
July 31 2017,Virginia Beach,VA,Passenger,2,1,3,652,655,0.46
August 31 2019,St. Mary's,MD,Passenger,1,0,1,219,220,0.45
November 30 2022,Clallam,WA,Passenger,470,261,731,49415,50146,1.46
December 31 2017,Whatcom,WA,Truck,1,0,1,42016,42017,0.00
October 31 2023,Washington,MD,Passenger,1,0,1,12,13,7.69
May 31 2022,Richmond,NY,Passenger,1,0,1,4,5,20.00
November 30 2022,Williamson,TX,Passenger,0,2,2,68,70,2.86
April 30 2018,Richmond,GA,Passenger,0,1,1,92,93,1.08
November 30 2023,Stafford,VA,Passenger,3,0,3,70,73,4.11
October 31 2018,Carroll,NH,Passenger,0,1,1,1,2,50.00
April 30 2023,Placer,CA,Passenger,1,0,1,59,60,1.67
September 30 2023,Placer,CA,Passenger,1,0,1,56,57,1.75
March 31 2020,Lake,FL,Passenger,1,0,1,22,23,4.35
July 31 2023,Pend Oreille,WA,Truck,0,0,0,5598,5598,0.00
October 31 2021,Escambia,FL,Passenger,0,1,1,143,144,0.69
October 31 2017,Okanogan,WA,Passenger,5,17,22,25707,25729,0.09
July 31 2023,James City,VA,Passenger,1,0,1,38,39,2.56
May 31 2017,San Diego,CA,Passenger,5,1,6,2748,2754,0.22
May 31 2022,Jefferson,NY,Passenger,1,1,2,208,210,0.95
April 30 2018,Morris,NJ,Passenger,1,0,1,18,19,5.26
January 31 2021,Morris,NJ,Passenger,1,0,1,16,17,5.88
November 30 2017,Skagit,WA,Passenger,159,131,290,89314,89604,0.32
January 31 2019,Lewis,WA,Truck,0,0,0,25659,25659,0.00
July 31 2021,Placer,CA,Passenger,2,0,2,79,81,2.47
January 31 2017,Shoshone,ID,Passenger,0,1,1,99,100,1.00
March 31 2022,Walla Walla,WA,Passenger,157,90,247,36113,36360,0.68
April 30 2017,Muscogee,GA,Passenger,0,1,1,247,248,0.40
July 31 2021,Anchorage,AK,Passenger,1,0,1,140,141,0.71
March 31 2019,Twin Falls,ID,Passenger,0,1,1,22,23,4.35
March 31 2017,Guilford,NC,Passenger,1,0,1,31,32,3.12
February 28 2022,Flathead,MT,Passenger,1,0,1,48,49,2.04
November 30 2017,Dakota,MN,Passenger,0,2,2,39,41,4.88
June 30 2020,Carson City,NV,Passenger,1,0,1,10,11,9.09
June 30 2022,Galveston,TX,Passenger,0,1,1,20,21,4.76
February 28 2023,Spokane,WA,Truck,25,0,25,101872,101897,0.02
August 31 2023,Douglas,WA,Passenger,219,68,287,28635,28922,0.99
February 29 2020,Cowlitz,WA,Truck,0,0,0,28992,28992,0.00
May 31 2017,Santa Rosa,FL,Passenger,1,0,1,112,113,0.88
October 31 2021,Spartanburg,SC,Passenger,0,1,1,50,51,1.96
March 31 2017,Deschutes,OR,Passenger,1,0,1,204,205,0.49
August 31 2023,Sacramento,CA,Passenger,4,0,4,137,141,2.84
January 31 2022,Williamson,TX,Passenger,1,2,3,93,96,3.12
June 30 2022,Burlington,NJ,Passenger,0,2,2,105,107,1.87
December 31 2019,Mercer,NJ,Passenger,0,1,1,19,20,5.00
February 28 2018,St. Lucie,FL,Passenger,1,0,1,26,27,3.70
August 31 2022,Grays Harbor,WA,Passenger,218,163,381,48817,49198,0.77
April 30 2018,Benton,WA,Truck,0,0,0,40855,40855,0.00
February 29 2020,Skagit,WA,Passenger,379,215,594,92462,93056,0.64
June 30 2020,Columbia,WA,Passenger,4,3,7,2416,2423,0.29
January 31 2019,Bexar,TX,Passenger,3,4,7,712,719,0.97
April 30 2023,Bexar,TX,Passenger,3,3,6,376,382,1.57
December 31 2018,Riverside,CA,Passenger,2,2,4,675,679,0.59
April 30 2020,Harrison,MS,Passenger,1,0,1,58,59,1.69
December 31 2018,Houston,GA,Passenger,1,0,1,50,51,1.96
June 30 2020,Fort Bend,TX,Passenger,1,0,1,46,47,2.13
February 28 2019,Santa Fe,NM,Passenger,0,1,1,43,44,2.27
October 31 2022,Fairfax,VA,Truck,1,0,1,107,108,0.93
October 31 2020,Wilson,TX,Passenger,0,1,1,6,7,14.29
February 28 2023,Franklin,WA,Passenger,275,128,403,61851,62254,0.65
March 31 2023,Franklin,WA,Passenger,285,131,416,61896,62312,0.67
July 31 2017,San Juan,WA,Passenger,112,39,151,13563,13714,1.10
October 31 2018,Mecklenburg,NC,Passenger,1,0,1,82,83,1.20
March 31 2019,Pacific,WA,Truck,0,0,0,7651,7651,0.00
October 31 2019,Lewis,WA,Truck,0,0,0,26041,26041,0.00
February 28 2017,Yakima,WA,Truck,0,0,0,57221,57221,0.00
March 31 2019,Hardin,KY,Passenger,0,1,1,100,101,0.99
April 30 2022,Howard,MD,Passenger,0,2,2,61,63,3.17
September 30 2021,Monterey,CA,Passenger,0,2,2,146,148,1.35
February 28 2022,Hamilton,IN,Passenger,2,0,2,24,26,7.69
July 31 2022,Oldham,KY,Passenger,0,1,1,4,5,20.00
August 31 2023,Snohomish,WA,Truck,200,0,200,120419,120619,0.17
September 30 2021,Benton,WA,Passenger,580,414,994,136228,137222,0.72
October 31 2020,Fairbanks North Star,AK,Passenger,0,1,1,93,94,1.06
December 31 2020,Utah,UT,Passenger,0,1,1,132,133,0.75
December 31 2018,Volusia,FL,Passenger,0,1,1,40,41,2.44
January 31 2017,Dallas,TX,Passenger,1,0,1,232,233,0.43
May 31 2021,Ulster,NY,Passenger,1,0,1,12,13,7.69
February 28 2017,Sumter,FL,Passenger,0,1,1,10,11,9.09
December 31 2022,Orange,NC,Passenger,0,1,1,4,5,20.00
June 30 2020,Clallam,WA,Truck,1,0,1,21754,21755,0.00
December 31 2022,Contra Costa,CA,Passenger,0,3,3,212,215,1.40
February 28 2019,Goochland,VA,Passenger,1,1,2,245,247,0.81
August 31 2022,Los Angeles,CA,Passenger,6,7,13,764,777,1.67
February 28 2019,Hennepin,MN,Passenger,2,0,2,103,105,1.90
October 31 2018,Portsmouth,VA,Passenger,0,1,1,77,78,1.28
October 31 2020,Jones,GA,Passenger,1,0,1,1,2,50.00
December 31 2019,DuPage,IL,Passenger,3,0,3,65,68,4.41
November 30 2022,Broward,FL,Passenger,1,0,1,74,75,1.33
April 30 2019,Guadalupe,TX,Passenger,1,0,1,79,80,1.25
October 31 2022,Marin,CA,Passenger,0,1,1,31,32,3.12
November 30 2017,Hamilton,TN,Passenger,1,0,1,21,22,4.55
December 31 2022,Franklin,WA,Passenger,252,120,372,61724,62096,0.60
February 28 2023,Kern,CA,Passenger,1,1,2,192,194,1.03
March 31 2019,Grays Harbor,WA,Truck,0,0,0,20376,20376,0.00
March 31 2023,Contra Costa,CA,Passenger,0,3,3,201,204,1.47
January 31 2023,Klickitat,WA,Passenger,127,53,180,15162,15342,1.17
September 30 2023,Garfield,WA,Truck,0,0,0,961,961,0.00
July 31 2018,Portsmouth,VA,Passenger,0,1,1,72,73,1.37
June 30 2020,Saginaw,MI,Passenger,1,0,1,12,13,7.69
June 30 2017,Sedgwick,KS,Passenger,0,1,1,112,113,0.88
September 30 2019,Sangamon,IL,Passenger,1,0,1,6,7,14.29
August 31 2021,Contra Costa,CA,Passenger,2,4,6,258,264,2.27
December 31 2022,Kern,CA,Passenger,1,1,2,196,198,1.01
September 30 2022,Bell,TX,Passenger,1,0,1,315,316,0.32
August 31 2020,Pend Oreille,WA,Passenger,8,5,13,9227,9240,0.14
November 30 2020,Portsmouth,VA,Passenger,0,1,1,80,81,1.23
May 31 2022,St. Clair,IL,Passenger,2,0,2,117,119,1.68
June 30 2020,Hillsborough,FL,Passenger,0,1,1,180,181,0.55
October 31 2018,Dakota,MN,Passenger,0,2,2,34,36,5.56
May 31 2023,Palm Beach,FL,Passenger,1,0,1,45,46,2.17
November 30 2019,Stafford,VA,Passenger,1,1,2,95,97,2.06
April 30 2018,DeKalb,GA,Passenger,1,0,1,86,87,1.15
May 31 2022,Hennepin,MN,Passenger,2,0,2,56,58,3.45
September 30 2022,Meade,KY,Passenger,1,0,1,19,20,5.00
November 30 2023,Allen,IN,Passenger,1,0,1,8,9,11.11
February 28 2023,Orange,NC,Passenger,0,1,1,4,5,20.00
January 31 2017,Garfield,WA,Passenger,0,0,0,1285,1285,0.00
January 31 2019,Ada,ID,Passenger,0,2,2,319,321,0.62
August 31 2017,Grays Harbor,WA,Truck,0,0,0,19934,19934,0.00
February 28 2022,Solano,CA,Passenger,1,0,1,175,176,0.57
April 30 2022,Gwinnett,GA,Passenger,1,0,1,53,54,1.85
September 30 2017,DeKalb,IN,Passenger,1,0,1,1,2,50.00
July 31 2017,Ferry,WA,Passenger,1,1,2,4402,4404,0.05
August 31 2020,Yakima,WA,Truck,0,0,0,60418,60418,0.00
March 31 2020,Portsmouth,VA,Passenger,0,1,1,78,79,1.27
July 31 2021,Houston,GA,Passenger,1,0,1,44,45,2.22
November 30 2023,Houston,GA,Passenger,1,0,1,24,25,4.00
January 31 2018,Clay,FL,Passenger,0,1,1,104,105,0.95
July 31 2020,Spartanburg,SC,Passenger,0,1,1,49,50,2.00
February 28 2022,Shelby,OH,Passenger,0,1,1,2,3,33.33
March 31 2021,Randolph,NC,Passenger,1,0,1,8,9,11.11
March 31 2023,Orange,NC,Passenger,0,1,1,4,5,20.00
December 31 2018,Pierce,WA,Passenger,1509,1373,2882,538813,541695,0.53
October 31 2023,Okanogan,WA,Passenger,144,74,218,25591,25809,0.84
December 31 2018,Walla Walla,WA,Truck,0,0,0,13524,13524,0.00
March 31 2022,Moore,NC,Passenger,0,1,1,125,126,0.79
March 31 2019,Broward,FL,Passenger,2,1,3,128,131,2.29
January 31 2023,Loudoun,VA,Passenger,3,1,4,58,62,6.45
June 30 2023,Pulaski,AR,Passenger,3,0,3,18,21,14.29
September 30 2022,Mason,WA,Passenger,339,178,517,46925,47442,1.09
February 28 2018,Kittitas,WA,Passenger,36,27,63,28690,28753,0.22
September 30 2017,Dakota,MN,Passenger,0,2,2,38,40,5.00
April 30 2019,Houston,GA,Passenger,1,0,1,53,54,1.85
June 30 2020,Carroll,NH,Passenger,0,1,1,4,5,20.00
June 30 2023,Kitsap,WA,Truck,77,0,77,52289,52366,0.15
June 30 2022,Whitman,WA,Passenger,87,60,147,21989,22136,0.66
October 31 2020,Multnomah,OR,Passenger,3,6,9,716,725,1.24
April 30 2017,Maricopa,AZ,Passenger,2,1,3,1823,1826,0.16
November 30 2021,Stevens,WA,Truck,0,0,0,18914,18914,0.00
September 30 2019,Harris,TX,Passenger,1,1,2,257,259,0.77
April 30 2022,Hennepin,MN,Passenger,3,0,3,60,63,4.76
October 31 2023,Mercer,NJ,Passenger,0,1,1,7,8,12.50
March 31 2023,Sonoma,CA,Passenger,1,1,2,65,67,2.99
April 30 2017,Wahkiakum,WA,Passenger,0,2,2,2848,2850,0.07
November 30 2023,Clark,NV,Passenger,4,2,6,322,328,1.83
April 30 2021,Montgomery,PA,Passenger,1,0,1,24,25,4.00
May 31 2018,Pierce,WA,Truck,0,0,0,137531,137531,0.00
June 30 2018,Wahkiakum,WA,Truck,0,0,0,1675,1675,0.00
November 30 2020,Pend Oreille,WA,Passenger,9,4,13,9143,9156,0.14
August 31 2020,Adams,WA,Passenger,9,7,16,12864,12880,0.12
November 30 2018,Benton,WA,Truck,0,0,0,41440,41440,0.00
August 31 2022,Douglas,CO,Passenger,0,1,1,72,73,1.37
April 30 2022,Elmore,ID,Passenger,1,0,1,15,16,6.25
April 30 2018,Hamilton,TN,Passenger,1,0,1,23,24,4.17
November 30 2019,Arapahoe,CO,Passenger,1,0,1,148,149,0.67
July 31 2023,Napa,CA,Passenger,0,1,1,10,11,9.09
August 31 2022,Dorchester,SC,Passenger,1,0,1,53,54,1.85
November 30 2021,Williamsburg,VA,Passenger,0,1,1,6,7,14.29
May 31 2019,King,WA,Truck,5,1,6,181920,181926,0.00
March 31 2020,Ferry,WA,Truck,0,0,0,3565,3565,0.00
November 30 2021,Spokane,WA,Truck,0,0,0,102663,102663,0.00
June 30 2020,Lincoln,WA,Truck,0,0,0,4621,4621,0.00
April 30 2020,Washoe,NV,Passenger,1,0,1,114,115,0.87
October 31 2020,DuPage,IL,Passenger,3,1,4,57,61,6.56
May 31 2019,Wayne,MI,Passenger,0,1,1,70,71,1.41
May 31 2023,Currituck,NC,Passenger,1,0,1,17,18,5.56
November 30 2020,Mercer,NJ,Passenger,0,1,1,14,15,6.67
February 28 2023,Allegheny,PA,Passenger,1,0,1,54,55,1.82
December 31 2019,Putnam,TN,Passenger,0,1,1,3,4,25.00
February 28 2021,Pend Oreille,WA,Truck,0,0,0,5720,5720,0.00
March 31 2017,Latah,ID,Passenger,0,1,1,123,124,0.81
May 31 2019,Penobscot,ME,Passenger,0,1,1,14,15,6.67
March 31 2022,Penobscot,ME,Passenger,0,1,1,7,8,12.50
October 31 2020,DeKalb,GA,Passenger,1,0,1,79,80,1.25
July 31 2021,Adams,WA,Passenger,16,12,28,13034,13062,0.21
March 31 2021,Adams,WA,Truck,0,0,0,5375,5375,0.00
June 30 2021,Dallas,TX,Passenger,1,0,1,165,166,0.60
August 31 2018,Palm Beach,FL,Passenger,0,1,1,85,86,1.16
April 30 2019,Broward,FL,Passenger,2,1,3,131,134,2.24
February 28 2023,Yavapai,AZ,Passenger,0,1,1,22,23,4.35
November 30 2022,Harrison,MS,Passenger,1,0,1,36,37,2.70
November 30 2023,Lee,AL,Passenger,1,0,1,12,13,7.69
October 31 2022,Okaloosa,FL,Passenger,0,1,1,99,100,1.00
July 31 2023,Adams,WA,Passenger,24,12,36,13022,13058,0.28
November 30 2020,Miami-Dade,FL,Passenger,1,0,1,102,103,0.97
February 28 2017,Pima,AZ,Passenger,0,2,2,451,453,0.44
March 31 2018,Richland,SC,Passenger,0,1,1,173,174,0.57
January 31 2017,Maui,HI,Passenger,1,0,1,83,84,1.19
October 31 2023,Marin,CA,Passenger,0,1,1,26,27,3.70
September 30 2021,Platte,MO,Passenger,1,0,1,18,19,5.26
September 30 2020,Carson City,NV,Passenger,1,0,1,10,11,9.09
August 31 2022,Okaloosa,FL,Passenger,0,1,1,100,101,0.99
September 30 2020,Eagle,CO,Passenger,1,0,1,9,10,10.00
September 30 2020,Jones,GA,Passenger,1,0,1,1,2,50.00
February 28 2023,Kings,CA,Passenger,2,1,3,289,292,1.03
April 30 2023,Arapahoe,CO,Passenger,1,1,2,78,80,2.50
January 31 2023,Pend Oreille,WA,Passenger,23,14,37,8937,8974,0.41
June 30 2017,Pacific,WA,Passenger,10,7,17,15141,15158,0.11
April 30 2019,Kittitas,WA,Truck,0,0,0,14297,14297,0.00
February 28 2018,Pima,AZ,Passenger,1,1,2,426,428,0.47
October 31 2018,Ferry,WA,Passenger,3,2,5,4407,4412,0.11
November 30 2017,Grant,WA,Truck,0,0,0,25518,25518,0.00
August 31 2017,Honolulu,HI,Passenger,3,2,5,569,574,0.87
December 31 2018,Dallas,TX,Passenger,0,1,1,209,210,0.48
March 31 2023,Walla Walla,WA,Truck,5,0,5,13795,13800,0.04
November 30 2019,Queens,NY,Passenger,1,0,1,54,55,1.82
February 28 2023,Thurston,WA,Passenger,2771,1154,3925,191439,195364,2.01
August 31 2017,Cowlitz,WA,Passenger,50,62,112,70009,70121,0.16
March 31 2019,Williamson,TX,Passenger,0,1,1,151,152,0.66
February 28 2021,Broward,FL,Passenger,2,0,2,113,115,1.74
September 30 2018,Whitman,WA,Truck,0,0,0,8520,8520,0.00
November 30 2021,Whitman,WA,Truck,0,0,0,8560,8560,0.00
July 31 2023,St. Mary's,MD,Passenger,1,0,1,168,169,0.59
April 30 2022,Lake,FL,Passenger,1,0,1,20,21,4.76
November 30 2020,Morris,NJ,Passenger,1,0,1,17,18,5.56
March 31 2022,Galveston,TX,Passenger,0,1,1,21,22,4.55
November 30 2019,Pierce,WA,Truck,0,0,0,140685,140685,0.00
March 31 2021,Lincoln,WA,Truck,0,0,0,4732,4732,0.00
December 31 2021,Sarasota,FL,Passenger,2,0,2,34,36,5.56
September 30 2023,Anne Arundel,MD,Passenger,6,3,9,276,285,3.16
June 30 2021,Suffolk,VA,Passenger,1,0,1,124,125,0.80
December 31 2019,Palm Beach,FL,Passenger,0,1,1,82,83,1.20
November 30 2018,Norfolk,MA,Passenger,1,0,1,36,37,2.70
July 31 2021,Garfield,WA,Truck,0,0,0,1003,1003,0.00
October 31 2019,Sumter,FL,Passenger,0,1,1,9,10,10.00
July 31 2018,Travis,TX,Passenger,1,1,2,196,198,1.01
September 30 2023,Goochland,VA,Passenger,1,2,3,26,29,10.34
December 31 2020,Hillsborough,FL,Passenger,0,1,1,165,166,0.60
July 31 2019,Fulton,GA,Passenger,0,2,2,101,103,1.94
August 31 2022,Hamilton,IN,Passenger,1,0,1,19,20,5.00
June 30 2019,Santa Cruz,CA,Passenger,1,0,1,43,44,2.27
September 30 2020,Kauai,HI,Passenger,1,0,1,16,17,5.88
October 31 2018,Grays Harbor,WA,Passenger,60,66,126,47268,47394,0.27
November 30 2020,Ferry,WA,Passenger,8,3,11,4347,4358,0.25
February 28 2022,Kings,NY,Passenger,1,0,1,69,70,1.43
December 31 2021,Chesapeake,VA,Passenger,2,2,4,383,387,1.03
August 31 2019,Flathead,MT,Passenger,1,0,1,71,72,1.39
October 31 2021,Erie,NY,Passenger,1,0,1,33,34,2.94
June 30 2021,Howard,IN,Passenger,0,1,1,5,6,16.67
May 31 2018,Kittitas,WA,Passenger,44,32,76,28907,28983,0.26
September 30 2019,Franklin,WA,Truck,0,0,0,19533,19533,0.00
February 29 2020,Virginia Beach,VA,Passenger,1,0,1,694,695,0.14
February 28 2019,Bexar,TX,Passenger,3,4,7,699,706,0.99
September 30 2018,Dale,AL,Passenger,0,1,1,56,57,1.75
October 31 2020,Skamania,WA,Passenger,32,20,52,8327,8379,0.62
February 28 2022,Honolulu,HI,Passenger,4,4,8,366,374,2.14
July 31 2023,Sheridan,WY,Passenger,1,0,1,5,6,16.67
July 31 2023,Solano,CA,Passenger,5,0,5,133,138,3.62
March 31 2020,Calvert,MD,Passenger,0,2,2,88,90,2.22
September 30 2021,Clark,WA,Truck,0,0,0,84134,84134,0.00
April 30 2021,Columbia,WA,Passenger,5,4,9,2477,2486,0.36
April 30 2020,Arapahoe,CO,Passenger,1,0,1,140,141,0.71
August 31 2018,Fresno,CA,Passenger,1,0,1,202,203,0.49
May 31 2017,Muscogee,GA,Passenger,0,1,1,244,245,0.41
January 31 2023,Garfield,WA,Truck,0,0,0,974,974,0.00
February 28 2023,Bartow,GA,Passenger,0,1,1,3,4,25.00
April 30 2022,Williams,ND,Passenger,0,1,1,7,8,12.50
April 30 2021,Rogers,OK,Passenger,1,0,1,4,5,20.00
July 31 2019,Boone,MO,Passenger,0,1,1,10,11,9.09
May 31 2020,Queens,NY,Passenger,1,0,1,52,53,1.89
April 30 2023,Harnett,NC,Passenger,4,0,4,135,139,2.88
July 31 2019,Clark,WA,Truck,0,0,0,80607,80607,0.00
December 31 2020,Deschutes,OR,Passenger,2,0,2,125,127,1.57
February 28 2023,Pacific,WA,Passenger,72,82,154,15676,15830,0.97
December 31 2022,Yakima,WA,Truck,6,0,6,61194,61200,0.01
March 31 2020,Charles,MD,Passenger,0,1,1,78,79,1.27
May 31 2020,Nassau,NY,Passenger,4,0,4,37,41,9.76
September 30 2020,Monterey,CA,Passenger,0,1,1,158,159,0.63
November 30 2019,Richland,SC,Passenger,0,1,1,159,160,0.62
August 31 2020,Lake,IL,Passenger,1,0,1,168,169,0.59
November 30 2023,Howard,MD,Passenger,0,2,2,45,47,4.26
June 30 2017,Kitsap,WA,Truck,1,0,1,52520,52521,0.00
February 28 2018,Gwinnett,GA,Passenger,0,1,1,82,83,1.20
August 31 2021,King,WA,Passenger,32281,9550,41831,1365460,1407291,2.97
March 31 2022,Kings,CA,Passenger,2,1,3,318,321,0.93
May 31 2023,Thurston,WA,Truck,57,0,57,54034,54091,0.11
January 31 2018,Kittitas,WA,Truck,0,0,0,13875,13875,0.00
November 30 2019,Fairfax,VA,Passenger,5,2,7,762,769,0.91
August 31 2018,Cook,IL,Passenger,1,0,1,256,257,0.39
April 30 2021,Deschutes,OR,Passenger,2,0,2,123,125,1.60
July 31 2022,Island,WA,Truck,6,0,6,21308,21314,0.03
April 30 2021,Harford,MD,Passenger,0,1,1,58,59,1.69
July 31 2021,Greene,MO,Passenger,0,1,1,34,35,2.86
June 30 2023,Dorchester,SC,Passenger,1,0,1,37,38,2.63
September 30 2022,Washington,OR,Passenger,1,0,1,299,300,0.33
July 31 2017,Sangamon,IL,Passenger,1,0,1,11,12,8.33
April 30 2019,Moore,NC,Passenger,0,1,1,182,183,0.55
February 28 2021,El Paso,CO,Passenger,2,1,3,701,704,0.43
March 31 2017,Madison,ID,Passenger,1,0,1,43,44,2.27
October 31 2017,Kitsap,WA,Truck,1,0,1,52591,52592,0.00
May 31 2019,Lincoln,WA,Truck,0,0,0,4694,4694,0.00
February 28 2017,Pend Oreille,WA,Passenger,1,4,5,9299,9304,0.05
May 31 2019,Clark,NV,Passenger,4,2,6,698,704,0.85
April 30 2017,Prince William,VA,Passenger,0,3,3,277,280,1.07
November 30 2019,Garfield,WA,Passenger,0,1,1,1303,1304,0.08
February 28 2019,Cascade,MT,Passenger,0,1,1,57,58,1.72
August 31 2019,Ramsey,MN,Passenger,1,0,1,40,41,2.44
October 31 2022,Clinton,PA,Passenger,1,0,1,1,2,50.00
April 30 2021,Powhatan,VA,Passenger,1,0,1,1,2,50.00
November 30 2022,Carroll,NH,Passenger,0,1,1,5,6,16.67
October 31 2018,Pend Oreille,WA,Passenger,6,5,11,9587,9598,0.11
February 28 2019,Los Angeles,CA,Passenger,5,5,10,1105,1115,0.90
June 30 2021,San Juan,WA,Truck,0,0,0,5938,5938,0.00
February 28 2018,Collier,FL,Passenger,1,0,1,21,22,4.55
August 31 2020,Deschutes,OR,Passenger,2,0,2,134,136,1.47
October 31 2022,Richland,SC,Passenger,0,1,1,118,119,0.84
March 31 2021,Montgomery,PA,Passenger,1,0,1,24,25,4.00
January 31 2018,Whatcom,WA,Truck,1,0,1,42070,42071,0.00
September 30 2019,Solano,CA,Passenger,1,0,1,209,210,0.48
November 30 2021,Dallas,TX,Passenger,1,0,1,151,152,0.66
July 31 2021,Juneau,AK,Passenger,0,1,1,25,26,3.85
November 30 2023,Ferry,WA,Passenger,22,4,26,4128,4154,0.63
May 31 2018,Mason,WA,Truck,0,0,0,19873,19873,0.00
December 31 2018,Hawaii,HI,Passenger,1,0,1,64,65,1.54
January 31 2023,Orange,FL,Passenger,1,0,1,67,68,1.47
November 30 2018,Nueces,TX,Passenger,1,1,2,93,95,2.11
February 29 2020,Grant,WA,Truck,0,0,0,27062,27062,0.00
May 31 2020,Flathead,MT,Passenger,1,0,1,69,70,1.43
September 30 2023,Rockdale,GA,Passenger,1,0,1,5,6,16.67
September 30 2019,Mercer,NJ,Passenger,0,1,1,19,20,5.00
January 31 2022,Cowlitz,WA,Passenger,273,164,437,71297,71734,0.61
July 31 2019,Cook,IL,Passenger,1,0,1,248,249,0.40
October 31 2023,Arapahoe,CO,Passenger,1,1,2,61,63,3.17
May 31 2019,Kalamazoo,MI,Passenger,1,0,1,13,14,7.14
August 31 2019,Skagit,WA,Passenger,310,209,519,92299,92818,0.56
July 31 2020,Garfield,WA,Passenger,0,1,1,1349,1350,0.07
February 28 2017,Norfolk,VA,Passenger,1,1,2,305,307,0.65
November 30 2023,Sheridan,WY,Passenger,1,0,1,4,5,20.00
January 31 2023,Essex,MA,Passenger,1,0,1,16,17,5.88
February 28 2018,Jefferson,WA,Passenger,127,80,207,24310,24517,0.84
October 31 2017,Anne Arundel,MD,Passenger,0,1,1,486,487,0.21
May 31 2020,Harnett,NC,Passenger,1,0,1,207,208,0.48
August 31 2017,Kent,MI,Passenger,0,1,1,38,39,2.56
September 30 2023,Carroll,MD,Passenger,0,1,1,18,19,5.26
August 31 2021,Clallam,WA,Passenger,350,220,570,50501,51071,1.12
December 31 2020,Skamania,WA,Passenger,33,22,55,8349,8404,0.65
January 31 2018,Benton,WA,Truck,0,0,0,40711,40711,0.00
January 31 2017,Orleans,LA,Passenger,0,1,1,52,53,1.89
April 30 2021,Collin,TX,Passenger,2,1,3,119,122,2.46
January 31 2019,Pierce,WA,Truck,0,0,0,139110,139110,0.00
June 30 2018,Monterey,CA,Passenger,0,1,1,184,185,0.54
December 31 2017,Spokane,WA,Truck,1,0,1,91571,91572,0.00
November 30 2020,Chelan,WA,Passenger,271,84,355,54369,54724,0.65
January 31 2018,San Juan,WA,Passenger,137,46,183,13926,14109,1.30
January 31 2018,New London,CT,Passenger,1,1,2,252,254,0.79
February 28 2021,St. Louis,MO,Passenger,1,0,1,95,96,1.04
June 30 2018,Marion,IN,Passenger,1,0,1,119,120,0.83
July 31 2022,Montgomery,AL,Passenger,0,1,1,37,38,2.63
July 31 2023,Jackson,OK,Passenger,0,1,1,29,30,3.33
April 30 2020,Dakota,MN,Passenger,0,1,1,32,33,3.03
June 30 2020,Maui,HI,Passenger,2,0,2,33,35,5.71
August 31 2023,Polk,OR,Passenger,1,1,2,13,15,13.33
June 30 2021,Yakima,WA,Truck,0,0,0,61715,61715,0.00
September 30 2020,Fairbanks North Star,AK,Passenger,0,1,1,93,94,1.06
April 30 2023,Island,WA,Truck,28,0,28,21049,21077,0.13
November 30 2019,Pend Oreille,WA,Passenger,7,7,14,9515,9529,0.15
December 31 2021,Lewis,WA,Truck,0,0,0,26671,26671,0.00
January 31 2019,Juneau,AK,Passenger,0,1,1,38,39,2.56
June 30 2020,Hudson,NJ,Passenger,1,0,1,40,41,2.44
January 31 2017,Pacific,WA,Truck,0,0,0,7508,7508,0.00
December 31 2018,San Juan,WA,Truck,0,0,0,5815,5815,0.00
April 30 2019,Ada,ID,Passenger,0,2,2,318,320,0.62
September 30 2022,Adams,CO,Passenger,1,0,1,37,38,2.63
May 31 2023,Collin,TX,Passenger,2,0,2,43,45,4.44
June 30 2020,Charleston,SC,Passenger,1,0,1,107,108,0.93
May 31 2022,Wahkiakum,WA,Passenger,22,10,32,3083,3115,1.03
September 30 2021,Island,WA,Truck,0,0,0,21551,21551,0.00
October 31 2017,San Juan,WA,Passenger,127,40,167,13759,13926,1.20
July 31 2023,Lincoln,OR,Passenger,0,1,1,12,13,7.69
March 31 2022,Carroll,MD,Passenger,0,1,1,17,18,5.56
May 31 2020,Spokane,WA,Passenger,720,479,1199,314957,316156,0.38
November 30 2020,Clallam,WA,Truck,1,0,1,21777,21778,0.00
September 30 2022,Asotin,WA,Truck,0,0,0,6696,6696,0.00
June 30 2020,Placer,CA,Passenger,2,0,2,96,98,2.04
February 28 2018,Ferry,WA,Passenger,1,3,4,4395,4399,0.09
April 30 2023,Kauai,HI,Passenger,1,1,2,15,17,11.76
February 28 2023,Loudoun,VA,Passenger,3,0,3,57,60,5.00
April 30 2020,Carson City,NV,Passenger,1,0,1,11,12,8.33
February 28 2021,Houston,GA,Passenger,1,0,1,48,49,2.04
December 31 2020,Gwinnett,GA,Passenger,1,0,1,69,70,1.43
May 31 2019,Randolph,NC,Passenger,1,0,1,6,7,14.29
July 31 2020,San Joaquin,CA,Passenger,1,0,1,129,130,0.77
May 31 2019,San Juan,WA,Truck,0,0,0,5847,5847,0.00
March 31 2021,Grays Harbor,WA,Truck,0,0,0,21267,21267,0.00
August 31 2023,Mason,WA,Truck,13,0,13,20484,20497,0.06
August 31 2017,New Haven,CT,Passenger,0,1,1,56,57,1.75
February 28 2022,Orange,NC,Passenger,0,1,1,10,11,9.09
November 30 2021,DuPage,IL,Passenger,1,1,2,53,55,3.64
January 31 2019,Dakota,MN,Passenger,0,2,2,34,36,5.56
June 30 2022,Juneau,AK,Passenger,0,1,1,28,29,3.45
October 31 2020,Pacific,WA,Truck,0,0,0,7751,7751,0.00
May 31 2023,Adams,WA,Passenger,25,12,37,13060,13097,0.28
October 31 2019,Lincoln,WA,Truck,0,0,0,4690,4690,0.00
October 31 2021,Saratoga,NY,Passenger,1,0,1,43,44,2.27
May 31 2018,Garfield,WA,Passenger,1,1,2,1326,1328,0.15
June 30 2021,Burlington,NJ,Passenger,0,1,1,129,130,0.77
July 31 2019,Houston,GA,Passenger,1,0,1,54,55,1.82
September 30 2021,Plaquemines,LA,Passenger,0,1,1,18,19,5.26
May 31 2020,Wilson,TX,Passenger,0,1,1,7,8,12.50
June 30 2019,Bergen,NJ,Passenger,1,0,1,27,28,3.57
September 30 2021,Boone,MO,Passenger,0,1,1,9,10,10.00
October 31 2017,Whatcom,WA,Passenger,510,202,712,144297,145009,0.49
June 30 2022,Jefferson,WA,Truck,2,0,2,9459,9461,0.02
January 31 2022,Island,WA,Truck,1,0,1,21455,21456,0.00
December 31 2021,Onslow,NC,Passenger,0,1,1,174,175,0.57
January 31 2020,Deschutes,OR,Passenger,4,0,4,149,153,2.61
July 31 2019,Pierce,WA,Passenger,1877,1569,3446,544249,547695,0.63
January 31 2018,Jefferson,WA,Passenger,124,80,204,24349,24553,0.83
November 30 2017,Grays Harbor,WA,Truck,0,0,0,20018,20018,0.00
April 30 2018,Nassau,NY,Passenger,1,0,1,39,40,2.50
November 30 2020,Harnett,NC,Passenger,1,0,1,197,198,0.51
March 31 2023,Salt Lake,UT,Passenger,0,1,1,107,108,0.93
November 30 2020,Lane,OR,Passenger,0,1,1,146,147,0.68
April 30 2021,Allen,IN,Passenger,1,0,1,17,18,5.56
August 31 2020,Boulder,CO,Passenger,1,1,2,45,47,4.26
March 31 2022,Boulder,CO,Passenger,2,0,2,44,46,4.35
January 31 2018,DeKalb,IN,Passenger,1,0,1,1,2,50.00
October 31 2022,Asotin,WA,Passenger,26,19,45,12527,12572,0.36
September 30 2022,Thurston,WA,Truck,21,0,21,55012,55033,0.04
May 31 2020,Penobscot,ME,Passenger,0,1,1,16,17,5.88
August 31 2018,Chelan,WA,Truck,0,0,0,21984,21984,0.00
April 30 2018,Marion,IN,Passenger,1,0,1,118,119,0.84
November 30 2021,Richland,SC,Passenger,0,2,2,135,137,1.46
July 31 2021,Richmond,NY,Passenger,1,0,1,7,8,12.50
December 31 2020,Howard,MD,Passenger,0,1,1,68,69,1.45
September 30 2022,Loudoun,VA,Passenger,2,1,3,62,65,4.62
September 30 2023,Wichita,TX,Passenger,2,0,2,30,32,6.25
May 31 2022,Gwinnett,GA,Passenger,1,0,1,52,53,1.89
June 30 2020,Lee,FL,Passenger,1,0,1,51,52,1.92
September 30 2023,Maui,HI,Passenger,1,0,1,19,20,5.00
May 31 2020,Maricopa,AZ,Passenger,5,8,13,1481,1494,0.87
May 31 2023,Asotin,WA,Truck,0,0,0,6625,6625,0.00
April 30 2023,Douglas,WA,Passenger,190,60,250,28639,28889,0.87
June 30 2021,Klamath,OR,Passenger,1,0,1,32,33,3.03
April 30 2017,Stevens,WA,Truck,0,0,0,18284,18284,0.00
June 30 2018,Morris,NJ,Passenger,1,0,1,18,19,5.26
June 30 2021,Collier,FL,Passenger,1,0,1,20,21,4.76
May 31 2020,Dakota,MN,Passenger,0,1,1,32,33,3.03
April 30 2022,Sevier,AR,Passenger,0,1,1,0,1,100.00
June 30 2019,Kitsap,WA,Passenger,1048,605,1653,180790,182443,0.91
March 31 2022,St. Louis,MO,Passenger,2,0,2,72,74,2.70
November 30 2018,Washoe,NV,Passenger,1,0,1,113,114,0.88
December 31 2017,Lewis,WA,Truck,0,0,0,25313,25313,0.00
March 31 2017,Ferry,WA,Truck,0,0,0,3556,3556,0.00
November 30 2019,Riverside,CA,Passenger,4,1,5,635,640,0.78
April 30 2019,Contra Costa,CA,Passenger,2,2,4,384,388,1.03
February 28 2022,Kern,CA,Passenger,0,1,1,199,200,0.50
September 30 2022,Lincoln,WA,Truck,0,0,0,4849,4849,0.00
January 31 2023,Lane,OR,Passenger,0,2,2,87,89,2.25
June 30 2020,Salt Lake,UT,Passenger,0,1,1,198,199,0.50
November 30 2017,Tulare,CA,Passenger,1,0,1,189,190,0.53
August 31 2022,Houston,GA,Passenger,1,0,1,30,31,3.23
February 28 2023,DuPage,IL,Passenger,0,1,1,35,36,2.78
March 31 2023,DuPage,IL,Passenger,0,1,1,35,36,2.78
January 31 2023,Santa Barbara,CA,Passenger,1,0,1,71,72,1.39
July 31 2020,Salt Lake,UT,Passenger,0,1,1,186,187,0.53
October 31 2018,San Juan,PR,Passenger,0,1,1,4,5,20.00
June 30 2021,Maui,HI,Passenger,2,0,2,28,30,6.67
September 30 2022,Grays Harbor,WA,Truck,2,0,2,21166,21168,0.01
October 31 2023,Stevens,WA,Truck,2,0,2,18341,18343,0.01
April 30 2019,Nassau,NY,Passenger,3,0,3,43,46,6.52
January 31 2023,Virginia Beach,VA,Truck,1,0,1,106,107,0.93
November 30 2020,Franklin,WA,Passenger,78,80,158,61154,61312,0.26
April 30 2023,Lincoln,WA,Truck,0,0,0,4843,4843,0.00
May 31 2019,Howard,MD,Passenger,0,1,1,78,79,1.27
November 30 2020,Collin,TX,Passenger,2,1,3,120,123,2.44
January 31 2021,Erie,NY,Passenger,1,0,1,45,46,2.17
February 28 2022,Meade,KY,Passenger,1,0,1,21,22,4.55
June 30 2021,Island,WA,Truck,0,0,0,21601,21601,0.00
May 31 2023,Yakima,WA,Truck,12,0,12,61112,61124,0.02
September 30 2020,Arapahoe,CO,Passenger,1,0,1,132,133,0.75
February 28 2017,Walla Walla,WA,Truck,0,0,0,13162,13162,0.00
January 31 2019,Benton,WA,Truck,0,0,0,41616,41616,0.00
March 31 2019,Whitman,WA,Passenger,27,41,68,22710,22778,0.30
October 31 2018,Middlesex,MA,Passenger,0,1,1,139,140,0.71
May 31 2022,Montgomery,TX,Passenger,1,0,1,38,39,2.56
August 31 2022,Williams,ND,Passenger,0,1,1,5,6,16.67
October 31 2020,Gwinnett,GA,Passenger,1,0,1,70,71,1.41
December 31 2019,Sarasota,FL,Passenger,2,0,2,27,29,6.90
January 31 2019,Wahkiakum,WA,Truck,0,0,0,1711,1711,0.00
February 28 2018,Lewis,WA,Passenger,52,45,97,56858,56955,0.17
October 31 2021,Pierce,WA,Truck,0,0,0,145174,145174,0.00
December 31 2020,Jefferson,NY,Passenger,0,1,1,208,209,0.48
May 31 2020,Jefferson,CO,Passenger,0,1,1,60,61,1.64
December 31 2017,Madison,ID,Passenger,1,0,1,39,40,2.50
August 31 2017,Prince George's,MD,Passenger,0,1,1,187,188,0.53
May 31 2018,Ferry,WA,Truck,0,0,0,3504,3504,0.00
July 31 2020,Lewis,WA,Truck,0,0,0,26285,26285,0.00
April 30 2018,San Juan,WA,Truck,0,0,0,5695,5695,0.00
September 30 2018,Lincoln,WA,Passenger,2,6,8,7748,7756,0.10
December 31 2020,Klamath,OR,Passenger,1,0,1,33,34,2.94
August 31 2019,Skamania,WA,Truck,0,0,0,4074,4074,0.00
March 31 2021,Duval,FL,Passenger,0,2,2,360,362,0.55
December 31 2022,Monterey,CA,Passenger,1,2,3,124,127,2.36
January 31 2019,Shelby,TN,Passenger,0,1,1,99,100,1.00
November 30 2019,Manassas,VA,Passenger,0,1,1,7,8,12.50
January 31 2022,Albemarle,VA,Passenger,2,0,2,20,22,9.09
July 31 2017,Kittitas,WA,Passenger,24,19,43,27678,27721,0.16
March 31 2021,Hillsborough,FL,Passenger,0,1,1,155,156,0.64
April 30 2020,San Juan,WA,Passenger,295,88,383,14152,14535,2.64
July 31 2019,Adams,WA,Passenger,5,6,11,12833,12844,0.09
March 31 2020,Benton,WA,Passenger,343,319,662,135148,135810,0.49
January 31 2018,Richland,SC,Passenger,0,1,1,174,175,0.57
July 31 2023,Suffolk,VA,Passenger,1,0,1,93,94,1.06
August 31 2023,Deschutes,OR,Passenger,1,0,1,50,51,1.96
May 31 2023,Adams,CO,Passenger,1,0,1,24,25,4.00
July 31 2019,Franklin,MA,Passenger,0,1,1,1,2,50.00
February 29 2020,Kittitas,WA,Passenger,94,49,143,30015,30158,0.47
August 31 2020,El Paso,TX,Passenger,3,0,3,421,424,0.71
July 31 2023,Multnomah,OR,Passenger,1,2,3,404,407,0.74
December 31 2017,Snohomish,WA,Truck,1,0,1,121405,121406,0.00
January 31 2017,Okanogan,WA,Truck,0,0,0,16375,16375,0.00
November 30 2023,Harford,MD,Passenger,1,1,2,41,43,4.65
August 31 2019,San Francisco,CA,Passenger,2,1,3,109,112,2.68
November 30 2018,Caddo,LA,Passenger,0,1,1,24,25,4.00
January 31 2019,Valencia,NM,Passenger,1,0,1,11,12,8.33
June 30 2022,Okanogan,WA,Passenger,83,50,133,26380,26513,0.50
October 31 2019,Harris,TX,Passenger,1,1,2,255,257,0.78
September 30 2020,Hudson,NJ,Passenger,1,0,1,41,42,2.38
March 31 2022,Williams,ND,Passenger,0,1,1,7,8,12.50
June 30 2018,Washtenaw,MI,Passenger,1,0,1,38,39,2.56
January 31 2020,Guadalupe,TX,Passenger,1,0,1,70,71,1.41
July 31 2022,Galveston,TX,Passenger,0,1,1,19,20,5.00
November 30 2021,Lee,FL,Passenger,1,0,1,35,36,2.78
February 29 2020,Eagle,CO,Passenger,1,0,1,10,11,9.09
December 31 2021,RÃ­o Grande,PR,Passenger,1,0,1,0,1,100.00
July 31 2023,,,Passenger,3,0,3,242,245,1.22
September 30 2023,Clark,NV,Passenger,4,2,6,347,353,1.70
March 31 2018,Douglas,WA,Truck,0,0,0,11856,11856,0.00
February 28 2023,San Diego,CA,Passenger,20,9,29,2194,2223,1.30
June 30 2018,Pinal,AZ,Passenger,2,0,2,206,208,0.96
July 31 2023,Dorchester,SC,Passenger,1,0,1,36,37,2.70
August 31 2021,Douglas,CO,Passenger,0,1,1,80,81,1.23
May 31 2023,Okanogan,WA,Passenger,125,62,187,26176,26363,0.71
June 30 2022,Collier,FL,Passenger,1,0,1,14,15,6.67
October 31 2017,San Mateo,CA,Passenger,0,1,1,151,152,0.66
February 28 2022,Anchorage,AK,Passenger,2,0,2,135,137,1.46
May 31 2022,Lincoln,OR,Passenger,0,1,1,26,27,3.70
December 31 2021,Arlington,VA,Passenger,1,0,1,134,135,0.74
August 31 2021,Marion,IA,Passenger,1,0,1,1,2,50.00
December 31 2018,Honolulu,HI,Passenger,1,3,4,523,527,0.76
July 31 2023,Whitman,WA,Passenger,159,80,239,21962,22201,1.08
April 30 2019,Deschutes,OR,Passenger,3,0,3,158,161,1.86
December 31 2019,Santa Clara,CA,Passenger,7,2,9,363,372,2.42
May 31 2017,Kittitas,WA,Truck,0,0,0,13532,13532,0.00
September 30 2019,Bucks,PA,Passenger,1,0,1,25,26,3.85
March 31 2018,Howard,MD,Passenger,0,1,1,88,89,1.12
May 31 2023,Vernon,LA,Passenger,1,0,1,73,74,1.35
April 30 2019,Stevens,WA,Passenger,19,27,46,31627,31673,0.15
January 31 2018,Douglas,WA,Passenger,43,33,76,27224,27300,0.28
February 28 2021,Whitman,WA,Passenger,53,46,99,21842,21941,0.45
August 31 2021,Cumberland,NC,Passenger,0,4,4,428,432,0.93
October 31 2020,Benton,WA,Truck,0,0,0,43065,43065,0.00
June 30 2020,Adams,WA,Passenger,9,7,16,12782,12798,0.13
March 31 2020,Prince William,VA,Passenger,2,3,5,230,235,2.13
May 31 2019,Maricopa,AZ,Passenger,6,3,9,1585,1594,0.56
March 31 2021,Clark,WA,Passenger,2578,1276,3854,319945,323799,1.19
March 31 2019,Whitman,WA,Truck,0,0,0,8505,8505,0.00
November 30 2022,Collier,FL,Passenger,1,0,1,14,15,6.67
September 30 2017,Manassas,VA,Passenger,0,1,1,9,10,10.00
April 30 2021,Putnam,TN,Passenger,0,1,1,1,2,50.00
July 31 2018,,,Passenger,3,2,5,429,434,1.15
February 28 2023,Clallam,WA,Truck,12,0,12,21844,21856,0.05
February 28 2019,Clark,WA,Truck,0,0,0,79972,79972,0.00
May 31 2022,Salt Lake,UT,Passenger,1,1,2,140,142,1.41
May 31 2023,Plaquemines,LA,Passenger,1,1,2,15,17,11.76
October 31 2022,Louisa,VA,Passenger,0,1,1,1,2,50.00
May 31 2018,DeKalb,IN,Passenger,1,0,1,1,2,50.00
September 30 2019,Pierce,WA,Truck,0,0,0,140453,140453,0.00
May 31 2021,DeKalb,GA,Passenger,1,0,1,63,64,1.56
April 30 2018,Multnomah,OR,Passenger,4,4,8,818,826,0.97
September 30 2020,Tulsa,OK,Passenger,1,1,2,42,44,4.55
June 30 2018,San Mateo,CA,Passenger,1,1,2,134,136,1.47
December 31 2018,Saratoga,NY,Passenger,1,0,1,60,61,1.64
November 30 2019,Washoe,NV,Passenger,1,0,1,116,117,0.85
September 30 2019,Oldham,KY,Passenger,0,1,1,5,6,16.67
August 31 2018,Clallam,WA,Truck,0,0,0,21475,21475,0.00
February 28 2017,Shoshone,ID,Passenger,0,1,1,82,83,1.20
February 28 2021,Washington,OR,Passenger,1,0,1,407,408,0.25
December 31 2021,Burlington,NJ,Passenger,0,1,1,116,117,0.85
February 28 2022,Prince George's,MD,Passenger,2,1,3,142,145,2.07
May 31 2018,Montgomery,TX,Passenger,1,0,1,67,68,1.47
December 31 2022,Sonoma,CA,Passenger,1,1,2,73,75,2.67
October 31 2021,Danville,VA,Passenger,1,0,1,0,1,100.00
March 31 2022,Skamania,WA,Passenger,65,45,110,8264,8374,1.31
September 30 2017,Skamania,WA,Truck,0,0,0,3878,3878,0.00
November 30 2019,Prince George's,MD,Passenger,1,1,2,177,179,1.12
November 30 2022,Pacific,WA,Truck,1,0,1,7846,7847,0.01
March 31 2021,Kittitas,WA,Truck,0,0,0,14755,14755,0.00
May 31 2023,Lincoln,WA,Truck,0,0,0,4861,4861,0.00
July 31 2023,Douglas,CO,Passenger,0,1,1,56,57,1.75
November 30 2023,Ventura,CA,Passenger,3,2,5,185,190,2.63
January 31 2020,San Francisco,CA,Passenger,2,1,3,104,107,2.80
September 30 2018,Mercer,NJ,Passenger,0,1,1,20,21,4.76
August 31 2019,Berkshire,MA,Passenger,0,1,1,4,5,20.00
June 30 2020,Kootenai,ID,Passenger,1,0,1,219,220,0.45
August 31 2018,Asotin,WA,Truck,0,0,0,6647,6647,0.00
November 30 2021,Manassas,VA,Passenger,0,1,1,8,9,11.11
September 30 2021,Deschutes,OR,Passenger,1,0,1,113,114,0.88
January 31 2022,Greene,MO,Passenger,0,1,1,29,30,3.33
October 31 2022,Hardin,KY,Passenger,1,0,1,61,62,1.61
July 31 2019,Kent,MI,Passenger,0,1,1,23,24,4.17
August 31 2020,Queens,NY,Passenger,1,0,1,52,53,1.89
September 30 2018,Allegheny,PA,Passenger,1,0,1,84,85,1.18
December 31 2017,Allegheny,PA,Passenger,1,0,1,85,86,1.16
November 30 2020,Montgomery,OH,Passenger,0,1,1,53,54,1.85
November 30 2020,Nueces,TX,Passenger,1,0,1,85,86,1.16
September 30 2019,Charles,MD,Passenger,0,1,1,89,90,1.11
October 31 2021,Okaloosa,FL,Passenger,0,1,1,120,121,0.83
August 31 2022,Mercer,NJ,Passenger,0,1,1,12,13,7.69
April 30 2022,Wilson,TX,Passenger,0,1,1,3,4,25.00
June 30 2017,Montgomery,TN,Passenger,1,0,1,287,288,0.35
February 28 2019,Clark,NV,Passenger,4,2,6,717,723,0.83
February 28 2023,Benton,WA,Passenger,988,520,1508,135812,137320,1.10
December 31 2022,Kitsap,WA,Truck,34,0,34,52913,52947,0.06
August 31 2018,Wahkiakum,WA,Truck,0,0,0,1691,1691,0.00
February 28 2019,Walla Walla,WA,Passenger,43,54,97,36064,36161,0.27
September 30 2022,Snohomish,WA,Truck,59,0,59,123017,123076,0.05
May 31 2020,Skamania,WA,Passenger,30,16,46,8521,8567,0.54
December 31 2021,Norfolk,VA,Passenger,3,3,6,316,322,1.86
November 30 2017,Mason,WA,Truck,0,0,0,19540,19540,0.00
December 31 2020,Okanogan,WA,Passenger,55,36,91,26066,26157,0.35
October 31 2023,Hillsborough,FL,Passenger,1,2,3,78,81,3.70
June 30 2018,San Francisco,CA,Passenger,1,1,2,132,134,1.49
February 28 2017,Eagle,CO,Passenger,1,0,1,8,9,11.11
May 31 2023,Orange,NC,Passenger,0,1,1,3,4,25.00
May 31 2021,Thurston,WA,Passenger,1543,852,2395,197951,200346,1.20
February 28 2019,Whitman,WA,Truck,0,0,0,8493,8493,0.00
November 30 2020,,,Passenger,4,1,5,356,361,1.39
January 31 2023,DuPage,IL,Passenger,0,1,1,36,37,2.70
March 31 2017,Middlesex,MA,Passenger,1,0,1,154,155,0.65
January 31 2017,Mercer,NJ,Passenger,0,1,1,22,23,4.35
November 30 2020,Kauai,HI,Passenger,1,0,1,17,18,5.56
April 30 2023,Boulder,CO,Passenger,2,0,2,35,37,5.41
January 31 2019,Santa Cruz,CA,Passenger,1,0,1,44,45,2.22
May 31 2023,Skagit,WA,Passenger,1079,403,1482,88968,90450,1.64
September 30 2020,Kootenai,ID,Passenger,1,0,1,221,222,0.45
March 31 2018,Multnomah,OR,Passenger,3,4,7,819,826,0.85
February 28 2023,Saratoga,NY,Passenger,1,1,2,38,40,5.00
August 31 2020,Denver,CO,Passenger,1,0,1,114,115,0.87
January 31 2023,Richland,SC,Passenger,0,1,1,110,111,0.90
July 31 2019,Carroll,NH,Passenger,0,1,1,3,4,25.00
March 31 2023,Richmond,GA,Passenger,0,1,1,62,63,1.59
March 31 2023,Camden,NJ,Passenger,0,1,1,13,14,7.14
June 30 2022,Randolph,NC,Passenger,1,0,1,6,7,14.29
January 31 2022,Whitman,WA,Passenger,69,58,127,21951,22078,0.58
April 30 2021,Lincoln,WA,Truck,0,0,0,4750,4750,0.00
March 31 2017,Alameda,CA,Passenger,3,1,4,387,391,1.02
June 30 2020,Pima,AZ,Passenger,3,1,4,358,362,1.10
April 30 2022,Miami-Dade,FL,Passenger,1,0,1,83,84,1.19
February 28 2019,Collin,TX,Passenger,1,1,2,145,147,1.36
February 28 2017,Riverside,CA,Passenger,1,1,2,839,841,0.24
October 31 2023,Shasta,CA,Passenger,1,0,1,19,20,5.00
February 28 2021,Fort Bend,TX,Passenger,1,0,1,41,42,2.38
April 30 2022,San Juan,WA,Passenger,494,155,649,14118,14767,4.39
September 30 2021,Kern,CA,Passenger,0,1,1,199,200,0.50
April 30 2023,Douglas,NE,Passenger,1,1,2,30,32,6.25
May 31 2023,Sacramento,CA,Passenger,4,0,4,156,160,2.50
November 30 2021,Okanogan,WA,Truck,0,0,0,16685,16685,0.00
August 31 2022,Burlington,NJ,Passenger,0,2,2,99,101,1.98
August 31 2023,Orange,CA,Passenger,8,3,11,283,294,3.74
November 30 2019,Saginaw,MI,Passenger,1,0,1,12,13,7.69
July 31 2023,District of Columbia,DC,Passenger,4,0,4,139,143,2.80
December 31 2021,Wood,OH,Passenger,0,1,1,7,8,12.50
May 31 2018,Collier,FL,Passenger,1,0,1,22,23,4.35
February 28 2017,Lewis,WA,Passenger,45,31,76,54971,55047,0.14
November 30 2018,Thurston,WA,Passenger,707,567,1274,195405,196679,0.65
September 30 2020,Hillsborough,FL,Passenger,0,1,1,173,174,0.57
February 28 2023,Asotin,WA,Truck,0,0,0,6664,6664,0.00
September 30 2018,Franklin,WA,Passenger,37,65,102,58509,58611,0.17
March 31 2021,Broward,FL,Passenger,1,0,1,115,116,0.86
June 30 2017,Jackson,MO,Passenger,1,0,1,61,62,1.61
February 28 2019,Middlesex,MA,Passenger,1,1,2,121,123,1.63
March 31 2022,Stevens,WA,Truck,0,0,0,18990,18990,0.00
July 31 2022,Denton,TX,Passenger,1,0,1,63,64,1.56
November 30 2022,Gwinnett,GA,Passenger,1,0,1,50,51,1.96
June 30 2018,Monroe,IL,Passenger,1,0,1,4,5,20.00
June 30 2020,Clay,FL,Passenger,0,1,1,81,82,1.22
July 31 2018,Jefferson,NY,Passenger,0,1,1,230,231,0.43
April 30 2023,Spokane,WA,Truck,33,0,33,101718,101751,0.03
September 30 2019,Garfield,WA,Truck,0,0,0,969,969,0.00
August 31 2017,El Paso,CO,Passenger,2,0,2,780,782,0.26
September 30 2018,Tarrant,TX,Passenger,1,0,1,214,215,0.47
July 31 2022,Snohomish,WA,Passenger,8658,2563,11221,531267,542488,2.07
March 31 2023,Asotin,WA,Truck,0,0,0,6645,6645,0.00
March 31 2019,Spokane,WA,Truck,1,0,1,94004,94005,0.00
January 31 2023,Okanogan,WA,Passenger,107,53,160,26140,26300,0.61
December 31 2022,Chelan,WA,Truck,13,0,13,23088,23101,0.06
October 31 2020,Sedgwick,KS,Passenger,1,1,2,95,97,2.06
March 31 2022,Harrison,MS,Passenger,2,0,2,48,50,4.00
February 28 2022,Greene,MO,Passenger,0,1,1,29,30,3.33
December 31 2019,Middlesex,MA,Passenger,1,1,2,108,110,1.82
February 28 2022,Ferry,WA,Truck,0,0,0,3566,3566,0.00
November 30 2018,Harnett,NC,Passenger,1,0,1,241,242,0.41
May 31 2020,Cowlitz,WA,Passenger,136,115,251,72351,72602,0.35
January 31 2019,Twin Falls,ID,Passenger,0,1,1,21,22,4.55
February 28 2021,Carson City,NV,Passenger,1,0,1,12,13,7.69
March 31 2017,Essex,NJ,Passenger,1,0,1,18,19,5.26
October 31 2017,Walla Walla,WA,Truck,0,0,0,13257,13257,0.00
July 31 2022,San Bernardino,CA,Passenger,1,1,2,317,319,0.63
May 31 2023,Berkeley,SC,Passenger,0,1,1,102,103,0.97
August 31 2020,Dakota,MN,Passenger,0,1,1,35,36,2.78
July 31 2022,Larimer,CO,Passenger,1,0,1,43,44,2.27
January 31 2023,Larimer,CO,Passenger,1,0,1,37,38,2.63
January 31 2023,Champaign,IL,Passenger,1,0,1,12,13,7.69
July 31 2021,Walla Walla,WA,Truck,0,0,0,14054,14054,0.00
July 31 2022,Columbia,WA,Passenger,7,0,7,2427,2434,0.29
June 30 2018,Kootenai,ID,Passenger,0,1,1,218,219,0.46
June 30 2023,Asotin,WA,Passenger,36,22,58,12408,12466,0.47
July 31 2017,Utah,UT,Passenger,0,1,1,157,158,0.63
April 30 2020,Lewis,WA,Passenger,99,106,205,58642,58847,0.35
April 30 2019,Columbia,WA,Truck,0,0,0,1531,1531,0.00
July 31 2021,Yamhill,OR,Passenger,1,0,1,39,40,2.50
January 31 2021,Kern,CA,Passenger,0,1,1,215,216,0.46
January 31 2017,Cascade,MT,Passenger,0,1,1,63,64,1.56
January 31 2018,Hamilton,IN,Passenger,1,0,1,53,54,1.85
January 31 2021,Bradley,TN,Passenger,1,0,1,0,1,100.00
May 31 2023,Rockingham,NH,Passenger,1,0,1,14,15,6.67
September 30 2020,Spokane,WA,Truck,1,0,1,99847,99848,0.00
May 31 2019,Whitman,WA,Passenger,31,45,76,22703,22779,0.33
January 31 2019,Riverside,CA,Passenger,2,2,4,667,671,0.60
February 28 2022,Columbia,WA,Truck,0,0,0,1570,1570,0.00
September 30 2018,Richland,SC,Passenger,0,1,1,168,169,0.59
July 31 2020,Denton,TX,Passenger,1,0,1,91,92,1.09
December 31 2017,Norfolk,MA,Passenger,1,0,1,39,40,2.50
May 31 2021,Louisa,VA,Passenger,0,1,1,1,2,50.00
April 30 2023,Salt Lake,UT,Passenger,0,1,1,103,104,0.96
November 30 2019,Fresno,CA,Passenger,1,0,1,200,201,0.50
January 31 2019,Prince William,VA,Passenger,0,4,4,256,260,1.54
April 30 2018,Arlington,VA,Passenger,1,2,3,176,179,1.68
April 30 2019,New Haven,CT,Passenger,0,2,2,49,51,3.92
October 31 2021,Charleston,SC,Passenger,2,1,3,86,89,3.37
October 31 2022,St. Clair,IL,Passenger,2,0,2,115,117,1.71
September 30 2019,Saginaw,MI,Passenger,1,0,1,12,13,7.69
August 31 2020,Camden,NJ,Passenger,0,1,1,22,23,4.35
February 28 2022,Carroll,NH,Passenger,0,1,1,5,6,16.67
January 31 2019,Thurston,WA,Truck,0,0,0,54921,54921,0.00
October 31 2020,Anne Arundel,MD,Passenger,1,1,2,408,410,0.49
August 31 2020,Grant,WA,Truck,0,0,0,27233,27233,0.00
October 31 2021,Greene,MO,Passenger,0,1,1,31,32,3.12
May 31 2018,Hamilton,TN,Passenger,1,0,1,23,24,4.17
January 31 2017,Union,OH,Passenger,1,0,1,4,5,20.00
September 30 2018,Prince William,VA,Passenger,0,4,4,259,263,1.52
February 29 2020,Hawaii,HI,Passenger,1,0,1,62,63,1.59
February 28 2017,Wahkiakum,WA,Passenger,0,1,1,2843,2844,0.04
June 30 2018,Prince William,VA,Passenger,0,4,4,263,267,1.50
March 31 2023,Mason,WA,Passenger,402,200,602,46472,47074,1.28
March 31 2021,Lewis,WA,Truck,0,0,0,26810,26810,0.00
August 31 2022,Clackamas,OR,Passenger,2,0,2,134,136,1.47
November 30 2023,Saratoga,NY,Passenger,1,1,2,30,32,6.25
September 30 2022,Houston,GA,Passenger,1,0,1,29,30,3.33
September 30 2020,Bucks,PA,Passenger,1,0,1,22,23,4.35
February 28 2021,Queens,NY,Passenger,2,0,2,53,55,3.64
January 31 2022,Queens,NY,Passenger,1,0,1,55,56,1.79
December 31 2020,Owyhee,ID,Passenger,1,0,1,3,4,25.00
June 30 2017,Columbia,WA,Truck,0,0,0,1531,1531,0.00
January 31 2023,Riverside,CA,Passenger,7,0,7,401,408,1.72
September 30 2018,Clackamas,OR,Passenger,0,1,1,215,216,0.46
October 31 2022,Hillsborough,FL,Passenger,1,2,3,116,119,2.52
December 31 2020,Polk,FL,Passenger,1,0,1,62,63,1.59
December 31 2022,Carroll,MD,Passenger,0,1,1,20,21,4.76
August 31 2022,New London,CT,Passenger,2,5,7,188,195,3.59
December 31 2021,Spartanburg,SC,Passenger,0,1,1,48,49,2.04
April 30 2017,Jefferson,WA,Truck,0,0,0,9442,9442,0.00
June 30 2022,Grays Harbor,WA,Passenger,210,160,370,49030,49400,0.75
June 30 2020,San Mateo,CA,Passenger,0,1,1,119,120,0.83
April 30 2023,Kitsap,WA,Passenger,3061,1230,4291,176236,180527,2.38
August 31 2022,Stevens,WA,Passenger,76,56,132,30016,30148,0.44
April 30 2021,Skagit,WA,Passenger,562,268,830,91952,92782,0.89
July 31 2018,Norfolk,VA,Passenger,2,2,4,334,338,1.18
March 31 2023,Chelan,WA,Truck,23,0,23,23159,23182,0.10
August 31 2018,Skamania,WA,Passenger,14,10,24,8669,8693,0.28
June 30 2021,Garfield,WA,Passenger,0,3,3,1373,1376,0.22
April 30 2023,Yakima,WA,Truck,11,0,11,61163,61174,0.02
August 31 2022,King,WA,Truck,204,2,206,179975,180181,0.11
May 31 2021,Burlington,NJ,Passenger,0,1,1,129,130,0.77
August 31 2023,Yellowstone,MT,Passenger,0,1,1,13,14,7.14
January 31 2023,Hudson,NJ,Passenger,1,0,1,30,31,3.23
April 30 2018,Pend Oreille,WA,Passenger,4,5,9,9477,9486,0.09
November 30 2020,El Paso,CO,Passenger,2,1,3,712,715,0.42
October 31 2021,Garfield,WA,Truck,0,0,0,998,998,0.00
February 28 2017,Okanogan,WA,Passenger,3,15,18,25670,25688,0.07
April 30 2017,Mason,WA,Passenger,49,64,113,42997,43110,0.26
February 28 2023,James City,VA,Passenger,1,0,1,40,41,2.44
November 30 2018,Klamath,OR,Passenger,1,0,1,37,38,2.63
March 31 2023,Sedgwick,KS,Passenger,1,1,2,61,63,3.17
January 31 2022,Nueces,TX,Passenger,1,1,2,62,64,3.12
August 31 2022,Rock Island,IL,Passenger,0,1,1,12,13,7.69
July 31 2019,Cowlitz,WA,Truck,0,0,0,28867,28867,0.00
September 30 2020,Stevens,WA,Truck,0,0,0,18701,18701,0.00
April 30 2020,Lincoln,WA,Truck,0,0,0,4624,4624,0.00
August 31 2021,Franklin,WA,Truck,0,0,0,20716,20716,0.00
July 31 2022,Burlington,NJ,Passenger,0,2,2,101,103,1.94
April 30 2019,Mecklenburg,NC,Passenger,1,0,1,85,86,1.16
December 31 2020,RÃ­o Grande,PR,Passenger,1,0,1,1,2,50.00
September 30 2020,Charles,MD,Passenger,1,1,2,78,80,2.50
August 31 2022,Nueces,TX,Passenger,1,1,2,52,54,3.70
March 31 2021,Washoe,NV,Passenger,1,0,1,103,104,0.96
May 31 2018,Tulsa,OK,Passenger,0,1,1,49,50,2.00
April 30 2023,Mercer,NJ,Passenger,0,1,1,11,12,8.33
December 31 2021,Owyhee,ID,Passenger,1,0,1,2,3,33.33
June 30 2017,Clark,WA,Truck,0,0,0,77645,77645,0.00
March 31 2017,Garfield,WA,Truck,0,0,0,939,939,0.00
June 30 2017,Benton,WA,Truck,0,0,0,40056,40056,0.00
May 31 2017,Pima,AZ,Passenger,0,2,2,454,456,0.44
April 30 2018,Walla Walla,WA,Passenger,34,40,74,35452,35526,0.21
December 31 2022,El Paso,CO,Passenger,3,2,5,547,552,0.91
October 31 2023,Elmore,ID,Passenger,1,0,1,9,10,10.00
September 30 2021,Eagle,CO,Passenger,1,0,1,10,11,9.09
June 30 2021,Douglas,WA,Truck,0,0,0,12681,12681,0.00
December 31 2017,Douglas,WA,Truck,0,0,0,11756,11756,0.00
February 28 2019,Pacific,WA,Truck,0,0,0,7631,7631,0.00
May 31 2019,Saratoga,NY,Passenger,1,0,1,53,54,1.85
February 28 2019,Lumpkin,GA,Passenger,1,0,1,6,7,14.29
December 31 2021,Pierce,WA,Passenger,4234,2122,6356,555408,561764,1.13
April 30 2017,Walla Walla,WA,Passenger,22,24,46,34829,34875,0.13
February 28 2019,Clallam,WA,Truck,0,0,0,21576,21576,0.00
November 30 2020,Santa Clara,CA,Passenger,6,2,8,286,294,2.72
July 31 2019,Portsmouth,VA,Passenger,0,1,1,78,79,1.27
June 30 2019,Lewis,WA,Passenger,99,92,191,59116,59307,0.32
December 31 2021,Goochland,VA,Passenger,3,2,5,187,192,2.60
February 28 2022,Harford,MD,Passenger,1,1,2,51,53,3.77
March 31 2022,Plaquemines,LA,Passenger,0,1,1,18,19,5.26
July 31 2023,Plaquemines,LA,Passenger,1,1,2,15,17,11.76
June 30 2023,Polk,OR,Passenger,1,1,2,16,18,11.11
September 30 2023,Galveston,TX,Passenger,0,1,1,14,15,6.67
May 31 2021,Juneau,AK,Passenger,0,1,1,24,25,4.00
February 28 2017,Hamilton,TN,Passenger,1,0,1,26,27,3.70
December 31 2021,Marion,IA,Passenger,1,0,1,0,1,100.00
April 30 2021,Honolulu,HI,Passenger,5,2,7,427,434,1.61
November 30 2019,Hillsborough,FL,Passenger,0,1,1,189,190,0.53
January 31 2022,Douglas,WA,Truck,0,0,0,12679,12679,0.00
July 31 2019,Caddo,LA,Passenger,0,1,1,22,23,4.35
June 30 2023,Bartow,GA,Passenger,0,1,1,2,3,33.33
September 30 2022,Ferry,WA,Passenger,22,4,26,4398,4424,0.59
June 30 2019,Riverside,CA,Passenger,2,2,4,650,654,0.61
October 31 2023,San Joaquin,CA,Passenger,0,1,1,61,62,1.61
October 31 2019,Frederick,MD,Passenger,1,1,2,87,89,2.25
March 31 2022,Hamilton,OH,Passenger,1,0,1,36,37,2.70
October 31 2023,Kitsap,WA,Passenger,3675,1419,5094,173008,178102,2.86
January 31 2018,Okanogan,WA,Passenger,7,19,26,25699,25725,0.10
June 30 2018,Douglas,WA,Passenger,43,31,74,27651,27725,0.27
April 30 2019,Cowlitz,WA,Passenger,89,101,190,72741,72931,0.26
October 31 2023,Yakima,WA,Truck,15,0,15,59661,59676,0.03
December 31 2017,Pinal,AZ,Passenger,2,0,2,217,219,0.91
May 31 2020,Fort Bend,TX,Passenger,1,0,1,46,47,2.13
October 31 2022,Pulaski,AR,Passenger,3,0,3,28,31,9.68
February 28 2023,Fulton,GA,Passenger,1,0,1,54,55,1.82
May 31 2023,Whitman,WA,Passenger,144,76,220,21991,22211,0.99
February 28 2019,Franklin,WA,Truck,0,0,0,19110,19110,0.00
January 31 2021,Clark,WA,Passenger,2459,1211,3670,319341,323011,1.14
February 28 2023,Howard,MD,Passenger,0,2,2,51,53,3.77
August 31 2018,Manatee,FL,Passenger,1,0,1,39,40,2.50
April 30 2022,Ray,MO,Passenger,0,1,1,1,2,50.00
March 31 2022,Rockdale,GA,Passenger,1,0,1,6,7,14.29
January 31 2021,Kitsap,WA,Passenger,1606,764,2370,179260,181630,1.30
March 31 2020,Alameda,CA,Passenger,3,1,4,288,292,1.37
May 31 2020,Douglas,WA,Truck,0,0,0,12275,12275,0.00
December 31 2018,Douglas,NE,Passenger,0,1,1,68,69,1.45
July 31 2017,Montgomery,PA,Passenger,1,0,1,38,39,2.56
July 31 2017,San Mateo,CA,Passenger,0,1,1,153,154,0.65
June 30 2018,Charles,MD,Passenger,0,1,1,83,84,1.19
January 31 2023,Collin,TX,Passenger,3,0,3,55,58,5.17
September 30 2022,Carroll,NH,Passenger,0,1,1,5,6,16.67
November 30 2023,Hoke,NC,Passenger,1,0,1,54,55,1.82
December 31 2022,Plaquemines,LA,Passenger,1,1,2,18,20,10.00
June 30 2017,Mercer,NJ,Passenger,0,1,1,20,21,4.76
February 28 2018,Lumpkin,GA,Passenger,1,0,1,7,8,12.50
January 31 2021,Sevier,AR,Passenger,0,1,1,0,1,100.00
May 31 2019,Douglas,WA,Passenger,56,36,92,28003,28095,0.33
August 31 2018,Deschutes,OR,Passenger,2,0,2,168,170,1.18
May 31 2021,Ferry,WA,Truck,0,0,0,3662,3662,0.00
October 31 2019,Charleston,SC,Passenger,1,0,1,116,117,0.85
February 28 2022,Virginia Beach,VA,Passenger,3,0,3,569,572,0.52
June 30 2019,San Juan,WA,Passenger,212,72,284,14405,14689,1.93
November 30 2018,Grays Harbor,WA,Truck,0,0,0,20338,20338,0.00
April 30 2019,Clallam,WA,Truck,0,0,0,21679,21679,0.00
August 31 2017,Montgomery,TX,Passenger,1,0,1,61,62,1.61
July 31 2021,Douglas,NE,Passenger,1,1,2,55,57,3.51
November 30 2018,Guadalupe,TX,Passenger,1,0,1,82,83,1.20
August 31 2022,Carroll,NH,Passenger,0,1,1,5,6,16.67
October 31 2020,Penobscot,ME,Passenger,0,1,1,13,14,7.14
July 31 2018,Madison,ID,Passenger,1,0,1,40,41,2.44
September 30 2022,Plaquemines,LA,Passenger,1,1,2,17,19,10.53
November 30 2022,Wilson,TX,Passenger,0,1,1,3,4,25.00
June 30 2023,Stevens,WA,Passenger,113,68,181,29677,29858,0.61
June 30 2019,Franklin,WA,Truck,0,0,0,19267,19267,0.00
August 31 2020,Goochland,VA,Passenger,3,2,5,256,261,1.92
February 28 2019,Marion,OR,Passenger,1,0,1,118,119,0.84
October 31 2021,Marion,IA,Passenger,1,0,1,1,2,50.00
June 30 2023,Hamilton,OH,Passenger,1,0,1,30,31,3.23
October 31 2019,Putnam,TN,Passenger,0,1,1,3,4,25.00
July 31 2021,Pend Oreille,WA,Passenger,15,7,22,9262,9284,0.24
August 31 2021,Skamania,WA,Truck,0,0,0,4034,4034,0.00
December 31 2017,Benton,WA,Truck,0,0,0,40576,40576,0.00
May 31 2017,New Haven,CT,Passenger,0,1,1,59,60,1.67
March 31 2017,Bexar,TX,Passenger,1,2,3,1093,1096,0.27
January 31 2021,Benton,WA,Passenger,452,358,810,135127,135937,0.60
August 31 2018,Richmond,GA,Passenger,0,1,1,94,95,1.05
May 31 2020,Stevens,WA,Truck,0,0,0,18595,18595,0.00
November 30 2023,Skagit,WA,Passenger,1286,466,1752,85845,87597,2.00
June 30 2017,Monterey,CA,Passenger,0,1,1,206,207,0.48
May 31 2020,Montgomery,AL,Passenger,0,1,1,38,39,2.56
January 31 2021,Shelby,OH,Passenger,0,1,1,1,2,50.00
September 30 2018,Yakima,WA,Truck,0,0,0,58687,58687,0.00
August 31 2017,Island,WA,Passenger,124,150,274,60570,60844,0.45
August 31 2019,Kitsap,WA,Truck,1,0,1,54159,54160,0.00
February 28 2022,Yamhill,OR,Passenger,1,0,1,37,38,2.63
January 31 2017,Ferry,WA,Passenger,2,1,3,4387,4390,0.07
July 31 2023,San Joaquin,CA,Passenger,0,1,1,68,69,1.45
June 30 2020,San Francisco,CA,Passenger,1,1,2,97,99,2.02
October 31 2020,Henrico,VA,Passenger,0,1,1,17,18,5.56
October 31 2021,Larimer,CO,Passenger,1,0,1,48,49,2.04
July 31 2020,Mercer,NJ,Passenger,0,1,1,15,16,6.25
February 28 2019,Thurston,WA,Truck,0,0,0,54904,54904,0.00
November 30 2018,Ferry,WA,Truck,0,0,0,3582,3582,0.00
March 31 2022,Whitman,WA,Passenger,79,54,133,22025,22158,0.60
November 30 2022,Harris,TX,Passenger,1,0,1,138,139,0.72
February 29 2020,Klickitat,WA,Truck,0,0,0,8300,8300,0.00
November 30 2019,Spokane,WA,Truck,1,0,1,96204,96205,0.00
November 30 2019,Klickitat,WA,Passenger,45,38,83,15669,15752,0.53
December 31 2021,Anne Arundel,MD,Passenger,4,1,5,363,368,1.36
April 30 2017,Marion,OR,Passenger,1,0,1,185,186,0.54
August 31 2021,Montgomery,TX,Passenger,1,1,2,46,48,4.17
March 31 2023,Houston,GA,Passenger,1,0,1,25,26,3.85
January 31 2021,Arlington,VA,Passenger,0,1,1,144,145,0.69
February 28 2023,Jackson,OK,Passenger,0,1,1,29,30,3.33
September 30 2019,Juneau,AK,Passenger,0,2,2,27,29,6.90
September 30 2023,Kootenai,ID,Truck,1,0,1,21,22,4.55
August 31 2020,Shelby,OH,Passenger,0,1,1,1,2,50.00
July 31 2023,Hawaii,HI,Passenger,1,0,1,28,29,3.45
November 30 2021,Yamhill,OR,Passenger,1,0,1,37,38,2.63
May 31 2018,Klickitat,WA,Passenger,26,30,56,15105,15161,0.37
August 31 2020,Anne Arundel,MD,Passenger,0,1,1,405,406,0.25
August 31 2020,Sedgwick,KS,Passenger,1,1,2,93,95,2.11
October 31 2023,Garfield,OK,Passenger,1,0,1,12,13,7.69
March 31 2017,Franklin,OH,Passenger,0,1,1,115,116,0.86
July 31 2017,Santa Fe,NM,Passenger,0,1,1,44,45,2.22
February 29 2020,Carson City,NV,Passenger,1,0,1,10,11,9.09
March 31 2020,Putnam,TN,Passenger,0,1,1,3,4,25.00
November 30 2022,Danville,VA,Passenger,1,0,1,0,1,100.00
January 31 2017,Douglas,OR,Passenger,0,1,1,90,91,1.10
February 28 2023,Chelan,WA,Truck,19,0,19,23147,23166,0.08
June 30 2020,Sedgwick,KS,Passenger,1,1,2,96,98,2.04
October 31 2020,Hennepin,MN,Passenger,2,0,2,84,86,2.33
November 30 2020,Klamath,OR,Passenger,1,0,1,34,35,2.86
April 30 2018,Dakota,MN,Passenger,0,2,2,39,41,4.88
August 31 2018,Gwinnett,GA,Passenger,0,1,1,86,87,1.15
December 31 2019,Wilson,TX,Passenger,0,1,1,9,10,10.00
September 30 2023,Mercer,NJ,Passenger,0,1,1,8,9,11.11
April 30 2020,Island,WA,Truck,1,0,1,21134,21135,0.00
September 30 2019,Whatcom,WA,Passenger,922,460,1382,151305,152687,0.91
June 30 2019,Kitsap,WA,Truck,1,0,1,54092,54093,0.00
August 31 2019,Klickitat,WA,Truck,0,0,0,8291,8291,0.00
March 31 2021,Honolulu,HI,Passenger,5,2,7,433,440,1.59
July 31 2019,New London,CT,Passenger,0,2,2,242,244,0.82
May 31 2022,Orange,CA,Passenger,5,3,8,386,394,2.03
February 28 2022,Cowlitz,WA,Truck,0,1,1,28897,28898,0.00
April 30 2019,San Juan,WA,Passenger,204,69,273,14328,14601,1.87
July 31 2019,King,WA,Truck,5,1,6,182249,182255,0.00
May 31 2018,Travis,TX,Passenger,1,1,2,195,197,1.02
September 30 2020,Williams,ND,Passenger,0,1,1,11,12,8.33
October 31 2022,Broward,FL,Passenger,1,0,1,75,76,1.32
October 31 2022,Henrico,VA,Passenger,0,1,1,8,9,11.11
April 30 2018,Stevens,WA,Truck,0,0,0,18509,18509,0.00
June 30 2022,Suffolk,VA,Passenger,1,0,1,122,123,0.81
March 31 2019,Alameda,CA,Passenger,3,2,5,322,327,1.53
October 31 2019,Santa Clara,CA,Passenger,6,2,8,375,383,2.09
February 28 2019,San Juan,WA,Truck,0,0,0,5796,5796,0.00
April 30 2022,Lewis,WA,Passenger,231,171,402,59501,59903,0.67
September 30 2017,Snohomish,WA,Passenger,1911,974,2885,514324,517209,0.56
October 31 2020,Denton,TX,Passenger,1,0,1,87,88,1.14
March 31 2020,RÃ­o Grande,PR,Passenger,1,0,1,1,2,50.00
November 30 2018,Dale,AL,Passenger,0,1,1,56,57,1.75
May 31 2022,Stafford,VA,Passenger,2,1,3,93,96,3.12
March 31 2021,Hamilton,IN,Passenger,2,0,2,38,40,5.00
February 28 2021,Pennington,SD,Passenger,1,0,1,35,36,2.78
April 30 2021,Los Angeles,CA,Passenger,9,11,20,936,956,2.09
September 30 2017,Latah,ID,Passenger,0,1,1,93,94,1.06
July 31 2019,Franklin,WA,Truck,0,0,0,19364,19364,0.00
November 30 2023,Montgomery,OH,Passenger,0,1,1,36,37,2.70
June 30 2021,Whitman,WA,Truck,0,0,0,8589,8589,0.00
June 30 2021,Pierce,WA,Passenger,3469,1996,5465,560189,565654,0.97
November 30 2023,Walla Walla,WA,Truck,9,0,9,13211,13220,0.07
April 30 2020,San Mateo,CA,Passenger,0,1,1,125,126,0.79
January 31 2019,Douglas,NE,Passenger,0,1,1,68,69,1.45
February 28 2018,Orange,FL,Passenger,2,1,3,169,172,1.74
March 31 2023,Burlington,NJ,Passenger,2,2,4,91,95,4.21
April 30 2022,Hawaii,HI,Passenger,1,0,1,40,41,2.44
July 31 2019,Berkshire,MA,Passenger,0,1,1,4,5,20.00
June 30 2023,Randolph,NC,Passenger,1,0,1,3,4,25.00
May 31 2017,,,Passenger,2,0,2,456,458,0.44
December 31 2020,Alameda,CA,Passenger,4,0,4,269,273,1.47
July 31 2020,Franklin,WA,Passenger,65,79,144,60766,60910,0.24
January 31 2022,Sumter,SC,Passenger,0,1,1,31,32,3.12
March 31 2022,Kauai,HI,Passenger,1,0,1,20,21,4.76
August 31 2023,Grant,WA,Passenger,306,135,441,66975,67416,0.65
March 31 2022,Kitsap,WA,Passenger,2271,1005,3276,179126,182402,1.80
May 31 2021,Grays Harbor,WA,Passenger,161,139,300,49356,49656,0.60
February 28 2021,Yakima,WA,Truck,0,0,0,61140,61140,0.00
January 31 2021,Stevens,WA,Passenger,37,40,77,30263,30340,0.25
June 30 2019,Okanogan,WA,Passenger,22,25,47,26074,26121,0.18
October 31 2017,Lincoln,WA,Passenger,2,5,7,7575,7582,0.09
May 31 2020,Fairfax,VA,Passenger,5,3,8,742,750,1.07
July 31 2022,Adams,CO,Passenger,1,0,1,39,40,2.50
October 31 2019,Cook,IL,Passenger,1,0,1,244,245,0.41
October 31 2018,Arlington,VA,Passenger,1,1,2,170,172,1.16
June 30 2021,Hawaii,HI,Passenger,1,0,1,49,50,2.00
December 31 2018,Beaufort,SC,Passenger,1,0,1,36,37,2.70
September 30 2020,Gwinnett,GA,Passenger,1,0,1,71,72,1.39
August 31 2022,Fairfax,VA,Passenger,7,3,10,609,619,1.62
August 31 2021,Chesapeake,VA,Passenger,0,3,3,391,394,0.76
December 31 2020,Multnomah,OR,Passenger,3,6,9,703,712,1.26
October 31 2023,Douglas,WA,Truck,8,0,8,12814,12822,0.06
January 31 2019,District of Columbia,DC,Passenger,1,3,4,200,204,1.96
October 31 2021,Denton,TX,Passenger,1,0,1,79,80,1.25
October 31 2019,Prince George's,MD,Passenger,1,1,2,181,183,1.09
June 30 2021,Sumter,SC,Passenger,0,1,1,35,36,2.78
September 30 2018,Tulsa,OK,Passenger,1,1,2,49,51,3.92
January 31 2017,Island,WA,Passenger,103,119,222,59409,59631,0.37
April 30 2017,Bexar,TX,Passenger,1,0,1,1030,1031,0.10
September 30 2020,Ferry,WA,Passenger,8,3,11,4306,4317,0.25
January 31 2019,Cumberland,NC,Passenger,0,2,2,531,533,0.38
August 31 2018,Lee,AL,Passenger,1,0,1,37,38,2.63
March 31 2021,Chesapeake,VA,Passenger,0,2,2,402,404,0.50
May 31 2018,Lee,AL,Passenger,1,0,1,33,34,2.94
November 30 2023,Chesapeake,VA,Passenger,2,1,3,246,249,1.20
September 30 2021,Lake,FL,Passenger,1,0,1,22,23,4.35
May 31 2020,Tulsa,OK,Passenger,1,1,2,46,48,4.17
August 31 2023,Santa Barbara,CA,Passenger,1,0,1,61,62,1.61
August 31 2023,St. Clair,IL,Passenger,1,0,1,90,91,1.10
January 31 2022,Hawaii,HI,Passenger,1,0,1,41,42,2.38
June 30 2018,Collier,FL,Passenger,1,0,1,21,22,4.55
June 30 2017,Spokane,WA,Passenger,253,208,461,296793,297254,0.16
April 30 2023,Ferry,WA,Passenger,19,4,23,4349,4372,0.53
September 30 2018,Pierce,WA,Passenger,1325,1267,2592,535515,538107,0.48
February 28 2018,Nantucket,MA,Passenger,1,0,1,4,5,20.00
May 31 2021,Clinton,PA,Passenger,1,0,1,0,1,100.00
July 31 2019,Grant,WA,Truck,0,0,0,26702,26702,0.00
June 30 2017,Los Angeles,CA,Passenger,3,1,4,1304,1308,0.31
February 29 2020,Adams,WA,Truck,0,0,0,5220,5220,0.00
September 30 2018,Pima,AZ,Passenger,1,1,2,426,428,0.47
September 30 2021,Adams,WA,Truck,0,0,0,5403,5403,0.00
November 30 2023,Kern,CA,Passenger,1,1,2,140,142,1.41
October 31 2019,Shelby,TN,Passenger,0,1,1,98,99,1.01
December 31 2021,Grays Harbor,WA,Passenger,192,157,349,49435,49784,0.70
April 30 2017,Cumberland,NC,Passenger,1,0,1,619,620,0.16
February 28 2023,Harrison,MS,Passenger,1,0,1,35,36,2.78
September 30 2019,Clackamas,OR,Passenger,2,1,3,211,214,1.40
September 30 2019,Spartanburg,SC,Passenger,0,1,1,41,42,2.38
March 31 2020,Alexandria,VA,Passenger,1,0,1,140,141,0.71
September 30 2022,DuPage,IL,Passenger,0,1,1,46,47,2.13
April 30 2017,Saratoga,NY,Passenger,1,1,2,74,76,2.63
February 29 2020,Sacramento,CA,Passenger,1,0,1,290,291,0.34
February 28 2017,Jefferson,WA,Passenger,89,55,144,23601,23745,0.61
November 30 2019,,,Passenger,5,2,7,410,417,1.68
February 29 2020,Clallam,WA,Passenger,206,163,369,50800,51169,0.72
March 31 2023,Cowlitz,WA,Truck,7,0,7,28289,28296,0.02
June 30 2021,Columbia,WA,Passenger,6,2,8,2467,2475,0.32
July 31 2020,Clallam,WA,Truck,1,0,1,21692,21693,0.00
February 28 2017,Manatee,FL,Passenger,1,0,1,55,56,1.79
January 31 2019,Washtenaw,MI,Passenger,1,0,1,39,40,2.50
October 31 2021,San Joaquin,CA,Passenger,1,1,2,102,104,1.92
January 31 2017,Walla Walla,WA,Truck,0,0,0,13169,13169,0.00
May 31 2022,Klickitat,WA,Passenger,99,54,153,15240,15393,0.99
May 31 2019,New Haven,CT,Passenger,0,2,2,47,49,4.08
October 31 2020,Twin Falls,ID,Passenger,0,1,1,25,26,3.85
August 31 2023,Travis,TX,Passenger,2,0,2,78,80,2.50
February 29 2020,Stafford,VA,Passenger,1,1,2,91,93,2.15
November 30 2023,Essex,NJ,Passenger,2,0,2,6,8,25.00
October 31 2023,Collin,TX,Passenger,2,0,2,28,30,6.67
April 30 2021,Washington,MD,Passenger,1,0,1,12,13,7.69
May 31 2019,Rogers,OK,Passenger,1,0,1,5,6,16.67
December 31 2019,Osceola,FL,Passenger,1,0,1,43,44,2.27
October 31 2023,Benton,WA,Passenger,1296,620,1916,133081,134997,1.42
December 31 2022,Denton,TX,Passenger,1,0,1,54,55,1.82
August 31 2020,Greene,MO,Passenger,0,1,1,37,38,2.63
June 30 2017,Yakima,WA,Passenger,45,57,102,159396,159498,0.06
August 31 2020,Riverside,CA,Passenger,3,0,3,610,613,0.49
October 31 2018,Douglas,NE,Passenger,0,1,1,69,70,1.43
September 30 2017,Moore,NC,Passenger,0,1,1,201,202,0.50
May 31 2022,Platte,MO,Passenger,1,0,1,24,25,4.00
May 31 2022,Pend Oreille,WA,Passenger,16,11,27,9004,9031,0.30
December 31 2018,Kootenai,ID,Passenger,1,1,2,217,219,0.91
April 30 2023,San Juan,WA,Truck,12,0,12,5932,5944,0.20
March 31 2020,Snohomish,WA,Truck,0,0,0,123709,123709,0.00
December 31 2019,Stevens,WA,Passenger,31,31,62,31596,31658,0.20
March 31 2021,Placer,CA,Passenger,2,0,2,83,85,2.35
June 30 2017,Franklin,OH,Passenger,0,1,1,122,123,0.81
March 31 2020,DuPage,IL,Passenger,3,0,3,63,66,4.55
March 31 2022,New York,NY,Passenger,1,0,1,37,38,2.63
September 30 2022,Yavapai,AZ,Passenger,0,1,1,23,24,4.17
April 30 2021,Kitsap,WA,Passenger,1732,813,2545,180473,183018,1.39
September 30 2021,Honolulu,HI,Passenger,5,3,8,391,399,2.01
September 30 2020,Montgomery,OH,Passenger,0,1,1,48,49,2.04
May 31 2017,Clallam,WA,Truck,0,0,0,20958,20958,0.00
August 31 2020,Orange,CA,Passenger,6,2,8,500,508,1.57
March 31 2020,Fulton,GA,Passenger,1,2,3,104,107,2.80
January 31 2017,Norfolk,MA,Passenger,1,0,1,40,41,2.44
June 30 2021,Erie,NY,Passenger,1,0,1,39,40,2.50
October 31 2023,Pulaski,AR,Passenger,2,0,2,16,18,11.11
November 30 2020,Greene,MO,Passenger,0,1,1,36,37,2.70
February 28 2021,Frederick,MD,Passenger,1,1,2,69,71,2.82
September 30 2020,Randolph,NC,Passenger,1,0,1,8,9,11.11
March 31 2017,Chelan,WA,Passenger,55,30,85,51679,51764,0.16
November 30 2018,Spokane,WA,Passenger,407,358,765,306866,307631,0.25
April 30 2020,Calvert,MD,Passenger,0,2,2,87,89,2.25
June 30 2018,Snohomish,WA,Truck,1,0,1,121652,121653,0.00
October 31 2020,Lewis,WA,Truck,0,0,0,26495,26495,0.00
April 30 2023,Whitman,WA,Truck,4,0,4,8594,8598,0.05
July 31 2020,Bartow,GA,Passenger,0,1,1,4,5,20.00
February 29 2020,Grays Harbor,WA,Passenger,109,108,217,48368,48585,0.45
June 30 2020,Collier,FL,Passenger,1,0,1,19,20,5.00
September 30 2023,Mason,WA,Truck,15,0,15,20386,20401,0.07
January 31 2022,Wake,NC,Passenger,1,0,1,114,115,0.87
July 31 2023,Richland,SC,Passenger,0,1,1,96,97,1.03
November 30 2017,Eagle,CO,Passenger,1,0,1,6,7,14.29
December 31 2021,Garfield,WA,Passenger,0,3,3,1348,1351,0.22
October 31 2021,Loudoun,VA,Passenger,1,0,1,65,66,1.52
February 29 2020,Howard,MD,Passenger,0,1,1,73,74,1.35
February 28 2023,Collier,FL,Passenger,1,0,1,13,14,7.14
January 31 2023,Rockingham,NH,Passenger,1,0,1,13,14,7.14
July 31 2020,Carson City,NV,Passenger,1,0,1,10,11,9.09
November 30 2019,Thurston,WA,Passenger,1036,699,1735,199044,200779,0.86
July 31 2019,Franklin,WA,Passenger,53,71,124,60138,60262,0.21
January 31 2021,Douglas,WA,Truck,0,0,0,12501,12501,0.00
April 30 2017,Orange,CA,Passenger,2,1,3,659,662,0.45
March 31 2023,Prince George's,MD,Passenger,2,1,3,116,119,2.52
October 31 2017,Whitman,WA,Truck,0,0,0,8442,8442,0.00
January 31 2022,DuPage,IL,Passenger,1,1,2,53,55,3.64
May 31 2019,New London,CT,Passenger,0,2,2,247,249,0.80
September 30 2017,Multnomah,OR,Passenger,1,3,4,925,929,0.43
July 31 2022,Orange,CA,Passenger,6,3,9,363,372,2.42
April 30 2020,Harris,TX,Passenger,1,0,1,245,246,0.41
December 31 2019,Clallam,WA,Truck,1,0,1,21865,21866,0.00
June 30 2019,Howard,MD,Passenger,0,1,1,77,78,1.28
April 30 2023,Coryell,TX,Passenger,1,0,1,76,77,1.30
May 31 2019,Jefferson,WA,Passenger,191,119,310,24996,25306,1.23
February 29 2020,Multnomah,OR,Passenger,4,7,11,746,757,1.45
July 31 2018,Yakima,WA,Truck,0,0,0,58541,58541,0.00
September 30 2023,Cowlitz,WA,Truck,10,0,10,27746,27756,0.04
March 31 2020,Denton,TX,Passenger,1,0,1,95,96,1.04
February 28 2023,Anchorage,AK,Passenger,1,0,1,113,114,0.88
August 31 2019,Montgomery,AL,Passenger,0,1,1,40,41,2.44
February 29 2020,Frederick,MD,Passenger,1,1,2,83,85,2.35
May 31 2022,Saratoga,NY,Passenger,1,0,1,41,42,2.38
March 31 2019,Pierce,WA,Passenger,1635,1456,3091,539342,542433,0.57
June 30 2017,Okanogan,WA,Passenger,4,17,21,25703,25724,0.08
June 30 2021,Fresno,CA,Passenger,1,0,1,182,183,0.55
November 30 2019,Dakota,MN,Passenger,0,1,1,34,35,2.86
August 31 2020,Spokane,WA,Passenger,780,504,1284,317403,318687,0.40
January 31 2021,Alameda,CA,Passenger,4,0,4,268,272,1.47
September 30 2019,Prince William,VA,Passenger,1,3,4,243,247,1.62
February 28 2019,Fulton,GA,Passenger,1,2,3,107,110,2.73
September 30 2023,Chelan,WA,Truck,33,0,33,22969,23002,0.14
June 30 2020,Garfield,WA,Truck,0,0,0,973,973,0.00
November 30 2023,Pierce,WA,Passenger,8989,3068,12057,509017,521074,2.31
September 30 2021,Kittitas,WA,Passenger,180,72,252,29862,30114,0.84
July 31 2022,Ferry,WA,Passenger,21,4,25,4377,4402,0.57
September 30 2020,Fulton,GA,Passenger,1,2,3,92,95,3.16
March 31 2017,Hamilton,IN,Passenger,1,0,1,64,65,1.54
December 31 2022,Fairfax,VA,Passenger,6,3,9,601,610,1.48
May 31 2022,Maricopa,AZ,Passenger,7,4,11,1014,1025,1.07
April 30 2019,Skamania,WA,Truck,0,0,0,4039,4039,0.00
December 31 2018,Fulton,GA,Passenger,1,2,3,107,110,2.73
January 31 2023,Berkeley,SC,Passenger,0,1,1,115,116,0.86
August 31 2017,Lee,AL,Passenger,1,0,1,36,37,2.70
February 28 2021,Marion,IA,Passenger,1,0,1,1,2,50.00
June 30 2023,Lewis,WA,Passenger,330,211,541,59210,59751,0.91
June 30 2021,Owyhee,ID,Passenger,1,0,1,3,4,25.00
May 31 2020,Mason,WA,Passenger,157,137,294,47168,47462,0.62
December 31 2021,Columbia,WA,Passenger,6,2,8,2450,2458,0.33
March 31 2017,Pend Oreille,WA,Truck,0,0,0,5581,5581,0.00
August 31 2019,Osceola,FL,Passenger,1,0,1,41,42,2.38
March 31 2021,Monroe,IL,Passenger,1,0,1,2,3,33.33
February 28 2022,Clallam,WA,Passenger,393,243,636,50127,50763,1.25
November 30 2018,Whatcom,WA,Passenger,730,355,1085,149110,150195,0.72
December 31 2017,Kittitas,WA,Passenger,35,26,61,28449,28510,0.21
June 30 2021,,,Passenger,3,2,5,331,336,1.49
April 30 2018,Monterey,CA,Passenger,0,1,1,187,188,0.53
June 30 2018,Lincoln,WA,Truck,0,0,0,4557,4557,0.00
April 30 2019,San Juan,PR,Passenger,0,1,1,3,4,25.00
June 30 2018,Camden,NJ,Passenger,0,1,1,33,34,2.94
November 30 2019,Shasta,CA,Passenger,1,0,1,41,42,2.38
January 31 2023,Cook,IL,Passenger,3,0,3,169,172,1.74
October 31 2019,Broward,FL,Passenger,2,1,3,128,131,2.29
January 31 2023,El Paso,CO,Passenger,3,2,5,542,547,0.91
September 30 2023,Vernon,LA,Passenger,1,0,1,68,69,1.45
June 30 2022,St. Mary's,MD,Passenger,1,0,1,198,199,0.50
February 28 2018,King,WA,Passenger,11754,5019,16773,1368062,1384835,1.21
December 31 2019,Charles,MD,Passenger,0,1,1,87,88,1.14
August 31 2017,Richland,SC,Passenger,0,1,1,189,190,0.53
October 31 2023,Kent,DE,Passenger,1,0,1,37,38,2.63
January 31 2017,Prince George's,MD,Passenger,0,1,1,189,190,0.53
June 30 2018,Columbia,WA,Truck,0,0,0,1527,1527,0.00
November 30 2023,Hennepin,MN,Passenger,1,0,1,26,27,3.70
March 31 2022,Rogers,OK,Passenger,1,0,1,3,4,25.00
September 30 2019,Skagit,WA,Truck,1,0,1,32513,32514,0.00
February 28 2018,Morris,NJ,Passenger,1,0,1,19,20,5.00
December 31 2021,Multnomah,OR,Passenger,2,5,7,626,633,1.11
June 30 2019,Stevens,WA,Truck,0,0,0,18654,18654,0.00
December 31 2017,Ada,ID,Passenger,0,1,1,357,358,0.28
July 31 2019,Putnam,TN,Passenger,0,1,1,3,4,25.00
June 30 2019,Grays Harbor,WA,Passenger,73,85,158,47920,48078,0.33
May 31 2017,Cowlitz,WA,Truck,0,0,0,27871,27871,0.00
January 31 2022,Clallam,WA,Truck,1,0,1,22133,22134,0.00
August 31 2017,Kittitas,WA,Truck,0,0,0,13610,13610,0.00
April 30 2019,Lee,AL,Passenger,1,0,1,36,37,2.70
March 31 2022,Orange,NC,Passenger,0,1,1,10,11,9.09
March 31 2021,Cumberland,NC,Passenger,0,2,2,447,449,0.45
November 30 2021,Cumberland,NC,Passenger,1,4,5,410,415,1.20
August 31 2019,Grant,WA,Truck,0,0,0,26738,26738,0.00
December 31 2021,Yavapai,AZ,Passenger,0,1,1,36,37,2.70
December 31 2019,Harnett,NC,Passenger,1,1,2,213,215,0.93
September 30 2018,Sangamon,IL,Passenger,1,0,1,11,12,8.33
November 30 2017,Whitman,WA,Passenger,16,19,35,22384,22419,0.16
September 30 2017,Santa Clara,CA,Passenger,5,2,7,393,400,1.75
September 30 2017,Benton,WA,Truck,0,0,0,40275,40275,0.00
December 31 2022,Thurston,WA,Truck,38,0,38,54662,54700,0.07
February 28 2017,Douglas,WA,Truck,0,0,0,11386,11386,0.00
November 30 2018,Pend Oreille,WA,Truck,0,0,0,5741,5741,0.00
June 30 2019,Jefferson,CO,Passenger,0,2,2,59,61,3.28
March 31 2022,Shelby,OH,Passenger,0,1,1,2,3,33.33
May 31 2018,Grays Harbor,WA,Truck,0,0,0,20183,20183,0.00
April 30 2018,Williamson,TX,Passenger,0,1,1,158,159,0.63
February 28 2021,Owyhee,ID,Passenger,1,0,1,3,4,25.00
December 31 2022,Pacific,WA,Passenger,74,80,154,15720,15874,0.97
March 31 2022,Whatcom,WA,Passenger,1735,695,2430,149167,151597,1.60
August 31 2022,Franklin,WA,Passenger,224,113,337,61910,62247,0.54
June 30 2021,Snohomish,WA,Truck,1,0,1,126249,126250,0.00
January 31 2020,Brevard,FL,Passenger,0,1,1,92,93,1.08
August 31 2023,Mason,WA,Passenger,483,214,697,45916,46613,1.50
May 31 2021,Anchorage,AK,Passenger,1,0,1,146,147,0.68
August 31 2017,Volusia,FL,Passenger,0,1,1,48,49,2.04
June 30 2023,Parker,TX,Passenger,0,1,1,13,14,7.14
January 31 2018,Collier,FL,Passenger,1,0,1,21,22,4.55
August 31 2023,Carroll,MD,Passenger,0,1,1,19,20,5.00
August 31 2022,Kern,CA,Passenger,0,1,1,193,194,0.52
November 30 2020,Clackamas,OR,Passenger,2,0,2,180,182,1.10
January 31 2020,Alameda,CA,Passenger,4,1,5,292,297,1.68
September 30 2020,Chesapeake,VA,Passenger,0,2,2,413,415,0.48
January 31 2019,Allegheny,PA,Passenger,1,0,1,89,90,1.11
May 31 2021,Walla Walla,WA,Truck,0,0,0,14040,14040,0.00
November 30 2018,Whitman,WA,Truck,0,0,0,8534,8534,0.00
February 28 2021,Arapahoe,CO,Passenger,1,0,1,126,127,0.79
March 31 2019,Lewis,WA,Truck,0,0,0,25753,25753,0.00
May 31 2017,Hardin,KY,Passenger,0,1,1,119,120,0.83
August 31 2022,Pennington,SD,Passenger,2,0,2,25,27,7.41
August 31 2022,Hawaii,HI,Passenger,1,0,1,35,36,2.78
November 30 2023,Spokane,WA,Passenger,2750,1328,4078,312860,316938,1.29
March 31 2023,Pierce,WA,Passenger,6839,2627,9466,534175,543641,1.74
January 31 2019,Snohomish,WA,Passenger,3074,1487,4561,528226,532787,0.86
January 31 2020,District of Columbia,DC,Passenger,1,1,2,207,209,0.96
August 31 2021,Multnomah,OR,Passenger,2,7,9,651,660,1.36
March 31 2018,Clark,WA,Truck,0,0,0,78624,78624,0.00
June 30 2020,Goochland,VA,Passenger,2,1,3,262,265,1.13
November 30 2023,Adams,WA,Passenger,28,13,41,12544,12585,0.33
November 30 2021,Gwinnett,GA,Passenger,1,0,1,61,62,1.61
March 31 2018,Duval,FL,Passenger,1,2,3,374,377,0.80
September 30 2019,Fairfax,VA,Passenger,4,2,6,764,770,0.78
May 31 2019,Adams,WA,Truck,0,0,0,5125,5125,0.00
January 31 2021,Columbia,WA,Passenger,5,3,8,2451,2459,0.33
September 30 2022,San Juan,WA,Truck,6,0,6,5951,5957,0.10
January 31 2021,DeKalb,GA,Passenger,1,0,1,69,70,1.43
February 28 2023,Asotin,WA,Passenger,30,20,50,12451,12501,0.40
January 31 2023,San Joaquin,CA,Passenger,1,1,2,83,85,2.35
June 30 2017,Arlington,VA,Passenger,1,1,2,170,172,1.16
December 31 2021,Harford,MD,Passenger,1,1,2,53,55,3.64
March 31 2022,Hamilton,IN,Passenger,1,0,1,24,25,4.00
January 31 2023,Elmore,ID,Passenger,1,0,1,14,15,6.67
April 30 2023,Carroll,MD,Passenger,0,1,1,20,21,4.76
November 30 2023,Cook,IL,Passenger,3,1,4,125,129,3.10
August 31 2022,Prince George's,MD,Passenger,3,1,4,121,125,3.20
February 28 2018,Hardin,KY,Passenger,0,1,1,113,114,0.88
November 30 2023,Richmond,GA,Passenger,0,1,1,54,55,1.82
October 31 2021,Williamsburg,VA,Passenger,0,1,1,6,7,14.29
May 31 2021,Chelan,WA,Passenger,322,98,420,54723,55143,0.76
January 31 2020,El Paso,CO,Passenger,2,2,4,742,746,0.54
June 30 2021,Orange,CA,Passenger,4,3,7,443,450,1.56
August 31 2019,Columbia,WA,Truck,0,0,0,1531,1531,0.00
January 31 2022,Allegheny,PA,Passenger,1,1,2,63,65,3.08
August 31 2022,Loudoun,VA,Passenger,2,1,3,62,65,4.62
May 31 2021,Montgomery,PA,Passenger,1,0,1,24,25,4.00
August 31 2023,Orange,NC,Passenger,0,1,1,3,4,25.00
November 30 2018,Randolph,NC,Passenger,1,0,1,5,6,16.67
April 30 2020,King,WA,Passenger,24083,7695,31778,1385730,1417508,2.24
September 30 2018,Collin,TX,Passenger,1,1,2,161,163,1.23
March 31 2019,Mecklenburg,NC,Passenger,1,0,1,81,82,1.22
April 30 2022,Virginia Beach,VA,Passenger,3,0,3,540,543,0.55
August 31 2017,Orange,FL,Passenger,1,1,2,144,146,1.37
August 31 2019,Carroll,NH,Passenger,0,1,1,3,4,25.00
March 31 2023,Williamsburg,VA,Passenger,0,1,1,8,9,11.11
May 31 2023,Cumberland,PA,Passenger,1,0,1,35,36,2.78
March 31 2023,Albemarle,VA,Passenger,1,0,1,15,16,6.25
December 31 2022,New Haven,CT,Passenger,0,2,2,28,30,6.67
February 28 2023,Skagit,WA,Passenger,985,376,1361,89266,90627,1.50
May 31 2022,Multnomah,OR,Passenger,0,4,4,555,559,0.72
August 31 2019,,,Passenger,4,2,6,412,418,1.44
March 31 2021,Jefferson,WA,Truck,0,0,0,9590,9590,0.00
April 30 2018,Orange,CA,Passenger,3,1,4,588,592,0.68
May 31 2021,Virginia Beach,VA,Passenger,3,0,3,631,634,0.47
April 30 2023,Broward,FL,Passenger,1,0,1,65,66,1.52
May 31 2018,Queens,NY,Passenger,1,0,1,64,65,1.54
February 28 2022,Rock Island,IL,Passenger,0,1,1,13,14,7.14
July 31 2022,Owyhee,ID,Passenger,1,0,1,2,3,33.33
January 31 2021,DeKalb,IN,Passenger,1,0,1,0,1,100.00
March 31 2019,Kitsap,WA,Passenger,996,569,1565,179895,181460,0.86
November 30 2022,Pierce,WA,Truck,71,0,71,139865,139936,0.05
March 31 2019,Prince George's,MD,Passenger,1,1,2,182,184,1.09
June 30 2022,Riverside,CA,Passenger,8,1,9,458,467,1.93
November 30 2023,Benton,WA,Truck,35,0,35,41439,41474,0.08
October 31 2019,Whitman,WA,Passenger,38,45,83,22707,22790,0.36
September 30 2020,Pierce,WA,Truck,0,0,0,143956,143956,0.00
September 30 2019,Wayne,MI,Passenger,0,1,1,65,66,1.52
February 28 2017,Jackson,MO,Passenger,1,0,1,72,73,1.37
June 30 2023,Plaquemines,LA,Passenger,1,1,2,15,17,11.76
April 30 2023,Pierce,WA,Passenger,7139,2674,9813,532801,542614,1.81
July 31 2020,Richmond,GA,Passenger,0,1,1,83,84,1.19
February 28 2017,Benton,WA,Passenger,134,133,267,127641,127908,0.21
May 31 2020,Deschutes,OR,Passenger,4,0,4,139,143,2.80
November 30 2023,Shasta,CA,Passenger,1,0,1,19,20,5.00
May 31 2018,Orange,FL,Passenger,2,1,3,172,175,1.71
January 31 2022,Yavapai,AZ,Passenger,0,1,1,35,36,2.78
January 31 2023,Franklin,WA,Truck,4,0,4,20977,20981,0.02
March 31 2022,Lake,IL,Passenger,3,0,3,153,156,1.92
April 30 2023,Stevens,WA,Passenger,107,62,169,29784,29953,0.56
September 30 2017,Mason,WA,Truck,0,0,0,19377,19377,0.00
May 31 2017,Palm Beach,FL,Passenger,0,1,1,97,98,1.02
July 31 2020,Tulsa,OK,Passenger,1,1,2,44,46,4.35
January 31 2023,Pulaski,AR,Passenger,3,0,3,24,27,11.11
February 28 2017,Essex,NJ,Passenger,1,0,1,18,19,5.26
April 30 2020,Randolph,NC,Passenger,1,0,1,8,9,11.11
May 31 2020,Stevens,WA,Passenger,34,33,67,30725,30792,0.22
September 30 2019,Klickitat,WA,Truck,0,0,0,8297,8297,0.00
July 31 2022,Wahkiakum,WA,Passenger,24,12,36,3069,3105,1.16
January 31 2023,San Juan,WA,Passenger,572,173,745,13875,14620,5.10
July 31 2023,Chelan,WA,Truck,31,0,31,23122,23153,0.13
July 31 2022,York,VA,Passenger,1,0,1,90,91,1.10
April 30 2023,Sheridan,WY,Passenger,1,0,1,6,7,14.29
December 31 2022,Grant,WA,Passenger,231,112,343,66842,67185,0.51
May 31 2017,Maricopa,AZ,Passenger,2,1,3,1806,1809,0.17
February 28 2018,Multnomah,OR,Passenger,3,4,7,838,845,0.83
March 31 2022,Okanogan,WA,Passenger,77,46,123,26513,26636,0.46
May 31 2018,Grays Harbor,WA,Passenger,50,55,105,46406,46511,0.23
March 31 2020,Collin,TX,Passenger,2,1,3,131,134,2.24
April 30 2022,Harford,MD,Passenger,1,1,2,51,53,3.77
February 28 2018,Dallas,TX,Passenger,0,1,1,191,192,0.52
September 30 2019,Santa Fe,NM,Passenger,0,1,1,43,44,2.27
December 31 2022,Rock Island,IL,Passenger,0,1,1,12,13,7.69
May 31 2021,Wilson,TX,Passenger,0,1,1,4,5,20.00
October 31 2017,Grays Harbor,WA,Truck,0,0,0,20006,20006,0.00
December 31 2021,Alameda,CA,Passenger,5,0,5,223,228,2.19
April 30 2018,Columbia,WA,Passenger,2,1,3,2414,2417,0.12
July 31 2021,New London,CT,Passenger,1,2,3,217,220,1.36
April 30 2022,Cowlitz,WA,Truck,0,1,1,28720,28721,0.00
August 31 2020,Mason,WA,Truck,0,0,0,20775,20775,0.00
July 31 2017,Adams,WA,Passenger,3,3,6,12182,12188,0.05
August 31 2017,Pinal,AZ,Passenger,2,0,2,230,232,0.86
August 31 2021,Travis,TX,Passenger,5,3,8,149,157,5.10
January 31 2022,Manassas,VA,Passenger,0,1,1,8,9,11.11
July 31 2018,Hardin,KY,Passenger,0,1,1,117,118,0.85
April 30 2020,Ulster,NY,Passenger,1,0,1,12,13,7.69
February 28 2022,Larimer,CO,Passenger,1,0,1,48,49,2.04
July 31 2017,Franklin,MA,Passenger,0,1,1,4,5,20.00
August 31 2022,Sevier,AR,Passenger,0,1,1,0,1,100.00
February 28 2019,Franklin,WA,Passenger,50,70,120,59294,59414,0.20
January 31 2021,Montgomery,OH,Passenger,0,1,1,54,55,1.82
June 30 2022,Sacramento,CA,Passenger,3,0,3,209,212,1.42
October 31 2022,Ferry,WA,Passenger,24,4,28,4380,4408,0.64
June 30 2021,Manassas,VA,Passenger,0,1,1,8,9,11.11
October 31 2018,Williamson,TX,Passenger,0,1,1,162,163,0.61
October 31 2023,DuPage,IL,Passenger,0,1,1,30,31,3.23
January 31 2023,King,WA,Truck,462,2,464,177974,178438,0.26
December 31 2019,Lincoln,WA,Passenger,1,11,12,7804,7816,0.15
October 31 2017,Alameda,CA,Passenger,0,1,1,356,357,0.28
August 31 2019,Multnomah,OR,Passenger,5,6,11,755,766,1.44
July 31 2021,Pierce,WA,Truck,0,0,0,145796,145796,0.00
July 31 2023,Jefferson,WA,Passenger,580,263,843,24196,25039,3.37
July 31 2022,Clark,WA,Passenger,4226,1806,6032,315419,321451,1.88
September 30 2022,Tarrant,TX,Passenger,1,0,1,106,107,0.93
September 30 2023,Okanogan,WA,Passenger,139,71,210,25814,26024,0.81
October 31 2018,Santa Clara,CA,Passenger,8,0,8,381,389,2.06
September 30 2023,Lewis,WA,Passenger,361,274,635,58604,59239,1.07
November 30 2020,Ramsey,MN,Passenger,1,0,1,36,37,2.70
June 30 2021,Pennington,SD,Passenger,1,0,1,31,32,3.12
December 31 2021,Harris,TX,Passenger,1,0,1,174,175,0.57
November 30 2020,Loudoun,VA,Passenger,1,0,1,76,77,1.30
July 31 2020,Thurston,WA,Truck,0,0,0,55892,55892,0.00
November 30 2021,Virginia Beach,VA,Passenger,3,0,3,587,590,0.51
November 30 2023,Salt Lake,UT,Passenger,1,1,2,72,74,2.70
February 28 2019,Dale,AL,Passenger,0,1,1,56,57,1.75
April 30 2021,Boulder,CO,Passenger,1,1,2,51,53,3.77
September 30 2019,Collier,FL,Passenger,1,0,1,18,19,5.26
January 31 2021,Pinellas,FL,Passenger,1,1,2,102,104,1.92
February 28 2019,King,WA,Passenger,17525,6762,24287,1379624,1403911,1.73
December 31 2021,Denton,TX,Passenger,1,0,1,78,79,1.27
January 31 2018,Canyon,ID,Passenger,0,1,1,96,97,1.03
November 30 2020,Middlesex,MA,Passenger,1,1,2,93,95,2.11
September 30 2021,Shelby,OH,Passenger,0,1,1,2,3,33.33
February 28 2021,San Juan,WA,Truck,0,0,0,5863,5863,0.00
September 30 2017,Okanogan,WA,Passenger,5,18,23,25685,25708,0.09
October 31 2022,Thurston,WA,Truck,30,0,30,54852,54882,0.05
August 31 2017,Garfield,WA,Passenger,1,0,1,1302,1303,0.08
April 30 2020,Clackamas,OR,Passenger,2,0,2,201,203,0.99
April 30 2022,,,Passenger,3,1,4,300,304,1.32
November 30 2019,Asotin,WA,Passenger,13,8,21,12653,12674,0.17
October 31 2019,Middlesex,MA,Passenger,1,1,2,108,110,1.82
August 31 2020,New Haven,CT,Passenger,0,2,2,35,37,5.41
March 31 2023,Pacific,WA,Passenger,75,84,159,15641,15800,1.01
April 30 2022,Mason,WA,Passenger,294,178,472,47505,47977,0.98
April 30 2022,Ferry,WA,Passenger,19,4,23,4404,4427,0.52
March 31 2018,King,WA,Passenger,11968,5152,17120,1367765,1384885,1.24
January 31 2018,Lane,OR,Passenger,0,1,1,203,204,0.49
March 31 2020,Juneau,AK,Passenger,0,2,2,29,31,6.45
August 31 2022,Eagle,CO,Passenger,1,0,1,8,9,11.11
January 31 2018,Nantucket,MA,Passenger,1,0,1,3,4,25.00
November 30 2019,Franklin,MA,Passenger,0,1,1,1,2,50.00
July 31 2023,Grant,WA,Passenger,296,131,427,67018,67445,0.63
August 31 2020,Kitsap,WA,Passenger,1399,698,2097,179595,181692,1.15
January 31 2020,Walla Walla,WA,Truck,0,0,0,13707,13707,0.00
May 31 2020,Skamania,WA,Truck,0,0,0,4028,4028,0.00
February 28 2017,Orange,FL,Passenger,1,1,2,152,154,1.30
March 31 2018,Allegheny,PA,Passenger,1,0,1,79,80,1.25
April 30 2020,Moore,NC,Passenger,0,1,1,165,166,0.60
February 28 2017,Anne Arundel,MD,Passenger,0,1,1,512,513,0.19
January 31 2020,Jefferson,NY,Passenger,0,1,1,216,217,0.46
December 31 2017,Fulton,GA,Passenger,1,0,1,104,105,0.95
May 31 2022,Fairbanks North Star,AK,Passenger,0,1,1,77,78,1.28
December 31 2019,Lee,FL,Passenger,1,0,1,54,55,1.82
October 31 2019,Shelby,OH,Passenger,0,1,1,1,2,50.00
October 31 2020,Lake,FL,Passenger,1,0,1,22,23,4.35
February 28 2023,Grays Harbor,WA,Passenger,272,171,443,48628,49071,0.90
December 31 2019,Orange,CA,Passenger,7,2,9,531,540,1.67
July 31 2017,Snohomish,WA,Truck,1,0,1,121768,121769,0.00
October 31 2021,Asotin,WA,Passenger,21,17,38,12764,12802,0.30
March 31 2023,Ventura,CA,Passenger,3,2,5,217,222,2.25
December 31 2017,San Diego,CA,Passenger,6,1,7,2571,2578,0.27
June 30 2023,Cumberland,NC,Passenger,1,4,5,306,311,1.61
July 31 2022,Hudson,NJ,Passenger,2,0,2,36,38,5.26
September 30 2022,Lee,FL,Passenger,1,0,1,31,32,3.12
March 31 2018,Hamilton,TN,Passenger,1,0,1,23,24,4.17
March 31 2023,DeKalb,GA,Passenger,1,0,1,47,48,2.08
April 30 2018,Cowlitz,WA,Truck,0,0,0,28291,28291,0.00
August 31 2018,Walla Walla,WA,Truck,0,0,0,13498,13498,0.00
December 31 2017,Northampton,PA,Passenger,0,1,1,67,68,1.47
September 30 2017,District of Columbia,DC,Passenger,0,2,2,202,204,0.98
November 30 2017,Lane,OR,Passenger,0,1,1,209,210,0.48
May 31 2022,Montgomery,AL,Passenger,0,1,1,36,37,2.70
November 30 2017,Marin,CA,Passenger,1,0,1,58,59,1.69
October 31 2017,Twin Falls,ID,Passenger,0,1,1,25,26,3.85
July 31 2020,Owyhee,ID,Passenger,1,0,1,3,4,25.00
July 31 2019,Lake,CA,Passenger,0,1,1,9,10,10.00
July 31 2023,Grays Harbor,WA,Passenger,316,193,509,48142,48651,1.05
May 31 2020,El Paso,CO,Passenger,2,1,3,723,726,0.41
March 31 2018,Riverside,CA,Passenger,2,2,4,701,705,0.57
September 30 2017,Columbia,WA,Truck,0,0,0,1557,1557,0.00
May 31 2021,Dallas,TX,Passenger,1,0,1,165,166,0.60
July 31 2022,Charleston,SC,Passenger,2,2,4,66,70,5.71
August 31 2023,Clark,WA,Passenger,6337,2431,8768,311818,320586,2.73
September 30 2019,Cowlitz,WA,Passenger,106,106,212,73302,73514,0.29
December 31 2018,Skamania,WA,Passenger,16,13,29,8729,8758,0.33
August 31 2020,Ferry,WA,Truck,0,0,0,3583,3583,0.00
July 31 2019,Asotin,WA,Passenger,12,8,20,12656,12676,0.16
November 30 2020,Pend Oreille,WA,Truck,0,0,0,5717,5717,0.00
February 28 2018,Grant,WA,Passenger,31,38,69,62316,62385,0.11
July 31 2020,Vigo,IN,Passenger,1,0,1,5,6,16.67
May 31 2017,Norfolk,MA,Passenger,1,0,1,40,41,2.44
July 31 2020,DeKalb,GA,Passenger,1,0,1,81,82,1.22
October 31 2018,Wahkiakum,WA,Passenger,1,1,2,2982,2984,0.07
January 31 2021,Calvert,MD,Passenger,0,2,2,83,85,2.35
May 31 2021,Williams,ND,Passenger,0,1,1,7,8,12.50
June 30 2023,Albemarle,VA,Passenger,1,0,1,14,15,6.67
June 30 2022,Clallam,WA,Truck,3,0,3,21927,21930,0.01
February 28 2021,Duval,FL,Passenger,0,2,2,360,362,0.55
November 30 2017,Adams,WA,Passenger,3,5,8,12355,12363,0.06
June 30 2023,Adams,WA,Passenger,25,12,37,13075,13112,0.28
June 30 2018,Benton,WA,Passenger,192,199,391,131473,131864,0.30
August 31 2022,Klickitat,WA,Truck,2,0,2,8262,8264,0.02
April 30 2017,Bergen,NJ,Passenger,0,2,2,32,34,5.88
October 31 2022,St. Mary's,MD,Passenger,1,0,1,180,181,0.55
June 30 2022,Okanogan,WA,Truck,1,0,1,16643,16644,0.01
March 31 2021,Lewis,WA,Passenger,130,134,264,59287,59551,0.44
July 31 2017,Island,WA,Truck,0,0,0,20493,20493,0.00
November 30 2018,Yakima,WA,Truck,0,0,0,58748,58748,0.00
June 30 2020,Maricopa,AZ,Passenger,5,8,13,1475,1488,0.87
April 30 2021,Grays Harbor,WA,Truck,0,0,0,21413,21413,0.00
May 31 2018,Duval,FL,Passenger,1,2,3,382,385,0.78
October 31 2023,Clark,NV,Passenger,4,2,6,337,343,1.75
February 28 2021,Harford,MD,Passenger,0,1,1,60,61,1.64
March 31 2020,Montgomery,TX,Passenger,1,0,1,57,58,1.72
June 30 2021,Hennepin,MN,Passenger,3,0,3,76,79,3.80
July 31 2019,San Francisco,CA,Passenger,2,1,3,108,111,2.70
August 31 2022,Orange,NC,Passenger,0,1,1,6,7,14.29
July 31 2023,New Haven,CT,Passenger,0,2,2,25,27,7.41
August 31 2018,Bexar,TX,Passenger,3,4,7,743,750,0.93
July 31 2018,Montgomery,TX,Passenger,1,0,1,66,67,1.49
April 30 2020,San Juan,WA,Truck,0,0,0,5895,5895,0.00
February 28 2017,King,WA,Truck,8,1,9,190490,190499,0.00
June 30 2018,El Paso,TX,Passenger,1,0,1,524,525,0.19
September 30 2021,Erie,NY,Passenger,1,0,1,34,35,2.86
April 30 2019,San Francisco,CA,Passenger,2,1,3,114,117,2.56
June 30 2018,Madison,ID,Passenger,1,0,1,39,40,2.50
May 31 2023,Cowlitz,WA,Passenger,458,207,665,70037,70702,0.94
September 30 2021,Broward,FL,Passenger,2,0,2,107,109,1.83
April 30 2020,Kitsap,WA,Truck,1,0,1,53901,53902,0.00
November 30 2020,Riverside,CA,Passenger,4,1,5,602,607,0.82
March 31 2021,Kitsap,WA,Truck,0,0,0,54375,54375,0.00
December 31 2022,Okanogan,WA,Truck,2,0,2,16443,16445,0.01
February 29 2020,Ferry,WA,Truck,0,0,0,3583,3583,0.00
February 28 2017,Prince George's,MD,Passenger,0,1,1,186,187,0.53
November 30 2018,Goochland,VA,Passenger,0,1,1,245,246,0.41
August 31 2017,Hawaii,HI,Passenger,1,0,1,79,80,1.25
February 28 2021,Charleston,SC,Passenger,2,0,2,89,91,2.20
January 31 2019,Madison,ID,Passenger,1,0,1,37,38,2.63
January 31 2023,Geary,KS,Passenger,1,0,1,74,75,1.33
October 31 2018,Nantucket,MA,Passenger,1,0,1,4,5,20.00
March 31 2022,Harris,TX,Passenger,1,0,1,161,162,0.62
August 31 2020,Benton,WA,Truck,0,0,0,43022,43022,0.00
June 30 2022,Jefferson,WA,Passenger,434,217,651,24579,25230,2.58
July 31 2019,Spartanburg,SC,Passenger,0,1,1,39,40,2.50
February 28 2017,Duval,FL,Passenger,1,1,2,371,373,0.54
September 30 2018,St. Lucie,FL,Passenger,1,0,1,30,31,3.23
January 31 2017,Benton,WA,Truck,0,0,0,39815,39815,0.00
November 30 2019,Lincoln,WA,Truck,0,0,0,4693,4693,0.00
February 28 2023,Deschutes,OR,Passenger,1,0,1,66,67,1.49
November 30 2018,Mason,WA,Truck,0,0,0,20188,20188,0.00
October 31 2021,Monterey,CA,Passenger,0,2,2,144,146,1.37
January 31 2019,Williamson,TX,Passenger,0,1,1,153,154,0.65
November 30 2022,Meade,KY,Passenger,1,0,1,18,19,5.26
November 30 2022,Larimer,CO,Passenger,1,0,1,39,40,2.50
December 31 2019,Chelan,WA,Passenger,201,78,279,54616,54895,0.51
October 31 2022,Denton,TX,Passenger,1,0,1,59,60,1.67
October 31 2020,Mason,WA,Passenger,165,134,299,47491,47790,0.63
June 30 2020,Honolulu,HI,Passenger,4,2,6,457,463,1.30
August 31 2021,Columbia,WA,Truck,0,0,0,1538,1538,0.00
July 31 2020,Jones,GA,Passenger,1,0,1,1,2,50.00
September 30 2023,Madison,IL,Passenger,1,0,1,14,15,6.67
March 31 2018,Lumpkin,GA,Passenger,1,0,1,7,8,12.50
March 31 2017,Los Angeles,CA,Passenger,3,1,4,1375,1379,0.29
July 31 2017,Alameda,CA,Passenger,1,1,2,362,364,0.55
September 30 2023,Snohomish,WA,Passenger,14350,3287,17637,521838,539475,3.27
March 31 2023,Snohomish,WA,Passenger,11314,2892,14206,529350,543556,2.61
June 30 2019,Yakima,WA,Truck,0,0,0,59133,59133,0.00
January 31 2021,Harford,MD,Passenger,0,1,1,61,62,1.61
June 30 2021,Arlington,VA,Passenger,0,1,1,145,146,0.68
September 30 2023,Henrico,VA,Passenger,0,1,1,5,6,16.67
June 30 2022,Pennington,SD,Passenger,2,0,2,28,30,6.67
January 31 2017,Cowlitz,WA,Passenger,51,44,95,69108,69203,0.14
October 31 2021,Kitsap,WA,Passenger,2039,915,2954,180507,183461,1.61
September 30 2022,Lane,OR,Passenger,0,2,2,88,90,2.22
March 31 2018,Lewis,WA,Truck,0,0,0,25255,25255,0.00
October 31 2023,Multnomah,OR,Passenger,1,2,3,346,349,0.86
December 31 2019,Kootenai,ID,Passenger,1,1,2,227,229,0.87
February 28 2018,Adams,WA,Passenger,5,4,9,12454,12463,0.07
January 31 2019,Franklin,WA,Truck,0,0,0,19123,19123,0.00
October 31 2021,Yakima,WA,Passenger,270,165,435,168802,169237,0.26
December 31 2018,Harnett,NC,Passenger,1,0,1,235,236,0.42
October 31 2023,Oldham,KY,Passenger,0,1,1,3,4,25.00
May 31 2020,Pierce,WA,Passenger,2351,1674,4025,547430,551455,0.73
December 31 2018,Portsmouth,VA,Passenger,0,1,1,81,82,1.22
October 31 2023,Saratoga,NY,Passenger,1,1,2,31,33,6.06
January 31 2021,Okanogan,WA,Truck,0,0,0,16588,16588,0.00
July 31 2021,Pima,AZ,Passenger,2,1,3,289,292,1.03
January 31 2020,Tarrant,TX,Passenger,2,0,2,194,196,1.02
March 31 2023,Newport News,VA,Passenger,1,0,1,100,101,0.99
October 31 2021,Spokane,WA,Truck,0,0,0,102552,102552,0.00
May 31 2022,Yakima,WA,Passenger,325,189,514,167039,167553,0.31
February 28 2018,Saratoga,NY,Passenger,1,1,2,66,68,2.94
June 30 2018,El Paso,CO,Passenger,2,1,3,756,759,0.40
December 31 2021,Clark,WA,Truck,1,0,1,83969,83970,0.00
February 28 2023,Skagit,WA,Truck,13,0,13,32059,32072,0.04
July 31 2019,District of Columbia,DC,Passenger,1,1,2,209,211,0.95
January 31 2019,Orange,CA,Passenger,5,2,7,558,565,1.24
May 31 2019,Skagit,WA,Passenger,292,200,492,91695,92187,0.53
February 28 2023,Portsmouth,VA,Passenger,0,1,1,72,73,1.37
February 28 2019,Prince William,VA,Passenger,0,4,4,255,259,1.54
February 28 2017,New London,CT,Passenger,2,1,3,264,267,1.12
January 31 2022,Orange,NC,Passenger,0,1,1,10,11,9.09
June 30 2017,Madison,ID,Passenger,1,0,1,38,39,2.56
March 31 2020,Randolph,NC,Passenger,1,0,1,8,9,11.11
February 28 2022,Ventura,CA,Passenger,2,2,4,254,258,1.55
June 30 2018,Franklin,WA,Truck,0,0,0,18660,18660,0.00
July 31 2022,Maricopa,AZ,Passenger,7,3,10,949,959,1.04
July 31 2022,Sonoma,CA,Passenger,0,1,1,82,83,1.20
June 30 2021,Skamania,WA,Passenger,44,34,78,8400,8478,0.92
January 31 2023,Harrison,MS,Passenger,1,0,1,36,37,2.70
June 30 2019,Brevard,FL,Passenger,0,1,1,90,91,1.10
September 30 2019,Palm Beach,FL,Passenger,0,1,1,82,83,1.20
January 31 2021,Manassas,VA,Passenger,0,1,1,6,7,14.29
March 31 2021,Douglas,NE,Passenger,1,1,2,53,55,3.64
April 30 2022,Pennington,SD,Passenger,2,0,2,30,32,6.25
July 31 2023,Oldham,KY,Passenger,0,1,1,3,4,25.00
July 31 2023,Saratoga,NY,Passenger,1,1,2,33,35,5.71
December 31 2020,Klickitat,WA,Truck,0,0,0,8086,8086,0.00
July 31 2023,Shasta,CA,Passenger,1,0,1,21,22,4.55
January 31 2018,Volusia,FL,Passenger,0,1,1,37,38,2.63
August 31 2023,Adams,WA,Passenger,25,12,37,12988,13025,0.28
December 31 2018,Cowlitz,WA,Truck,0,0,0,28736,28736,0.00
November 30 2018,Ada,ID,Passenger,0,2,2,322,324,0.62
August 31 2020,Calvert,MD,Passenger,0,2,2,85,87,2.30
October 31 2019,Allegheny,PA,Passenger,1,0,1,83,84,1.19
December 31 2018,Skagit,WA,Passenger,259,187,446,91194,91640,0.49
February 28 2017,Columbia,WA,Passenger,0,1,1,2338,2339,0.04
December 31 2021,Benton,WA,Truck,0,0,0,43696,43696,0.00
July 31 2020,Snohomish,WA,Passenger,4581,1774,6355,535538,541893,1.17
June 30 2020,Loudoun,VA,Passenger,1,0,1,84,85,1.18
September 30 2020,Grant,WA,Passenger,67,80,147,65570,65717,0.22
June 30 2022,Clark,WA,Passenger,4093,1781,5874,316488,322362,1.82
April 30 2019,Wahkiakum,WA,Truck,0,0,0,1733,1733,0.00
April 30 2018,Lincoln,WA,Truck,0,0,0,4530,4530,0.00
February 28 2019,Yakima,WA,Truck,0,0,0,58794,58794,0.00
February 28 2023,Douglas,CO,Passenger,0,1,1,66,67,1.49
June 30 2020,Lewis,WA,Truck,0,0,0,26208,26208,0.00
August 31 2020,Honolulu,HI,Passenger,4,2,6,452,458,1.31
June 30 2021,Calvert,MD,Passenger,0,2,2,88,90,2.22
May 31 2023,Geary,KS,Passenger,1,0,1,68,69,1.45
August 31 2021,Owyhee,ID,Passenger,1,0,1,2,3,33.33
February 28 2023,Ray,MO,Passenger,0,1,1,0,1,100.00
November 30 2022,San Diego,CA,Passenger,20,9,29,2270,2299,1.26
March 31 2020,El Paso,TX,Passenger,3,0,3,447,450,0.67
June 30 2017,Kittitas,WA,Truck,0,0,0,13560,13560,0.00
August 31 2022,Kittitas,WA,Passenger,284,88,372,29596,29968,1.24
March 31 2020,Flathead,MT,Passenger,1,0,1,71,72,1.39
January 31 2021,Boulder,CO,Passenger,1,1,2,47,49,4.08
January 31 2022,Bartow,GA,Passenger,0,1,1,3,4,25.00
May 31 2021,Kitsap,WA,Passenger,1795,832,2627,180355,182982,1.44
August 31 2018,Okanogan,WA,Passenger,10,20,30,26061,26091,0.11
January 31 2019,Clark,NV,Passenger,3,2,5,725,730,0.68
January 31 2022,Montgomery,PA,Passenger,2,0,2,23,25,8.00
July 31 2022,Lincoln,OR,Passenger,0,1,1,23,24,4.17
September 30 2019,Norfolk,MA,Passenger,1,0,1,36,37,2.70
October 31 2023,Larimer,CO,Passenger,1,0,1,21,22,4.55
June 30 2020,Randolph,NC,Passenger,1,0,1,7,8,12.50
July 31 2022,Danville,VA,Passenger,1,0,1,0,1,100.00
March 31 2021,Sacramento,CA,Passenger,2,0,2,248,250,0.80
October 31 2022,Goochland,VA,Passenger,1,2,3,83,86,3.49
July 31 2023,Wahkiakum,WA,Truck,3,0,3,1773,1776,0.17
October 31 2017,New London,CT,Passenger,1,1,2,248,250,0.80
September 30 2018,Cochise,AZ,Passenger,0,1,1,118,119,0.84
July 31 2018,Garfield,OK,Passenger,1,0,1,17,18,5.56
December 31 2019,Wayne,MI,Passenger,0,1,1,61,62,1.61
September 30 2022,Okaloosa,FL,Passenger,0,1,1,99,100,1.00
July 31 2022,Klickitat,WA,Passenger,106,56,162,15191,15353,1.06
June 30 2018,San Diego,CA,Passenger,7,1,8,2587,2595,0.31
February 28 2018,Ferry,WA,Truck,0,0,0,3528,3528,0.00
August 31 2020,Erie,NY,Passenger,1,0,1,46,47,2.13
March 31 2020,Palm Beach,FL,Passenger,0,2,2,79,81,2.47
May 31 2019,Clay,FL,Passenger,0,1,1,85,86,1.16
November 30 2021,Travis,TX,Passenger,5,3,8,137,145,5.52
January 31 2020,Arlington,VA,Passenger,0,2,2,159,161,1.24
February 28 2023,Meade,KY,Passenger,1,0,1,16,17,5.88
August 31 2022,Cook,IL,Passenger,2,0,2,192,194,1.03
November 30 2017,Pinal,AZ,Passenger,2,0,2,225,227,0.88
May 31 2023,Loudoun,VA,Passenger,2,0,2,56,58,3.45
July 31 2021,Platte,MO,Passenger,1,0,1,19,20,5.00
March 31 2017,Pinal,AZ,Passenger,2,0,2,264,266,0.75
November 30 2019,Sedgwick,KS,Passenger,1,1,2,100,102,1.96
February 28 2021,Milwaukee,WI,Passenger,1,0,1,44,45,2.22
November 30 2022,Eagle,CO,Passenger,1,0,1,9,10,10.00
July 31 2020,Cowlitz,WA,Passenger,146,117,263,72222,72485,0.36
January 31 2020,Kitsap,WA,Passenger,1257,656,1913,182405,184318,1.04
March 31 2023,Skagit,WA,Passenger,1024,382,1406,89160,90566,1.55
August 31 2018,Juneau,AK,Passenger,0,1,1,43,44,2.27
November 30 2018,Rogers,OK,Passenger,1,0,1,6,7,14.29
September 30 2017,Kittitas,WA,Passenger,33,21,54,27989,28043,0.19
December 31 2019,El Paso,CO,Passenger,2,2,4,748,752,0.53
July 31 2022,Spokane,WA,Truck,8,0,8,101976,101984,0.01
September 30 2018,Pacific,WA,Truck,0,0,0,7630,7630,0.00
December 31 2020,Clallam,WA,Truck,1,0,1,21826,21827,0.00
October 31 2022,Portsmouth,VA,Passenger,0,1,1,82,83,1.20
August 31 2022,St. Clair,IL,Passenger,2,0,2,112,114,1.75
September 30 2023,Alexandria,VA,Passenger,3,1,4,78,82,4.88
April 30 2020,Sumter,FL,Passenger,0,1,1,9,10,10.00
April 30 2021,Grays Harbor,WA,Passenger,156,134,290,49353,49643,0.58
September 30 2021,Mason,WA,Passenger,239,151,390,47975,48365,0.81
May 31 2019,Walla Walla,WA,Truck,0,0,0,13611,13611,0.00
September 30 2023,Norfolk,VA,Passenger,1,2,3,251,254,1.18
December 31 2018,Dakota,MN,Passenger,0,2,2,35,37,5.41
February 28 2019,Tulsa,OK,Passenger,1,1,2,51,53,3.77
June 30 2019,Fairfax,VA,Passenger,4,2,6,777,783,0.77
June 30 2019,Deschutes,OR,Passenger,3,0,3,160,163,1.84
October 31 2020,Washington,OR,Passenger,1,0,1,428,429,0.23
March 31 2023,,,Passenger,2,0,2,255,257,0.78
October 31 2023,Solano,CA,Passenger,5,0,5,126,131,3.82
February 28 2022,San Joaquin,CA,Passenger,1,1,2,96,98,2.04
February 29 2020,Bucks,PA,Passenger,1,0,1,21,22,4.55
August 31 2022,Eau Claire,WI,Passenger,1,0,1,1,2,50.00
August 31 2022,Chelan,WA,Truck,5,0,5,23059,23064,0.02
August 31 2022,Wahkiakum,WA,Truck,1,0,1,1800,1801,0.06
April 30 2017,Whatcom,WA,Truck,2,0,2,41449,41451,0.00
March 31 2022,Jefferson,WA,Truck,0,0,0,9545,9545,0.00
June 30 2017,Walla Walla,WA,Truck,0,0,0,13206,13206,0.00
November 30 2021,Klamath,OR,Passenger,1,0,1,31,32,3.12
March 31 2017,Collier,FL,Passenger,1,0,1,20,21,4.76
June 30 2023,Thurston,WA,Truck,60,0,60,53960,54020,0.11
July 31 2022,Norfolk,VA,Passenger,2,3,5,290,295,1.69
June 30 2021,Charles,MD,Passenger,1,1,2,73,75,2.67
May 31 2022,Charles,MD,Passenger,1,1,2,58,60,3.33
April 30 2017,Pinal,AZ,Passenger,2,0,2,256,258,0.78
December 31 2017,Frederick,MD,Passenger,0,1,1,90,91,1.10
April 30 2018,Hardin,KY,Passenger,0,1,1,115,116,0.86
May 31 2017,Juneau,AK,Passenger,0,1,1,47,48,2.08
February 28 2023,Larimer,CO,Passenger,1,0,1,35,36,2.78
May 31 2017,Sumter,FL,Passenger,0,1,1,10,11,9.09
November 30 2017,Whatcom,WA,Passenger,524,214,738,144638,145376,0.51
September 30 2017,Bexar,TX,Passenger,1,1,2,841,843,0.24
December 31 2018,Mecklenburg,NC,Passenger,1,0,1,81,82,1.22
November 30 2022,El Paso,CO,Passenger,3,2,5,555,560,0.89
October 31 2019,Stevens,WA,Truck,0,0,0,18771,18771,0.00
December 31 2021,Allegheny,PA,Passenger,1,1,2,63,65,3.08
February 28 2021,Wahkiakum,WA,Truck,0,0,0,1782,1782,0.00
February 29 2020,Dakota,MN,Passenger,0,1,1,32,33,3.03
June 30 2023,Collin,TX,Passenger,2,0,2,40,42,4.76
July 31 2022,Sumter,SC,Passenger,0,1,1,32,33,3.03
September 30 2022,Fairfax,VA,Truck,1,0,1,106,107,0.93
October 31 2020,Jefferson,WA,Passenger,260,151,411,24716,25127,1.64
January 31 2017,Canyon,ID,Passenger,0,1,1,119,120,0.83
October 31 2020,Spartanburg,SC,Passenger,0,1,1,52,53,1.89
June 30 2017,Pinal,AZ,Passenger,2,0,2,245,247,0.81
September 30 2022,Sedgwick,KS,Passenger,1,1,2,70,72,2.78
April 30 2022,Yavapai,AZ,Passenger,0,1,1,31,32,3.12
June 30 2017,Franklin,MA,Passenger,0,1,1,4,5,20.00
August 31 2021,Rockdale,GA,Passenger,1,0,1,7,8,12.50
April 30 2021,Stevens,WA,Passenger,40,43,83,30569,30652,0.27
August 31 2022,Walla Walla,WA,Passenger,179,103,282,35812,36094,0.78
August 31 2018,New London,CT,Passenger,0,1,1,253,254,0.39
November 30 2021,Klickitat,WA,Truck,0,0,0,8329,8329,0.00
July 31 2020,Contra Costa,CA,Passenger,4,3,7,302,309,2.27
December 31 2018,Prince George's,MD,Passenger,1,1,2,184,186,1.08
September 30 2019,Alexandria,VA,Passenger,1,0,1,144,145,0.69
April 30 2020,San Joaquin,CA,Passenger,1,0,1,133,134,0.75
April 30 2020,Maui,HI,Passenger,2,0,2,36,38,5.26
December 31 2021,Anchorage,AK,Passenger,2,0,2,136,138,1.45
May 31 2023,Hamilton,OH,Passenger,1,0,1,30,31,3.23
January 31 2022,Boone,MO,Passenger,0,1,1,9,10,10.00
June 30 2020,Ferry,WA,Passenger,5,3,8,4331,4339,0.18
December 31 2021,Los Angeles,CA,Passenger,7,7,14,865,879,1.59
June 30 2021,Boone,MO,Passenger,0,1,1,9,10,10.00
December 31 2020,Henrico,VA,Passenger,0,1,1,17,18,5.56
October 31 2022,Cumberland,PA,Passenger,1,0,1,40,41,2.44
June 30 2022,Williamsburg,VA,Passenger,0,1,1,7,8,12.50
August 31 2018,Wahkiakum,WA,Passenger,1,1,2,2959,2961,0.07
August 31 2017,Lincoln,WA,Truck,0,0,0,4455,4455,0.00
February 28 2017,Asotin,WA,Truck,0,0,0,6474,6474,0.00
March 31 2022,Bexar,TX,Passenger,4,4,8,490,498,1.61
January 31 2022,Charles,MD,Passenger,1,1,2,68,70,2.86
December 31 2019,Charleston,SC,Passenger,1,0,1,112,113,0.88
August 31 2017,King,WA,Passenger,10437,4267,14704,1372253,1386957,1.06
February 28 2018,Kittitas,WA,Truck,0,0,0,13947,13947,0.00
July 31 2023,Jefferson,WA,Truck,12,0,12,9296,9308,0.13
March 31 2023,Escambia,FL,Passenger,0,1,1,126,127,0.79
April 30 2019,Pacific,WA,Passenger,23,28,51,15917,15968,0.32
June 30 2023,Whitman,WA,Truck,4,0,4,8607,8611,0.05
October 31 2020,Pend Oreille,WA,Passenger,8,4,12,9155,9167,0.13
September 30 2022,Platte,MO,Passenger,1,0,1,25,26,3.85
July 31 2018,Prince George,VA,Passenger,0,1,1,77,78,1.28
December 31 2019,Carson City,NV,Passenger,1,0,1,10,11,9.09
September 30 2022,Napa,CA,Passenger,0,1,1,12,13,7.69
April 30 2021,St. Louis,MO,Passenger,1,0,1,92,93,1.08
May 31 2023,Pacific,WA,Truck,3,0,3,7848,7851,0.04
July 31 2019,Denver,CO,Passenger,1,0,1,124,125,0.80
May 31 2021,Skamania,WA,Truck,0,0,0,4028,4028,0.00
May 31 2018,New London,CT,Passenger,0,1,1,252,253,0.40
October 31 2020,Adams,WA,Passenger,8,7,15,12932,12947,0.12
September 30 2020,Portsmouth,VA,Passenger,0,1,1,74,75,1.33
May 31 2018,Hawaii,HI,Passenger,1,0,1,76,77,1.30
November 30 2020,Kitsap,WA,Passenger,1520,736,2256,179721,181977,1.24
August 31 2021,Garfield,WA,Truck,0,0,0,1002,1002,0.00
March 31 2021,Orange,CA,Passenger,4,3,7,467,474,1.48
February 28 2018,Contra Costa,CA,Passenger,0,1,1,463,464,0.22
April 30 2019,New London,CT,Passenger,0,2,2,250,252,0.79
September 30 2020,Ada,ID,Passenger,0,1,1,263,264,0.38
April 30 2022,Houston,GA,Passenger,1,0,1,36,37,2.70
June 30 2021,El Dorado,CA,Passenger,1,0,1,34,35,2.86
March 31 2018,DeKalb,GA,Passenger,1,0,1,84,85,1.18
January 31 2022,Charleston,SC,Passenger,2,1,3,77,80,3.75
November 30 2023,Camden,NJ,Passenger,0,1,1,11,12,8.33
November 30 2021,Kitsap,WA,Passenger,2080,940,3020,180341,183361,1.65
May 31 2020,San Mateo,CA,Passenger,0,1,1,122,123,0.81
January 31 2020,Portsmouth,VA,Passenger,0,1,1,80,81,1.23
February 28 2021,Palm Beach,FL,Passenger,0,1,1,75,76,1.32
August 31 2022,District of Columbia,DC,Passenger,3,0,3,164,167,1.80
March 31 2018,Walla Walla,WA,Truck,0,0,0,13311,13311,0.00
June 30 2019,King,WA,Passenger,19077,7013,26090,1388970,1415060,1.84
September 30 2023,Mobile,AL,Passenger,1,0,1,23,24,4.17
January 31 2020,Sedgwick,KS,Passenger,1,1,2,99,101,1.98
July 31 2021,Fairbanks North Star,AK,Passenger,0,1,1,85,86,1.16
December 31 2021,Franklin,WA,Passenger,162,104,266,62288,62554,0.43
September 30 2021,Orange,CA,Passenger,5,2,7,427,434,1.61
June 30 2023,Wahkiakum,WA,Passenger,27,17,44,3035,3079,1.43
August 31 2021,Klickitat,WA,Truck,0,0,0,8325,8325,0.00
October 31 2021,Skamania,WA,Truck,0,0,0,4016,4016,0.00
July 31 2021,Clark,NV,Passenger,5,2,7,621,628,1.11
April 30 2019,San Joaquin,CA,Passenger,1,0,1,137,138,0.72
February 28 2018,Caddo,LA,Passenger,0,1,1,22,23,4.35
November 30 2023,Whatcom,WA,Passenger,2828,995,3823,142821,146644,2.61
June 30 2020,Island,WA,Truck,1,0,1,21195,21196,0.00
August 31 2019,Garfield,WA,Truck,0,0,0,958,958,0.00
March 31 2017,Lincoln,WA,Passenger,2,4,6,7506,7512,0.08
March 31 2023,Clallam,WA,Truck,17,0,17,21773,21790,0.08
May 31 2018,Palm Beach,FL,Passenger,0,1,1,82,83,1.20
May 31 2021,Erie,NY,Passenger,1,0,1,41,42,2.38
August 31 2019,Oldham,KY,Passenger,0,1,1,5,6,16.67
April 30 2021,Whatcom,WA,Passenger,1355,582,1937,151113,153050,1.27
May 31 2019,Placer,CA,Passenger,1,0,1,109,110,0.91
November 30 2023,Pierce,WA,Truck,217,0,217,130116,130333,0.17
March 31 2019,Kern,CA,Passenger,0,1,1,224,225,0.44
September 30 2023,Stevens,WA,Truck,2,0,2,18537,18539,0.01
May 31 2023,Douglas,WA,Truck,7,0,7,12968,12975,0.05
January 31 2020,Hennepin,MN,Passenger,3,1,4,101,105,3.81
September 30 2023,San Juan,WA,Truck,17,0,17,5853,5870,0.29
January 31 2021,Okaloosa,FL,Passenger,0,1,1,144,145,0.69
January 31 2020,Suffolk,MA,Passenger,0,1,1,37,38,2.63
April 30 2021,Alexandria,VA,Passenger,2,0,2,133,135,1.48
May 31 2023,Essex,NJ,Passenger,2,0,2,6,8,25.00
July 31 2018,Mercer,NJ,Passenger,0,1,1,21,22,4.55
November 30 2020,Queens,NY,Passenger,1,0,1,55,56,1.79
May 31 2017,Collier,FL,Passenger,1,0,1,21,22,4.55
June 30 2020,Virginia Beach,VA,Passenger,1,0,1,673,674,0.15
September 30 2019,Grays Harbor,WA,Passenger,89,89,178,48092,48270,0.37
November 30 2019,Mason,WA,Passenger,140,130,270,47601,47871,0.56
April 30 2022,Okanogan,WA,Passenger,79,48,127,26459,26586,0.48
May 31 2020,Island,WA,Passenger,409,271,680,62761,63441,1.07
February 28 2022,Charleston,SC,Passenger,2,1,3,76,79,3.80
April 30 2021,Flathead,MT,Passenger,1,0,1,51,52,1.92
July 31 2020,Skagit,WA,Passenger,423,223,646,91303,91949,0.70
August 31 2019,Skagit,WA,Truck,1,0,1,32551,32552,0.00
May 31 2023,Adams,WA,Truck,2,0,2,5339,5341,0.04
July 31 2022,Walla Walla,WA,Truck,1,0,1,13915,13916,0.01
July 31 2023,Hardin,KY,Passenger,1,0,1,55,56,1.79
January 31 2020,Berkshire,MA,Passenger,0,1,1,5,6,16.67
October 31 2023,Pierce,WA,Passenger,8852,3047,11899,517740,529639,2.25
April 30 2021,Orange,CA,Passenger,4,3,7,461,468,1.50
July 31 2022,Riverside,CA,Passenger,7,1,8,451,459,1.74
March 31 2019,Penobscot,ME,Passenger,0,1,1,14,15,6.67
February 29 2020,Santa Clara,CA,Passenger,7,2,9,346,355,2.54
November 30 2020,Arapahoe,CO,Passenger,1,0,1,129,130,0.77
July 31 2018,New Haven,CT,Passenger,0,1,1,48,49,2.04
January 31 2021,Honolulu,HI,Passenger,5,2,7,439,446,1.57
August 31 2020,Placer,CA,Passenger,2,0,2,91,93,2.15
June 30 2020,Lake,IL,Passenger,1,0,1,170,171,0.58
November 30 2018,Monterey,CA,Passenger,0,1,1,190,191,0.52
June 30 2023,Harford,MD,Passenger,1,1,2,44,46,4.35
March 31 2019,Dakota,MN,Passenger,0,2,2,35,37,5.41
December 31 2021,Erie,NY,Passenger,1,0,1,33,34,2.94
February 28 2023,Williamsburg,VA,Passenger,0,1,1,8,9,11.11
July 31 2021,Randolph,NC,Passenger,1,0,1,6,7,14.29
February 28 2017,Clark,WA,Passenger,695,434,1129,297931,299060,0.38
November 30 2019,Whatcom,WA,Truck,2,0,2,43149,43151,0.00
October 31 2022,Clark,WA,Truck,31,0,31,82107,82138,0.04
June 30 2018,Franklin,WA,Passenger,39,66,105,57855,57960,0.18
July 31 2022,Lake,IL,Passenger,2,0,2,138,140,1.43
December 31 2020,Whitman,WA,Passenger,51,44,95,21894,21989,0.43
March 31 2023,Arapahoe,CO,Passenger,1,1,2,78,80,2.50
May 31 2021,Arapahoe,CO,Passenger,1,0,1,121,122,0.82
September 30 2017,Spokane,WA,Passenger,276,229,505,298130,298635,0.17
February 28 2018,Jefferson,WA,Truck,0,0,0,9509,9509,0.00
September 30 2017,King,WA,Truck,7,1,8,186346,186354,0.00
November 30 2018,Houston,GA,Passenger,1,0,1,51,52,1.92
June 30 2020,Portsmouth,VA,Passenger,0,1,1,75,76,1.32
July 31 2023,Harford,MD,Passenger,1,1,2,43,45,4.44
September 30 2022,Ulster,NY,Passenger,1,0,1,10,11,9.09
November 30 2023,Collier,FL,Passenger,1,0,1,10,11,9.09
May 31 2021,Pennington,SD,Passenger,1,0,1,32,33,3.03
October 31 2017,Asotin,WA,Passenger,7,5,12,12476,12488,0.10
June 30 2020,New London,CT,Passenger,1,2,3,243,246,1.22
November 30 2023,Clark,WA,Truck,133,0,133,78137,78270,0.17
January 31 2020,Douglas,NE,Passenger,0,1,1,58,59,1.69
July 31 2022,Portsmouth,VA,Passenger,0,1,1,83,84,1.19
March 31 2018,Franklin,MA,Passenger,0,1,1,2,3,33.33
June 30 2022,Danville,VA,Passenger,1,0,1,0,1,100.00
April 30 2018,Skamania,WA,Truck,0,0,0,3923,3923,0.00
November 30 2021,Leavenworth,KS,Passenger,0,1,1,112,113,0.88
October 31 2021,Baltimore,MD,Passenger,1,0,1,89,90,1.11
November 30 2017,Grays Harbor,WA,Passenger,42,41,83,45579,45662,0.18
July 31 2017,Fulton,GA,Passenger,1,0,1,112,113,0.88
March 31 2020,Stafford,VA,Passenger,1,1,2,90,92,2.17
July 31 2020,Washoe,NV,Passenger,1,0,1,108,109,0.92
January 31 2023,Middlesex,MA,Passenger,2,1,3,67,70,4.29
July 31 2019,Norfolk,MA,Passenger,1,0,1,38,39,2.56
May 31 2021,Sumter,SC,Passenger,0,1,1,35,36,2.78
February 28 2021,Greene,MO,Passenger,0,1,1,36,37,2.70
October 31 2018,Lumpkin,GA,Passenger,1,0,1,7,8,12.50
January 31 2019,Lincoln,WA,Passenger,2,5,7,7755,7762,0.09
March 31 2023,Kitsap,WA,Passenger,2962,1198,4160,176557,180717,2.30
January 31 2020,Santa Clara,CA,Passenger,7,2,9,354,363,2.48
January 31 2019,Alameda,CA,Passenger,0,2,2,321,323,0.62
November 30 2018,Volusia,FL,Passenger,0,1,1,39,40,2.50
February 29 2020,Shelby,OH,Passenger,0,1,1,1,2,50.00
November 30 2021,Kittitas,WA,Passenger,196,75,271,29835,30106,0.90
May 31 2022,Los Angeles,CA,Passenger,7,8,15,810,825,1.82
March 31 2018,Island,WA,Passenger,175,179,354,62034,62388,0.57
February 28 2023,Lewis,WA,Truck,4,0,4,26214,26218,0.02
February 28 2022,Kings,CA,Passenger,2,1,3,323,326,0.92
July 31 2022,Lewis,WA,Passenger,245,177,422,59672,60094,0.70
June 30 2018,Lincoln,WA,Passenger,2,6,8,7685,7693,0.10
March 31 2023,Los Angeles,CA,Passenger,6,5,11,662,673,1.63
July 31 2018,Morris,NJ,Passenger,1,0,1,16,17,5.88
July 31 2021,Milwaukee,WI,Passenger,1,0,1,42,43,2.33
November 30 2022,Salt Lake,UT,Passenger,1,1,2,120,122,1.64
October 31 2023,Moore,NC,Passenger,0,1,1,97,98,1.02
September 30 2019,Sumter,FL,Passenger,0,1,1,9,10,10.00
February 28 2019,Valencia,NM,Passenger,1,0,1,11,12,8.33
June 30 2023,Eagle,CO,Passenger,1,0,1,8,9,11.11
November 30 2021,Wilson,NC,Passenger,1,0,1,0,1,100.00
November 30 2022,Franklin,WA,Passenger,246,117,363,61742,62105,0.58
September 30 2018,Whatcom,WA,Truck,2,0,2,42433,42435,0.00
March 31 2022,Orange,CA,Passenger,4,3,7,395,402,1.74
March 31 2023,Clallam,WA,Passenger,508,276,784,49244,50028,1.57
October 31 2021,Kitsap,WA,Truck,0,0,0,54219,54219,0.00
July 31 2017,Ferry,WA,Truck,0,0,0,3528,3528,0.00
January 31 2020,Virginia Beach,VA,Passenger,1,0,1,700,701,0.14
June 30 2020,Lewis,WA,Passenger,102,111,213,58167,58380,0.36
December 31 2017,El Paso,CO,Passenger,2,0,2,765,767,0.26
January 31 2022,Ferry,WA,Passenger,14,3,17,4434,4451,0.38
November 30 2022,Douglas,WA,Passenger,162,58,220,28495,28715,0.77
August 31 2017,Tarrant,TX,Passenger,1,0,1,237,238,0.42
October 31 2017,Clay,FL,Passenger,0,1,1,110,111,0.90
November 30 2021,Stafford,VA,Passenger,2,1,3,99,102,2.94
July 31 2022,Benton,WA,Passenger,779,462,1241,135257,136498,0.91
June 30 2020,Lincoln,WA,Passenger,5,12,17,7624,7641,0.22
January 31 2019,Lewis,WA,Passenger,95,82,177,58362,58539,0.30
September 30 2017,Kent,MI,Passenger,0,1,1,36,37,2.70
February 28 2019,Jefferson,CO,Passenger,0,2,2,62,64,3.12
September 30 2022,King,WA,Passenger,43477,11784,55261,1344078,1399339,3.95
January 31 2020,Kern,CA,Passenger,0,1,1,225,226,0.44
February 28 2018,Garfield,WA,Passenger,1,0,1,1323,1324,0.08
March 31 2017,Riverside,CA,Passenger,1,1,2,825,827,0.24
August 31 2020,Vigo,IN,Passenger,1,0,1,5,6,16.67
April 30 2019,Jefferson,WA,Passenger,187,118,305,24897,25202,1.21
March 31 2022,Calvert,MD,Passenger,0,2,2,75,77,2.60
February 28 2022,San Mateo,CA,Passenger,2,0,2,85,87,2.30
November 30 2020,Monterey,CA,Passenger,0,1,1,156,157,0.64
March 31 2017,Howard,MD,Passenger,0,2,2,91,93,2.15
March 31 2022,Pennington,SD,Passenger,2,0,2,30,32,6.25
April 30 2020,Yakima,WA,Truck,0,0,0,59512,59512,0.00
March 31 2018,Wahkiakum,WA,Passenger,1,2,3,2871,2874,0.10
September 30 2017,Spokane,WA,Truck,1,0,1,91165,91166,0.00
February 28 2022,St. Mary's,MD,Passenger,1,0,1,206,207,0.48
March 31 2023,Island,WA,Truck,24,0,24,21071,21095,0.11
February 28 2017,San Mateo,CA,Passenger,0,1,1,166,167,0.60
December 31 2017,Orange,CA,Passenger,3,1,4,595,599,0.67
June 30 2019,Adams,WA,Passenger,5,6,11,12755,12766,0.09
February 28 2018,Northampton,PA,Passenger,0,1,1,61,62,1.61
July 31 2023,Vernon,LA,Passenger,1,0,1,71,72,1.39
October 31 2020,Montgomery,TX,Passenger,1,0,1,52,53,1.89
December 31 2021,Klamath,OR,Passenger,1,0,1,31,32,3.12
October 31 2020,Albemarle,VA,Passenger,1,0,1,22,23,4.35
June 30 2017,Twin Falls,ID,Passenger,0,1,1,24,25,4.00
July 31 2023,Boulder,CO,Passenger,2,0,2,30,32,6.25
December 31 2018,Lake,CA,Passenger,0,1,1,11,12,8.33
November 30 2022,Randolph,NC,Passenger,1,0,1,5,6,16.67
September 30 2017,Clark,NV,Passenger,2,2,4,779,783,0.51
April 30 2017,Lee,AL,Passenger,1,0,1,35,36,2.78
March 31 2021,Multnomah,OR,Passenger,3,5,8,680,688,1.16
June 30 2018,Santa Clara,CA,Passenger,7,0,7,381,388,1.80
January 31 2021,Collin,TX,Passenger,2,1,3,120,123,2.44
January 31 2019,Adams,WA,Truck,0,0,0,5141,5141,0.00
November 30 2019,Walla Walla,WA,Passenger,64,61,125,36280,36405,0.34
May 31 2019,Volusia,FL,Passenger,0,1,1,41,42,2.38
August 31 2020,Hillsborough,FL,Passenger,0,1,1,171,172,0.58
November 30 2021,Prince George's,MD,Passenger,2,1,3,149,152,1.97
April 30 2019,Maui,HI,Passenger,2,0,2,47,49,4.08
February 28 2018,Fulton,GA,Passenger,1,0,1,104,105,0.95
June 30 2018,Dakota,MN,Passenger,0,2,2,40,42,4.76
September 30 2018,DeKalb,GA,Passenger,1,0,1,81,82,1.22
August 31 2018,Essex,NJ,Passenger,1,0,1,13,14,7.14
September 30 2023,Anchorage,AK,Passenger,1,0,1,84,85,1.18
March 31 2019,Gwinnett,GA,Passenger,0,1,1,79,80,1.25
April 30 2022,Meade,KY,Passenger,1,0,1,21,22,4.55
October 31 2021,Ventura,CA,Passenger,2,2,4,265,269,1.49
June 30 2023,Virginia Beach,VA,Passenger,4,1,5,425,430,1.16
February 28 2023,Lincoln,WA,Truck,0,0,0,4841,4841,0.00
April 30 2020,Skagit,WA,Passenger,397,215,612,91477,92089,0.66
September 30 2022,Cowlitz,WA,Truck,3,0,3,28448,28451,0.01
November 30 2019,DeKalb,GA,Passenger,1,0,1,86,87,1.15
May 31 2018,Santa Fe,NM,Passenger,0,1,1,43,44,2.27
October 31 2023,Newport News,VA,Passenger,1,0,1,85,86,1.16
February 28 2023,Hamilton,OH,Passenger,1,0,1,30,31,3.23
May 31 2021,Shelby,OH,Passenger,0,1,1,1,2,50.00
February 28 2021,Wahkiakum,WA,Passenger,8,6,14,3044,3058,0.46
October 31 2020,Virginia Beach,VA,Passenger,1,0,1,654,655,0.15
July 31 2020,Mason,WA,Passenger,160,134,294,47366,47660,0.62
December 31 2019,Benton,WA,Passenger,314,308,622,135223,135845,0.46
March 31 2020,Pinellas,FL,Passenger,1,1,2,115,117,1.71
November 30 2022,Spokane,WA,Truck,18,0,18,101859,101877,0.02
June 30 2021,St. Louis,MO,Passenger,1,0,1,85,86,1.16
November 30 2021,Lane,OR,Passenger,0,2,2,117,119,1.68
July 31 2022,Collier,FL,Passenger,1,0,1,14,15,6.67
August 31 2018,Santa Fe,NM,Passenger,0,1,1,46,47,2.13
March 31 2023,Rock Island,IL,Passenger,0,1,1,11,12,8.33
August 31 2022,Marin,CA,Passenger,0,1,1,31,32,3.12
May 31 2023,Jackson,OK,Passenger,0,1,1,29,30,3.33
May 31 2017,Grays Harbor,WA,Passenger,31,30,61,44513,44574,0.14
July 31 2018,Lewis,WA,Truck,0,0,0,25582,25582,0.00
October 31 2018,Kitsap,WA,Truck,1,0,1,53619,53620,0.00
January 31 2022,St. Louis,MO,Passenger,1,0,1,76,77,1.30
October 31 2022,York,VA,Passenger,1,0,1,84,85,1.18
May 31 2020,Alexandria,VA,Passenger,1,0,1,138,139,0.72
August 31 2019,Camden,NJ,Passenger,0,1,1,24,25,4.00
March 31 2019,Goochland,VA,Passenger,1,1,2,249,251,0.80
November 30 2017,Prince William,VA,Passenger,0,3,3,270,273,1.10
January 31 2019,Honolulu,HI,Passenger,1,3,4,524,528,0.76
October 31 2022,Moore,NC,Passenger,0,1,1,112,113,0.88
April 30 2018,Benton,WA,Passenger,178,188,366,130941,131307,0.28
October 31 2017,Franklin,WA,Passenger,31,49,80,56506,56586,0.14
May 31 2021,Jefferson,NY,Passenger,0,1,1,211,212,0.47
January 31 2018,Jefferson,NY,Passenger,1,0,1,229,230,0.43
March 31 2017,Cascade,MT,Passenger,0,1,1,61,62,1.61
February 28 2018,Manatee,FL,Passenger,1,0,1,39,40,2.50
December 31 2022,Sumter,SC,Passenger,0,1,1,32,33,3.03
February 28 2021,Juneau,AK,Passenger,0,1,1,24,25,4.00
December 31 2021,Spokane,WA,Truck,0,0,0,102750,102750,0.00
August 31 2019,Volusia,FL,Passenger,0,1,1,41,42,2.38
December 31 2022,Harnett,NC,Passenger,2,0,2,145,147,1.36
March 31 2021,Whatcom,WA,Truck,4,0,4,43777,43781,0.01
September 30 2022,Skagit,WA,Truck,6,0,6,32202,32208,0.02
July 31 2022,Allegheny,PA,Passenger,1,1,2,59,61,3.28
June 30 2022,Howard,MD,Passenger,0,2,2,59,61,3.28
January 31 2022,Owyhee,ID,Passenger,1,0,1,2,3,33.33
September 30 2022,Bartow,GA,Passenger,0,1,1,3,4,25.00
October 31 2023,Garfield,WA,Truck,0,0,0,954,954,0.00
March 31 2023,Grant,WA,Truck,8,0,8,28092,28100,0.03
November 30 2019,Jefferson,WA,Truck,0,0,0,9653,9653,0.00
January 31 2019,Harnett,NC,Passenger,1,0,1,228,229,0.44
February 28 2019,Howard,MD,Passenger,0,1,1,84,85,1.18
March 31 2023,Lake,IL,Passenger,1,0,1,124,125,0.80
September 30 2022,Essex,NJ,Passenger,2,0,2,11,13,15.38
August 31 2017,Collier,FL,Passenger,1,0,1,23,24,4.17
March 31 2020,Yakima,WA,Truck,0,0,0,59592,59592,0.00
January 31 2022,San Juan,WA,Passenger,482,151,633,14167,14800,4.28
November 30 2021,Honolulu,HI,Passenger,4,3,7,384,391,1.79
June 30 2022,El Paso,CO,Passenger,3,1,4,615,619,0.65
January 31 2021,Albemarle,VA,Passenger,1,0,1,23,24,4.17
May 31 2019,St. Lucie,FL,Passenger,1,0,1,29,30,3.33
January 31 2018,Skamania,WA,Passenger,11,8,19,8607,8626,0.22
October 31 2019,Denver,CO,Passenger,1,0,1,128,129,0.78
August 31 2020,Utah,UT,Passenger,0,1,1,134,135,0.74
February 28 2019,Cumberland,NC,Passenger,0,2,2,521,523,0.38
June 30 2020,Allegheny,PA,Passenger,1,0,1,77,78,1.28
May 31 2021,Klamath,OR,Passenger,1,0,1,34,35,2.86
November 30 2019,DuPage,IL,Passenger,3,0,3,65,68,4.41
August 31 2022,Juneau,AK,Passenger,0,1,1,27,28,3.57
May 31 2020,Juneau,AK,Passenger,0,2,2,27,29,6.90
November 30 2017,Sumter,FL,Passenger,0,1,1,10,11,9.09
March 31 2018,Pierce,WA,Passenger,1126,1053,2179,527809,529988,0.41
April 30 2017,San Juan,WA,Truck,0,0,0,5550,5550,0.00
December 31 2021,Asotin,WA,Truck,0,0,0,6751,6751,0.00
April 30 2019,Whitman,WA,Truck,0,0,0,8519,8519,0.00
June 30 2020,Arapahoe,CO,Passenger,1,0,1,133,134,0.75
August 31 2017,Santa Clara,CA,Passenger,5,2,7,398,405,1.73
March 31 2023,Kittitas,WA,Passenger,326,94,420,29469,29889,1.41
April 30 2021,Harrison,MS,Passenger,2,0,2,52,54,3.70
March 31 2023,Plaquemines,LA,Passenger,1,1,2,17,19,10.53
September 30 2018,DuPage,IL,Passenger,1,0,1,59,60,1.67
June 30 2022,Lewis,WA,Truck,0,0,0,26401,26401,0.00
August 31 2023,Asotin,WA,Passenger,39,24,63,12325,12388,0.51
May 31 2017,Latah,ID,Passenger,0,1,1,112,113,0.88
February 28 2017,Skagit,WA,Truck,1,0,1,31404,31405,0.00
August 31 2018,Whitman,WA,Truck,0,0,0,8508,8508,0.00
July 31 2019,Montgomery,PA,Passenger,2,0,2,37,39,5.13
January 31 2022,Frederick,MD,Passenger,1,1,2,72,74,2.70
November 30 2020,Frederick,MD,Passenger,1,1,2,74,76,2.63
November 30 2017,Nantucket,MA,Passenger,1,0,1,3,4,25.00
September 30 2021,Philadelphia,PA,Passenger,1,0,1,48,49,2.04
October 31 2022,Walla Walla,WA,Truck,3,0,3,13944,13947,0.02
November 30 2017,San Juan,WA,Passenger,126,41,167,13785,13952,1.20
July 31 2023,Wahkiakum,WA,Passenger,27,17,44,3021,3065,1.44
June 30 2017,Snohomish,WA,Passenger,1793,902,2695,513138,515833,0.52
June 30 2021,Thurston,WA,Truck,0,0,0,56555,56555,0.00
February 28 2022,Travis,TX,Passenger,3,0,3,127,130,2.31
September 30 2022,Fairbanks North Star,AK,Passenger,0,1,1,68,69,1.45
September 30 2019,Jefferson,CO,Passenger,0,2,2,61,63,3.17
September 30 2017,Sangamon,IL,Passenger,1,0,1,11,12,8.33
April 30 2022,Marin,CA,Passenger,0,1,1,34,35,2.86
November 30 2019,Chesapeake,VA,Passenger,0,1,1,438,439,0.23
June 30 2019,Goochland,VA,Passenger,1,1,2,258,260,0.77
August 31 2020,Skagit,WA,Truck,1,0,1,32632,32633,0.00
May 31 2020,Hillsborough,FL,Passenger,0,1,1,181,182,0.55
June 30 2019,Pacific,WA,Truck,0,0,0,7650,7650,0.00
September 30 2020,Fairfax,VA,Passenger,5,3,8,736,744,1.08
October 31 2020,Montgomery,OH,Passenger,0,1,1,49,50,2.00
August 31 2022,Grays Harbor,WA,Truck,2,0,2,21199,21201,0.01
March 31 2022,Lane,OR,Passenger,0,2,2,110,112,1.79
March 31 2020,Jefferson,CO,Passenger,0,1,1,59,60,1.67
March 31 2018,Gwinnett,GA,Passenger,0,1,1,82,83,1.20
August 31 2021,Sumter,SC,Passenger,0,1,1,33,34,2.94
June 30 2019,Suffolk,MA,Passenger,0,1,1,40,41,2.44
December 31 2018,Carson City,NV,Passenger,1,0,1,15,16,6.25
December 31 2019,Thurston,WA,Truck,0,0,0,55725,55725,0.00
March 31 2018,Lincoln,WA,Passenger,2,5,7,7578,7585,0.09
March 31 2022,Klickitat,WA,Truck,0,0,0,8306,8306,0.00
November 30 2023,Charles,MD,Passenger,1,1,2,47,49,4.08
September 30 2017,Douglas,WA,Passenger,35,29,64,26928,26992,0.24
June 30 2022,Hamilton,OH,Passenger,1,0,1,33,34,2.94
September 30 2021,Carroll,MD,Passenger,0,1,1,18,19,5.26
February 28 2019,Nantucket,MA,Passenger,1,0,1,4,5,20.00
October 31 2020,Honolulu,HI,Passenger,5,2,7,451,458,1.53
February 28 2022,Stevens,WA,Passenger,58,47,105,30081,30186,0.35
August 31 2017,Clark,NV,Passenger,2,2,4,801,805,0.50
May 31 2021,Plaquemines,LA,Passenger,0,1,1,16,17,5.88
December 31 2022,Carroll,NH,Passenger,0,1,1,5,6,16.67
October 31 2021,Frederick,MD,Passenger,1,1,2,73,75,2.67
September 30 2023,Wilson,TX,Passenger,0,1,1,3,4,25.00
January 31 2021,Pierce,WA,Truck,0,0,0,144842,144842,0.00
May 31 2017,Snohomish,WA,Truck,1,0,1,121861,121862,0.00
September 30 2020,Cowlitz,WA,Truck,0,0,0,28932,28932,0.00
March 31 2019,Lincoln,WA,Passenger,3,6,9,7733,7742,0.12
May 31 2022,Snohomish,WA,Truck,6,0,6,124093,124099,0.00
August 31 2021,Clark,WA,Truck,0,0,0,84158,84158,0.00
December 31 2019,Lake,IL,Passenger,1,0,1,169,170,0.59
October 31 2019,Maui,HI,Passenger,2,0,2,45,47,4.26
June 30 2017,Dakota,MN,Passenger,0,1,1,39,40,2.50
August 31 2021,Hamilton,IN,Passenger,2,0,2,32,34,5.88
April 30 2022,Greene,MO,Passenger,0,1,1,28,29,3.45
September 30 2017,King,WA,Passenger,10650,4350,15000,1372410,1387410,1.08
August 31 2020,Clark,WA,Passenger,2135,1076,3211,318181,321392,1.00
November 30 2022,James City,VA,Passenger,1,0,1,39,40,2.50
October 31 2023,Columbia,WA,Passenger,12,0,12,2392,2404,0.50
September 30 2023,Harris,TX,Passenger,1,0,1,100,101,0.99
October 31 2018,Mason,WA,Passenger,101,108,209,46347,46556,0.45
February 28 2023,Cumberland,NC,Passenger,1,4,5,330,335,1.49
February 28 2017,Santa Fe,NM,Passenger,0,1,1,45,46,2.17
September 30 2020,Asotin,WA,Truck,0,0,0,6694,6694,0.00
January 31 2021,Hudson,NJ,Passenger,1,0,1,42,43,2.33
March 31 2022,Middlesex,MA,Passenger,1,1,2,85,87,2.30
June 30 2022,Carroll,NH,Passenger,0,1,1,5,6,16.67
February 28 2022,Frederick,MD,Passenger,1,1,2,71,73,2.74
December 31 2022,Galveston,TX,Passenger,0,1,1,18,19,5.26
January 31 2023,Carroll,MD,Passenger,0,1,1,20,21,4.76
May 31 2023,Thurston,WA,Passenger,3038,1211,4249,190331,194580,2.18
July 31 2022,Douglas,WA,Truck,1,0,1,12743,12744,0.01
August 31 2019,Santa Clara,CA,Passenger,4,2,6,375,381,1.57
August 31 2023,Grays Harbor,WA,Truck,9,0,9,20791,20800,0.04
November 30 2017,Kittitas,WA,Passenger,34,24,58,28272,28330,0.20
August 31 2021,Clark,NV,Passenger,5,2,7,614,621,1.13
May 31 2018,Hardin,KY,Passenger,0,1,1,116,117,0.85
January 31 2021,Kings,NY,Passenger,1,0,1,64,65,1.54
December 31 2019,Camden,NJ,Passenger,0,2,2,21,23,8.70
March 31 2022,Parker,TX,Passenger,0,1,1,20,21,4.76
April 30 2023,Yavapai,AZ,Passenger,0,1,1,20,21,4.76
April 30 2020,Santa Cruz,CA,Passenger,1,0,1,39,40,2.50
May 31 2019,Spokane,WA,Passenger,528,422,950,310890,311840,0.30
November 30 2022,Richland,SC,Passenger,0,1,1,118,119,0.84
September 30 2017,Monterey,CA,Passenger,0,2,2,194,196,1.02
December 31 2020,El Paso,CO,Passenger,2,1,3,712,715,0.42
July 31 2018,San Juan,WA,Truck,0,0,0,5727,5727,0.00
September 30 2017,Volusia,FL,Passenger,0,1,1,45,46,2.17
May 31 2019,Douglas,NE,Passenger,0,1,1,64,65,1.54
September 30 2022,Kern,CA,Passenger,1,1,2,196,198,1.01
December 31 2017,Lee,AL,Passenger,1,0,1,37,38,2.63
September 30 2019,Sarasota,FL,Passenger,1,0,1,28,29,3.45
January 31 2019,Klickitat,WA,Passenger,29,32,61,15483,15544,0.39
May 31 2022,Franklin,WA,Truck,0,0,0,20915,20915,0.00
July 31 2019,Loudoun,VA,Passenger,1,0,1,94,95,1.05
March 31 2019,Juneau,AK,Passenger,0,1,1,32,33,3.03
April 30 2023,Calvert,MD,Passenger,1,1,2,73,75,2.67
September 30 2021,Ferry,WA,Truck,0,0,0,3593,3593,0.00
January 31 2021,Greene,MO,Passenger,0,1,1,36,37,2.70
October 31 2020,Tulsa,OK,Passenger,1,1,2,42,44,4.55
October 31 2022,Galveston,TX,Passenger,0,1,1,18,19,5.26
November 30 2018,Charleston,SC,Passenger,1,0,1,129,130,0.77
October 31 2017,Okaloosa,FL,Passenger,1,0,1,188,189,0.53
September 30 2021,Sarasota,FL,Passenger,2,0,2,32,34,5.88
January 31 2017,Walla Walla,WA,Passenger,16,21,37,34864,34901,0.11
January 31 2022,Santa Clara,CA,Passenger,8,1,9,253,262,3.44
January 31 2023,Los Angeles,CA,Passenger,6,5,11,694,705,1.56
February 29 2020,Williamson,TX,Passenger,0,2,2,147,149,1.34
December 31 2021,Queens,NY,Passenger,1,0,1,55,56,1.79
February 28 2018,Monterey,CA,Passenger,0,2,2,194,196,1.02
May 31 2020,Thurston,WA,Truck,0,0,0,55492,55492,0.00
March 31 2022,District of Columbia,DC,Passenger,4,0,4,185,189,2.12
December 31 2022,San Juan,WA,Truck,8,0,8,5911,5919,0.14
February 28 2022,Sedgwick,KS,Passenger,1,1,2,87,89,2.25
February 28 2022,Lincoln,WA,Passenger,7,17,24,7683,7707,0.31
December 31 2019,Benton,WA,Truck,0,0,0,42488,42488,0.00
March 31 2020,Skamania,WA,Truck,0,0,0,4081,4081,0.00
November 30 2017,Flathead,MT,Passenger,1,0,1,57,58,1.72
October 31 2020,Fulton,GA,Passenger,1,2,3,87,90,3.33
February 28 2019,King,WA,Truck,6,1,7,182000,182007,0.00
March 31 2022,San Juan,WA,Truck,1,0,1,5993,5994,0.02
October 31 2019,Snohomish,WA,Passenger,3896,1682,5578,535054,540632,1.03
June 30 2020,Kitsap,WA,Passenger,1329,686,2015,179773,181788,1.11
March 31 2019,Franklin,WA,Passenger,52,68,120,59365,59485,0.20
January 31 2022,Stevens,WA,Truck,0,0,0,18927,18927,0.00
July 31 2023,Harnett,NC,Passenger,4,0,4,130,134,2.99
August 31 2018,Hamilton,IN,Passenger,1,0,1,46,47,2.13
July 31 2018,Asotin,WA,Passenger,11,8,19,12635,12654,0.15
June 30 2022,Travis,TX,Passenger,3,0,3,113,116,2.59
January 31 2021,Benton,WA,Truck,0,0,0,43330,43330,0.00
November 30 2018,Klickitat,WA,Truck,0,0,0,8182,8182,0.00
September 30 2021,Wake,NC,Passenger,1,0,1,121,122,0.82
June 30 2022,Snohomish,WA,Passenger,8357,2526,10883,532717,543600,2.00
October 31 2023,Whitman,WA,Passenger,183,92,275,21642,21917,1.25
August 31 2021,Harris,TX,Passenger,1,1,2,192,194,1.03
April 30 2023,Washtenaw,MI,Passenger,0,1,1,23,24,4.17
August 31 2023,Clark,NV,Passenger,5,2,7,359,366,1.91
April 30 2021,Moore,NC,Passenger,0,1,1,139,140,0.71
January 31 2021,King,WA,Passenger,27787,8323,36110,1366836,1402946,2.57
November 30 2020,Duval,FL,Passenger,0,2,2,367,369,0.54
June 30 2018,Whatcom,WA,Truck,2,0,2,42286,42288,0.00
July 31 2022,Fulton,GA,Passenger,1,0,1,65,66,1.52
January 31 2022,Sarasota,FL,Passenger,2,0,2,32,34,5.88
December 31 2022,Elmore,ID,Passenger,1,0,1,15,16,6.25
September 30 2022,Marin,CA,Passenger,0,1,1,30,31,3.23
February 28 2023,Las Animas,CO,Passenger,1,0,1,0,1,100.00
August 31 2022,Island,WA,Passenger,856,379,1235,61738,62973,1.96
August 31 2018,Jefferson,WA,Passenger,152,101,253,24677,24930,1.01
November 30 2022,Berkeley,SC,Passenger,0,1,1,117,118,0.85
July 31 2020,Queens,NY,Passenger,1,0,1,51,52,1.92
April 30 2023,Lincoln,OR,Passenger,0,1,1,12,13,7.69
November 30 2019,Prince William,VA,Passenger,1,3,4,234,238,1.68
December 31 2022,Geary,KS,Passenger,1,0,1,76,77,1.30
November 30 2022,Nassau,NY,Passenger,2,0,2,24,26,7.69
September 30 2020,Columbia,WA,Truck,0,0,0,1531,1531,0.00
January 31 2019,St. Lucie,FL,Passenger,1,0,1,30,31,3.23
January 31 2021,Washoe,NV,Passenger,1,0,1,106,107,0.93
August 31 2018,Adams,WA,Passenger,5,5,10,12679,12689,0.08
November 30 2023,Island,WA,Passenger,1246,467,1713,59422,61135,2.80
July 31 2019,Honolulu,HI,Passenger,3,3,6,504,510,1.18
February 28 2017,Wahkiakum,WA,Truck,0,0,0,1625,1625,0.00
December 31 2022,Santa Clara,CA,Passenger,10,4,14,202,216,6.48
March 31 2021,,,Passenger,3,1,4,338,342,1.17
March 31 2023,Whitman,WA,Truck,4,0,4,8610,8614,0.05
June 30 2020,Flathead,MT,Passenger,1,0,1,66,67,1.49
November 30 2019,San Mateo,CA,Passenger,1,1,2,129,131,1.53
June 30 2020,Pend Oreille,WA,Truck,0,0,0,5758,5758,0.00
October 31 2017,Ventura,CA,Passenger,0,1,1,342,343,0.29
October 31 2018,Suffolk,MA,Passenger,0,1,1,44,45,2.22
August 31 2019,Bergen,NJ,Passenger,1,0,1,27,28,3.57
September 30 2018,Santa Fe,NM,Passenger,0,1,1,46,47,2.13
April 30 2023,Grays Harbor,WA,Passenger,287,182,469,48412,48881,0.96
December 31 2018,Lincoln,WA,Passenger,2,5,7,7780,7787,0.09
September 30 2018,Spokane,WA,Truck,1,0,1,93171,93172,0.00
May 31 2023,Kittitas,WA,Truck,8,0,8,14554,14562,0.05
January 31 2017,Charles,MD,Passenger,0,1,1,90,91,1.10
September 30 2017,Carroll,NH,Passenger,0,1,1,1,2,50.00
June 30 2021,Norfolk,VA,Passenger,2,3,5,324,329,1.52
April 30 2022,Montgomery,PA,Passenger,2,0,2,22,24,8.33
August 31 2022,Camden,NJ,Passenger,0,1,1,13,14,7.14
August 31 2019,DeKalb,IN,Passenger,1,0,1,1,2,50.00
November 30 2018,Cowlitz,WA,Passenger,69,91,160,72372,72532,0.22
February 28 2018,Charles,MD,Passenger,0,1,1,82,83,1.20
February 28 2023,Sacramento,CA,Passenger,4,0,4,179,183,2.19
August 31 2022,Wichita,TX,Passenger,2,0,2,39,41,4.88
November 30 2021,Allegheny,PA,Passenger,1,1,2,67,69,2.90
July 31 2022,Williamsburg,VA,Passenger,0,1,1,7,8,12.50
September 30 2021,Collier,FL,Passenger,1,0,1,17,18,5.56
May 31 2022,Yavapai,AZ,Passenger,0,1,1,30,31,3.23
March 31 2023,Douglas,WA,Truck,6,0,6,12889,12895,0.05
March 31 2019,Nueces,TX,Passenger,1,1,2,93,95,2.11
November 30 2022,Miami-Dade,FL,Passenger,1,0,1,65,66,1.52
August 31 2019,New Haven,CT,Passenger,0,2,2,47,49,4.08
December 31 2020,Greene,MO,Passenger,0,1,1,36,37,2.70
December 31 2021,Orange,CA,Passenger,5,2,7,410,417,1.68
February 28 2018,Ada,ID,Passenger,0,2,2,352,354,0.56
April 30 2021,Dallas,TX,Passenger,1,0,1,169,170,0.59
February 29 2020,Hillsborough,FL,Passenger,0,1,1,186,187,0.53
October 31 2018,Norfolk,MA,Passenger,1,0,1,37,38,2.63
January 31 2023,Parker,TX,Passenger,0,1,1,16,17,5.88
July 31 2018,Maui,HI,Passenger,1,0,1,55,56,1.79
September 30 2023,Essex,NJ,Passenger,2,0,2,6,8,25.00
June 30 2021,Sumter,FL,Passenger,0,1,1,8,9,11.11
November 30 2021,Pend Oreille,WA,Passenger,18,7,25,9163,9188,0.27
October 31 2018,Contra Costa,CA,Passenger,0,2,2,414,416,0.48
September 30 2023,Benton,WA,Truck,30,0,30,42674,42704,0.07
October 31 2017,District of Columbia,DC,Passenger,0,3,3,202,205,1.46
September 30 2022,Harnett,NC,Passenger,2,0,2,149,151,1.32
March 31 2023,Champaign,IL,Passenger,1,0,1,13,14,7.14
March 31 2021,Sumter,FL,Passenger,0,1,1,10,11,9.09
December 31 2018,Madison,ID,Passenger,1,0,1,36,37,2.70
March 31 2019,Carroll,NH,Passenger,0,1,1,2,3,33.33
May 31 2022,San Bernardino,CA,Passenger,1,1,2,329,331,0.60
January 31 2018,Monterey,CA,Passenger,0,2,2,195,197,1.02
October 31 2019,Kootenai,ID,Passenger,1,1,2,225,227,0.88
May 31 2023,Meade,KY,Passenger,1,0,1,16,17,5.88
June 30 2022,New Haven,CT,Passenger,0,2,2,32,34,5.88
January 31 2023,Marin,CA,Passenger,0,1,1,32,33,3.03
July 31 2023,Fulton,GA,Passenger,1,0,1,48,49,2.04
January 31 2018,Prince William,VA,Passenger,0,4,4,268,272,1.47
December 31 2017,Jefferson,NY,Passenger,1,0,1,233,234,0.43
April 30 2017,Northampton,PA,Passenger,2,0,2,192,194,1.03
November 30 2019,Kent,MI,Passenger,0,1,1,26,27,3.70
May 31 2019,Cowlitz,WA,Passenger,95,107,202,72905,73107,0.28
December 31 2022,Garfield,WA,Truck,0,0,0,975,975,0.00
April 30 2018,Moore,NC,Passenger,0,1,1,194,195,0.51
March 31 2021,St. Clair,IL,Passenger,1,0,1,137,138,0.72
June 30 2019,Hennepin,MN,Passenger,2,1,3,100,103,2.91
July 31 2018,Carroll,NH,Passenger,0,1,1,1,2,50.00
June 30 2017,,,Passenger,3,0,3,452,455,0.66
May 31 2022,Columbia,WA,Passenger,7,0,7,2439,2446,0.29
August 31 2020,Spartanburg,SC,Passenger,0,1,1,50,51,1.96
January 31 2019,Cook,IL,Passenger,1,0,1,252,253,0.40
July 31 2019,Placer,CA,Passenger,1,0,1,104,105,0.95
June 30 2018,Carroll,NH,Passenger,0,1,1,1,2,50.00
March 31 2023,Lane,OR,Passenger,0,2,2,78,80,2.50
February 28 2023,Pierce,WA,Passenger,6595,2581,9176,535881,545057,1.68
June 30 2019,Thurston,WA,Passenger,875,639,1514,197638,199152,0.76
October 31 2018,Grant,WA,Passenger,32,50,82,63917,63999,0.13
July 31 2021,Kern,CA,Passenger,0,1,1,212,213,0.47
August 31 2023,Orange,FL,Passenger,1,0,1,49,50,2.00
May 31 2023,James City,VA,Passenger,1,0,1,38,39,2.56
March 31 2021,Maui,HI,Passenger,2,0,2,28,30,6.67
March 31 2020,Guadalupe,TX,Passenger,1,0,1,68,69,1.45
May 31 2020,Oldham,KY,Passenger,0,1,1,4,5,20.00
November 30 2022,Benton,WA,Passenger,911,492,1403,135801,137204,1.02
January 31 2018,Norfolk,VA,Passenger,1,1,2,322,324,0.62
December 31 2017,Albemarle,VA,Passenger,0,1,1,32,33,3.03
October 31 2022,Ray,MO,Passenger,0,1,1,1,2,50.00
January 31 2021,Orange,NC,Passenger,0,1,1,10,11,9.09
September 30 2022,Jefferson,WA,Passenger,455,224,679,24425,25104,2.70
May 31 2023,Columbia,WA,Truck,0,0,0,1554,1554,0.00
July 31 2023,Santa Clara,CA,Passenger,9,3,12,168,180,6.67
January 31 2022,Harris,TX,Passenger,1,0,1,173,174,0.57
December 31 2022,St. Louis,MO,Passenger,2,0,2,57,59,3.39
April 30 2022,DeKalb,GA,Passenger,1,0,1,56,57,1.75
September 30 2022,Garfield,WA,Truck,0,0,0,969,969,0.00
March 31 2020,Hawaii,HI,Passenger,1,0,1,61,62,1.61
March 31 2023,Cumberland,NC,Passenger,1,4,5,320,325,1.54
March 31 2022,Greene,MO,Passenger,0,1,1,28,29,3.45
July 31 2021,Okaloosa,FL,Passenger,0,1,1,123,124,0.81
September 30 2023,New Haven,CT,Passenger,0,2,2,23,25,8.00
February 28 2023,Marion,IA,Passenger,1,0,1,0,1,100.00
August 31 2019,Yakima,WA,Passenger,112,108,220,165623,165843,0.13
January 31 2018,Stevens,WA,Passenger,10,22,32,31594,31626,0.10
May 31 2023,Ferry,WA,Passenger,20,4,24,4325,4349,0.55
November 30 2021,Anne Arundel,MD,Passenger,4,1,5,365,370,1.35
May 31 2020,Kent,MI,Passenger,0,1,1,25,26,3.85
July 31 2020,Bradley,TN,Passenger,1,0,1,3,4,25.00
November 30 2017,Chelan,WA,Passenger,83,36,119,52834,52953,0.22
March 31 2022,Pinellas,FL,Passenger,0,1,1,89,90,1.11
February 28 2023,Kittitas,WA,Passenger,321,92,413,29528,29941,1.38
June 30 2018,King,WA,Passenger,13165,5678,18843,1370974,1389817,1.36
May 31 2023,,,Passenger,3,0,3,251,254,1.18
October 31 2018,Walla Walla,WA,Passenger,36,50,86,35993,36079,0.24
February 28 2022,Suffolk,VA,Passenger,1,0,1,121,122,0.82
February 28 2023,Palm Beach,FL,Passenger,1,0,1,47,48,2.08
September 30 2023,Pulaski,AR,Passenger,2,0,2,16,18,11.11
July 31 2018,Marin,CA,Passenger,1,0,1,56,57,1.75
January 31 2023,Madison,IL,Passenger,1,0,1,15,16,6.25
November 30 2018,Douglas,NE,Passenger,0,1,1,67,68,1.47
February 28 2023,Alameda,CA,Passenger,4,0,4,173,177,2.26
June 30 2018,Douglas,WA,Truck,0,0,0,11946,11946,0.00
July 31 2017,Chelan,WA,Truck,0,0,0,21329,21329,0.00
December 31 2020,Jefferson,WA,Passenger,285,155,440,24805,25245,1.74
November 30 2023,Hamilton,OH,Passenger,1,0,1,23,24,4.17
March 31 2023,Benton,OR,Passenger,1,0,1,38,39,2.56
March 31 2017,Cumberland,NC,Passenger,1,0,1,628,629,0.16
December 31 2020,Whatcom,WA,Truck,3,0,3,43542,43545,0.01
April 30 2020,Benton,WA,Truck,0,0,0,42484,42484,0.00
September 30 2020,,,Passenger,5,1,6,355,361,1.66
July 31 2017,Jefferson,WA,Truck,0,0,0,9415,9415,0.00
July 31 2019,RÃ­o Grande,PR,Passenger,1,0,1,1,2,50.00
September 30 2021,St. Mary's,MD,Passenger,1,0,1,209,210,0.48
July 31 2018,Cochise,AZ,Passenger,0,1,1,117,118,0.85
March 31 2020,Cochise,AZ,Passenger,0,1,1,100,101,0.99
February 28 2022,Broward,FL,Passenger,2,0,2,97,99,2.02
April 30 2018,Pinal,AZ,Passenger,2,0,2,210,212,0.94
October 31 2023,Loudoun,VA,Passenger,2,0,2,55,57,3.51
July 31 2018,Hawaii,HI,Passenger,1,0,1,75,76,1.32
January 31 2018,Frederick,MD,Passenger,0,1,1,92,93,1.08
December 31 2022,Yavapai,AZ,Passenger,0,1,1,22,23,4.35
July 31 2020,Maui,HI,Passenger,2,0,2,34,36,5.56
December 31 2018,Whatcom,WA,Truck,2,0,2,42661,42663,0.00
June 30 2021,Franklin,WA,Truck,0,0,0,20695,20695,0.00
October 31 2022,San Diego,CA,Passenger,20,9,29,2295,2324,1.25
December 31 2022,Alameda,CA,Passenger,4,0,4,179,183,2.19
February 28 2023,St. Louis,MO,Passenger,1,0,1,54,55,1.82
March 31 2018,Polk,FL,Passenger,1,0,1,63,64,1.56
October 31 2018,Hawaii,HI,Passenger,1,0,1,69,70,1.43
January 31 2021,Charles,MD,Passenger,1,1,2,76,78,2.56
June 30 2021,Carroll,NH,Passenger,0,1,1,5,6,16.67
August 31 2019,Sangamon,IL,Passenger,1,0,1,6,7,14.29
September 30 2019,Lake,FL,Passenger,1,0,1,22,23,4.35
May 31 2022,Las Animas,CO,Passenger,1,0,1,1,2,50.00
September 30 2023,Pacific,WA,Passenger,86,96,182,15395,15577,1.17
November 30 2023,Yakima,WA,Passenger,605,288,893,160400,161293,0.55
February 28 2018,St. Clair,IL,Passenger,0,1,1,157,158,0.63
December 31 2022,Lincoln,OR,Passenger,0,1,1,15,16,6.25
January 31 2021,Owyhee,ID,Passenger,1,0,1,3,4,25.00
August 31 2020,Kootenai,ID,Passenger,1,0,1,217,218,0.46
March 31 2021,Orange,FL,Passenger,1,0,1,114,115,0.87
September 30 2022,District of Columbia,DC,Passenger,3,0,3,161,164,1.83
March 31 2022,Carroll,NH,Passenger,0,1,1,5,6,16.67
July 31 2021,Carroll,MD,Passenger,0,1,1,20,21,4.76
September 30 2020,San Joaquin,CA,Passenger,1,0,1,120,121,0.83
September 30 2021,Moore,NC,Passenger,0,1,1,127,128,0.78
July 31 2018,Lane,OR,Passenger,0,1,1,187,188,0.53
February 28 2023,Fairbanks North Star,AK,Passenger,0,1,1,60,61,1.64
June 30 2020,Douglas,NE,Passenger,0,1,1,55,56,1.79
August 31 2019,Boulder,CO,Passenger,1,0,1,55,56,1.79
September 30 2017,Montgomery,PA,Passenger,1,0,1,36,37,2.70
May 31 2021,Rogers,OK,Passenger,1,0,1,4,5,20.00
February 29 2020,Mercer,NJ,Passenger,0,1,1,18,19,5.26
August 31 2019,Nantucket,MA,Passenger,1,0,1,2,3,33.33
June 30 2017,King,WA,Passenger,10024,4104,14128,1375226,1389354,1.02
November 30 2023,King,WA,Passenger,66524,16031,82555,1281953,1364508,6.05
May 31 2018,Cook,IL,Passenger,1,0,1,273,274,0.36
January 31 2020,Skagit,WA,Truck,1,0,1,32592,32593,0.00
May 31 2020,Harris,TX,Passenger,1,0,1,242,243,0.41
December 31 2019,Nassau,NY,Passenger,4,0,4,43,47,8.51
May 31 2018,Collin,TX,Passenger,1,0,1,160,161,0.62
February 29 2020,Klamath,OR,Passenger,1,0,1,38,39,2.56
October 31 2020,El Dorado,CA,Passenger,1,0,1,35,36,2.78
July 31 2023,Howard,MD,Passenger,0,2,2,47,49,4.08
May 31 2017,Wayne,MI,Passenger,0,1,1,70,71,1.41
May 31 2021,Collin,TX,Passenger,2,1,3,117,120,2.50
January 31 2023,Rock Island,IL,Passenger,0,1,1,11,12,8.33
May 31 2022,Grant,WA,Passenger,166,97,263,66695,66958,0.39
November 30 2017,Kitsap,WA,Passenger,676,367,1043,175374,176417,0.59
January 31 2019,Walla Walla,WA,Truck,0,0,0,13536,13536,0.00
December 31 2020,King,WA,Truck,6,1,7,184347,184354,0.00
October 31 2019,Pend Oreille,WA,Truck,0,0,0,5736,5736,0.00
October 31 2021,Lincoln,WA,Truck,0,0,0,4803,4803,0.00
February 28 2021,Hillsborough,FL,Passenger,0,1,1,159,160,0.62
July 31 2019,Contra Costa,CA,Passenger,2,2,4,372,376,1.06
December 31 2019,San Joaquin,CA,Passenger,1,0,1,140,141,0.71
September 30 2019,RÃ­o Grande,PR,Passenger,1,0,1,1,2,50.00
February 28 2017,Hawaii,HI,Passenger,1,0,1,87,88,1.14
August 31 2021,Salt Lake,UT,Passenger,0,1,1,166,167,0.60
October 31 2019,Norfolk,MA,Passenger,1,0,1,36,37,2.70
January 31 2017,Saratoga,NY,Passenger,1,1,2,78,80,2.50
May 31 2019,Oldham,KY,Passenger,0,1,1,5,6,16.67
March 31 2020,Oldham,KY,Passenger,0,1,1,4,5,20.00
July 31 2020,Whatcom,WA,Truck,3,0,3,43156,43159,0.01
April 30 2023,Virginia Beach,VA,Passenger,4,1,5,444,449,1.11
November 30 2018,Jefferson,WA,Truck,0,0,0,9612,9612,0.00
July 31 2021,Mason,WA,Truck,0,0,0,21337,21337,0.00
February 28 2022,Snohomish,WA,Passenger,7449,2310,9759,535753,545512,1.79
January 31 2021,Island,WA,Passenger,527,294,821,62918,63739,1.29
February 28 2018,New London,CT,Passenger,1,1,2,253,255,0.78
October 31 2023,Cumberland,NC,Passenger,1,3,4,285,289,1.38
April 30 2020,Shelby,OH,Passenger,0,1,1,1,2,50.00
January 31 2022,Sevier,AR,Passenger,0,1,1,0,1,100.00
March 31 2019,Pend Oreille,WA,Passenger,5,5,10,9472,9482,0.11
April 30 2019,Skamania,WA,Passenger,21,16,37,8710,8747,0.42
December 31 2020,Kittitas,WA,Truck,0,0,0,14645,14645,0.00
January 31 2020,Prince George's,MD,Passenger,1,1,2,176,178,1.12
January 31 2023,Williamson,TX,Passenger,0,2,2,60,62,3.23
November 30 2021,Lake,IL,Passenger,3,0,3,162,165,1.82
March 31 2023,Sacramento,CA,Passenger,4,0,4,171,175,2.29
February 29 2020,Calvert,MD,Passenger,0,2,2,88,90,2.22
September 30 2022,Anchorage,AK,Passenger,2,0,2,121,123,1.63
March 31 2021,Middlesex,MA,Passenger,1,1,2,95,97,2.06
November 30 2021,New York,NY,Passenger,1,0,1,39,40,2.50
September 30 2022,Placer,CA,Passenger,2,0,2,68,70,2.86
November 30 2018,DuPage,IL,Passenger,1,0,1,60,61,1.64
August 31 2021,Mercer,NJ,Passenger,0,1,1,12,13,7.69
February 28 2018,Twin Falls,ID,Passenger,0,1,1,24,25,4.00
January 31 2023,Oldham,KY,Passenger,0,1,1,4,5,20.00
January 31 2023,DeKalb,GA,Passenger,1,0,1,48,49,2.04
March 31 2018,Mason,WA,Passenger,68,83,151,45212,45363,0.33
July 31 2022,Leavenworth,KS,Passenger,0,1,1,101,102,0.98
March 31 2020,Prince George's,MD,Passenger,1,1,2,172,174,1.15
January 31 2020,DuPage,IL,Passenger,3,0,3,65,68,4.41
November 30 2022,Rockingham,NH,Passenger,1,0,1,14,15,6.67
April 30 2021,Missoula,MT,Passenger,1,0,1,63,64,1.56
July 31 2018,Orleans,LA,Passenger,0,1,1,48,49,2.04
April 30 2022,Clinton,PA,Passenger,1,0,1,1,2,50.00
July 31 2020,DeKalb,IN,Passenger,1,0,1,1,2,50.00
April 30 2017,Santa Clara,CA,Passenger,6,2,8,417,425,1.88
April 30 2023,Burlington,NJ,Passenger,2,2,4,91,95,4.21
August 31 2022,Collin,TX,Passenger,3,0,3,76,79,3.80
August 31 2020,Flathead,MT,Passenger,1,0,1,62,63,1.59
March 31 2021,Larimer,CO,Passenger,1,0,1,52,53,1.89
September 30 2020,Bradley,TN,Passenger,1,0,1,1,2,50.00
December 31 2022,Wahkiakum,WA,Passenger,26,13,39,3031,3070,1.27
July 31 2022,Mason,WA,Truck,4,0,4,20970,20974,0.02
January 31 2022,Yakima,WA,Passenger,294,177,471,168252,168723,0.28
January 31 2022,Norfolk,VA,Passenger,3,3,6,312,318,1.89
June 30 2023,Harnett,NC,Passenger,4,0,4,132,136,2.94
May 31 2019,Montgomery,TX,Passenger,2,0,2,62,64,3.12
September 30 2021,St. Clair,IL,Passenger,2,0,2,126,128,1.56
August 31 2021,Arapahoe,CO,Passenger,1,0,1,113,114,0.88
November 30 2017,Santa Clara,CA,Passenger,7,1,8,390,398,2.01
October 31 2018,Allegheny,PA,Passenger,1,0,1,88,89,1.12
April 30 2023,Collier,FL,Passenger,1,0,1,13,14,7.14
August 31 2019,Dakota,MN,Passenger,0,1,1,38,39,2.56
January 31 2023,Douglas,NE,Passenger,2,1,3,33,36,8.33
November 30 2022,Williams,ND,Passenger,0,1,1,5,6,16.67
April 30 2023,Marion,IA,Passenger,1,0,1,0,1,100.00
January 31 2020,Benton,WA,Passenger,336,315,651,135305,135956,0.48
September 30 2020,Benton,WA,Truck,0,0,0,43088,43088,0.00
December 31 2021,Gwinnett,GA,Passenger,1,0,1,60,61,1.64
September 30 2017,Duval,FL,Passenger,1,1,2,367,369,0.54
October 31 2022,El Paso,CO,Passenger,3,2,5,567,572,0.87
October 31 2022,Salt Lake,UT,Passenger,1,1,2,122,124,1.61
July 31 2017,Montgomery,MD,Passenger,1,0,1,310,311,0.32
January 31 2022,Baltimore,MD,Passenger,1,0,1,83,84,1.19
October 31 2020,Riverside,CA,Passenger,4,1,5,605,610,0.82
August 31 2021,Loudoun,VA,Passenger,1,0,1,70,71,1.41
February 28 2023,Pend Oreille,WA,Passenger,26,13,39,8926,8965,0.44
April 30 2018,Saratoga,NY,Passenger,1,1,2,65,67,2.99
September 30 2017,Cowlitz,WA,Truck,0,0,0,28039,28039,0.00
August 31 2023,Pierce,WA,Truck,180,0,180,135394,135574,0.13
August 31 2022,Adams,WA,Passenger,21,9,30,12958,12988,0.23
April 30 2017,Ventura,CA,Passenger,0,1,1,368,369,0.27
May 31 2022,Placer,CA,Passenger,2,0,2,69,71,2.82
September 30 2021,Island,WA,Passenger,661,329,990,63147,64137,1.54
July 31 2022,Bell,TX,Passenger,1,0,1,320,321,0.31
March 31 2022,Camden,NJ,Passenger,0,1,1,13,14,7.14
January 31 2023,Hamilton,OH,Passenger,1,0,1,31,32,3.12
March 31 2019,Shasta,CA,Passenger,1,0,1,44,45,2.22
March 31 2019,Clark,WA,Passenger,1358,881,2239,311946,314185,0.71
January 31 2019,Washington,OR,Passenger,0,1,1,475,476,0.21
September 30 2021,Bexar,TX,Passenger,3,4,7,524,531,1.32
October 31 2019,Oklahoma,OK,Passenger,0,1,1,134,135,0.74
February 29 2020,Williams,ND,Passenger,0,1,1,13,14,7.14
May 31 2018,Ramsey,MN,Passenger,1,0,1,42,43,2.33
October 31 2022,Kern,CA,Passenger,1,1,2,195,197,1.02
February 28 2021,Stevens,WA,Truck,0,0,0,18715,18715,0.00
October 31 2017,Prince William,VA,Passenger,0,3,3,268,271,1.11
May 31 2017,Duval,FL,Passenger,1,1,2,379,381,0.52
March 31 2022,Cumberland,NC,Passenger,1,4,5,391,396,1.26
January 31 2019,Charles,MD,Passenger,0,1,1,77,78,1.28
July 31 2017,Palm Beach,FL,Passenger,0,1,1,95,96,1.04
January 31 2018,Nassau,NY,Passenger,1,0,1,39,40,2.50
December 31 2018,Gwinnett,GA,Passenger,0,1,1,81,82,1.22
October 31 2021,Oldham,KY,Passenger,0,1,1,4,5,20.00
November 30 2017,Spokane,WA,Passenger,291,239,530,299615,300145,0.18
November 30 2021,Grant,WA,Passenger,131,97,228,66925,67153,0.34
March 31 2019,Island,WA,Passenger,300,235,535,63104,63639,0.84
February 28 2019,Richmond,GA,Passenger,0,1,1,91,92,1.09
November 30 2021,Philadelphia,PA,Passenger,1,0,1,44,45,2.22
September 30 2019,Ramsey,MN,Passenger,1,0,1,42,43,2.33
February 28 2017,Allegheny,PA,Passenger,1,0,1,93,94,1.06
July 31 2020,Williamson,TX,Passenger,0,2,2,140,142,1.41
May 31 2019,Charleston,SC,Passenger,1,0,1,121,122,0.82
January 31 2020,Pima,AZ,Passenger,3,1,4,385,389,1.03
August 31 2017,Howard,MD,Passenger,0,2,2,90,92,2.17
December 31 2021,Currituck,NC,Passenger,1,0,1,22,23,4.35
April 30 2022,Wood,OH,Passenger,0,1,1,5,6,16.67
August 31 2022,Maui,HI,Passenger,1,0,1,23,24,4.17
August 31 2020,Lake,FL,Passenger,1,0,1,22,23,4.35
November 30 2023,Pitt,NC,Passenger,0,1,1,3,4,25.00
December 31 2018,Kitsap,WA,Passenger,945,544,1489,179810,181299,0.82
February 28 2023,Arapahoe,CO,Passenger,1,1,2,77,79,2.53
August 31 2018,Cowlitz,WA,Passenger,62,81,143,71991,72134,0.20
June 30 2021,Yakima,WA,Passenger,226,155,381,169307,169688,0.22
September 30 2022,Asotin,WA,Passenger,25,19,44,12583,12627,0.35
June 30 2018,Washington,OR,Passenger,0,1,1,480,481,0.21
March 31 2021,Kern,CA,Passenger,0,1,1,215,216,0.46
March 31 2017,Virginia Beach,VA,Passenger,2,1,3,651,654,0.46
November 30 2017,Benton,WA,Truck,0,0,0,40500,40500,0.00
September 30 2019,Island,WA,Truck,0,0,0,21282,21282,0.00
April 30 2019,El Paso,CO,Passenger,3,3,6,755,761,0.79
January 31 2019,Marion,IN,Passenger,1,0,1,119,120,0.83
August 31 2020,Harford,MD,Passenger,0,1,1,61,62,1.61
October 31 2023,El Dorado,CA,Passenger,1,0,1,15,16,6.25
February 28 2023,Kent,DE,Passenger,1,0,1,49,50,2.00
January 31 2019,Kent,MI,Passenger,0,1,1,25,26,3.85
October 31 2020,Hamilton,IN,Passenger,2,0,2,39,41,4.88
May 31 2019,Sumter,FL,Passenger,0,1,1,10,11,9.09
October 31 2022,Sevier,AR,Passenger,0,1,1,0,1,100.00
January 31 2019,Klickitat,WA,Truck,0,0,0,8227,8227,0.00
April 30 2021,Anne Arundel,MD,Passenger,4,1,5,398,403,1.24
August 31 2023,Skamania,WA,Truck,1,0,1,3794,3795,0.03
September 30 2022,Okanogan,WA,Truck,1,0,1,16516,16517,0.01
November 30 2017,Alameda,CA,Passenger,0,1,1,357,358,0.28
September 30 2020,Asotin,WA,Passenger,17,14,31,12394,12425,0.25
January 31 2022,Lake,IL,Passenger,3,0,3,159,162,1.85
October 31 2019,Klamath,OR,Passenger,1,0,1,40,41,2.44
May 31 2020,RÃ­o Grande,PR,Passenger,1,0,1,1,2,50.00
October 31 2020,Juneau,AK,Passenger,0,1,1,26,27,3.70
May 31 2022,Spokane,WA,Passenger,1541,832,2373,325138,327511,0.72
March 31 2017,San Mateo,CA,Passenger,0,1,1,158,159,0.63
April 30 2020,Houston,GA,Passenger,1,0,1,57,58,1.72
November 30 2020,Cascade,MT,Passenger,0,1,1,56,57,1.75
March 31 2023,Spokane,WA,Passenger,2100,1006,3106,322556,325662,0.95
November 30 2020,Okanogan,WA,Passenger,51,37,88,25981,26069,0.34
April 30 2018,Alameda,CA,Passenger,0,1,1,356,357,0.28
March 31 2022,Thurston,WA,Truck,3,0,3,55709,55712,0.01
February 28 2021,Harris,TX,Passenger,1,1,2,218,220,0.91
June 30 2019,Kittitas,WA,Truck,0,0,0,14423,14423,0.00
November 30 2021,Kings,NY,Passenger,1,0,1,68,69,1.45
October 31 2020,Santa Clara,CA,Passenger,5,2,7,286,293,2.39
May 31 2017,Fulton,GA,Passenger,1,0,1,116,117,0.85
December 31 2022,DuPage,IL,Passenger,0,1,1,38,39,2.56
February 28 2018,Polk,FL,Passenger,1,0,1,64,65,1.54
July 31 2021,Thurston,WA,Passenger,1659,892,2551,197695,200246,1.27
March 31 2018,Pacific,WA,Passenger,15,18,33,15459,15492,0.21
July 31 2017,Grant,WA,Passenger,19,30,49,61006,61055,0.08
April 30 2021,Fairfax,VA,Passenger,5,4,9,703,712,1.26
June 30 2018,Klickitat,WA,Truck,0,0,0,8115,8115,0.00
October 31 2023,Norfolk,VA,Passenger,1,1,2,239,241,0.83
August 31 2017,Canyon,ID,Passenger,0,1,1,98,99,1.01
September 30 2021,Bartow,GA,Passenger,0,1,1,3,4,25.00
September 30 2022,Danville,VA,Passenger,1,0,1,0,1,100.00
September 30 2021,Chelan,WA,Truck,0,0,0,23102,23102,0.00
February 28 2021,Suffolk,VA,Passenger,1,0,1,123,124,0.81
September 30 2017,Walla Walla,WA,Passenger,27,28,55,35035,35090,0.16
August 31 2018,Nassau,NY,Passenger,2,0,2,38,40,5.00
September 30 2023,Pend Oreille,WA,Passenger,31,17,48,8775,8823,0.54
April 30 2023,Chelan,WA,Passenger,603,154,757,54192,54949,1.38
June 30 2017,Riverside,CA,Passenger,1,1,2,805,807,0.25
November 30 2022,King,WA,Truck,337,2,339,178916,179255,0.19
August 31 2018,Clark,WA,Truck,0,0,0,79296,79296,0.00
May 31 2021,Richland,SC,Passenger,0,1,1,141,142,0.70
December 31 2020,Franklin,WA,Truck,0,0,0,20431,20431,0.00
June 30 2021,Milwaukee,WI,Passenger,1,0,1,42,43,2.33
April 30 2019,Howard,MD,Passenger,0,1,1,79,80,1.25
November 30 2022,Loudoun,VA,Passenger,3,1,4,60,64,6.25
April 30 2023,Dallas,TX,Passenger,1,0,1,84,85,1.18
September 30 2020,DuPage,IL,Passenger,3,1,4,57,61,6.56
April 30 2019,Camden,NJ,Passenger,0,1,1,25,26,3.85
September 30 2022,Gwinnett,GA,Passenger,1,0,1,53,54,1.85
August 31 2022,Elmore,ID,Passenger,1,0,1,15,16,6.25
July 31 2021,Skamania,WA,Truck,0,0,0,4025,4025,0.00
January 31 2018,Franklin,WA,Passenger,31,51,82,57013,57095,0.14
April 30 2021,Santa Cruz,CA,Passenger,1,0,1,29,30,3.33
November 30 2020,Kings,NY,Passenger,1,0,1,65,66,1.52
December 31 2021,Maui,HI,Passenger,1,0,1,27,28,3.57
April 30 2019,Mercer,NJ,Passenger,0,1,1,20,21,4.76
October 31 2021,Cowlitz,WA,Passenger,258,154,412,71843,72255,0.57
February 28 2019,Kitsap,WA,Passenger,987,571,1558,179758,181316,0.86
October 31 2019,Pinellas,FL,Passenger,1,1,2,116,118,1.69
December 31 2017,Norfolk,VA,Passenger,1,1,2,314,316,0.63
February 28 2019,Montgomery,AL,Passenger,0,1,1,44,45,2.22
May 31 2019,Sangamon,IL,Passenger,1,0,1,7,8,12.50
November 30 2023,Klickitat,WA,Truck,14,0,14,8024,8038,0.17
June 30 2017,Okanogan,WA,Truck,0,0,0,16204,16204,0.00
February 28 2018,Norfolk,VA,Passenger,1,1,2,325,327,0.61
June 30 2021,Kern,CA,Passenger,0,1,1,213,214,0.47
November 30 2023,Contra Costa,CA,Passenger,0,2,2,156,158,1.27
March 31 2022,Montgomery,PA,Passenger,2,0,2,23,25,8.00
February 29 2020,Middlesex,MA,Passenger,1,1,2,102,104,1.92
June 30 2019,Monroe,IL,Passenger,1,0,1,4,5,20.00
November 30 2019,Grays Harbor,WA,Truck,0,0,0,20748,20748,0.00
December 31 2021,Whitman,WA,Passenger,67,59,126,21956,22082,0.57
June 30 2023,San Diego,CA,Passenger,19,9,28,2016,2044,1.37
July 31 2017,Jefferson,WA,Passenger,107,61,168,23894,24062,0.70
December 31 2019,Harris,TX,Passenger,1,0,1,250,251,0.40
September 30 2021,Montgomery,OH,Passenger,0,1,1,58,59,1.69
November 30 2023,Cumberland,NC,Passenger,1,3,4,275,279,1.43
January 31 2021,Randolph,NC,Passenger,1,0,1,7,8,12.50
November 30 2023,Cowlitz,WA,Passenger,558,241,799,67349,68148,1.17
March 31 2023,Skamania,WA,Passenger,96,53,149,8128,8277,1.80
May 31 2019,Okanogan,WA,Truck,0,0,0,16505,16505,0.00
February 28 2018,Pierce,WA,Passenger,1116,1028,2144,526364,528508,0.41
July 31 2022,Pierce,WA,Truck,20,0,20,141171,141191,0.01
October 31 2023,Cowlitz,WA,Truck,10,0,10,27435,27445,0.04
January 31 2017,Loudoun,VA,Passenger,0,1,1,88,89,1.12
April 30 2022,Owyhee,ID,Passenger,1,0,1,2,3,33.33
October 31 2023,Rockdale,GA,Passenger,1,0,1,5,6,16.67
December 31 2017,Volusia,FL,Passenger,0,1,1,40,41,2.44
May 31 2022,Juneau,AK,Passenger,0,1,1,28,29,3.45
October 31 2023,Bartow,GA,Passenger,0,1,1,2,3,33.33
June 30 2021,Lincoln,WA,Passenger,5,13,18,7736,7754,0.23
December 31 2018,Contra Costa,CA,Passenger,0,2,2,403,405,0.49
October 31 2022,Adams,CO,Passenger,1,0,1,36,37,2.70
April 30 2023,District of Columbia,DC,Passenger,3,0,3,148,151,1.99
May 31 2020,Osceola,FL,Passenger,1,0,1,40,41,2.44
August 31 2018,Lincoln,WA,Passenger,3,6,9,7748,7757,0.12
April 30 2020,Ferry,WA,Passenger,5,3,8,4332,4340,0.18
November 30 2020,Los Angeles,CA,Passenger,8,10,18,988,1006,1.79
June 30 2019,Franklin,WA,Passenger,52,70,122,59905,60027,0.20
February 28 2018,Columbia,WA,Truck,0,0,0,1535,1535,0.00
November 30 2017,Orange,FL,Passenger,1,1,2,144,146,1.37
September 30 2018,Virginia Beach,VA,Passenger,2,1,3,698,701,0.43
October 31 2020,Montgomery,PA,Passenger,1,0,1,25,26,3.85
August 31 2022,Santa Cruz,CA,Passenger,1,0,1,25,26,3.85
October 31 2021,Gwinnett,GA,Passenger,1,0,1,61,62,1.61
January 31 2018,Spokane,WA,Passenger,300,255,555,300769,301324,0.18
February 28 2021,Clark,WA,Passenger,2505,1245,3750,318883,322633,1.16
June 30 2019,Kern,CA,Passenger,0,1,1,221,222,0.45
July 31 2022,Salt Lake,UT,Passenger,1,1,2,129,131,1.53
March 31 2020,Arapahoe,CO,Passenger,1,0,1,145,146,0.68
April 30 2021,DeKalb,GA,Passenger,1,0,1,67,68,1.47
May 31 2020,Wahkiakum,WA,Passenger,6,6,12,2964,2976,0.40
August 31 2018,Allegheny,PA,Passenger,1,0,1,82,83,1.20
June 30 2019,Williamson,TX,Passenger,0,1,1,148,149,0.67
May 31 2018,Williamson,TX,Passenger,0,1,1,164,165,0.61
May 31 2023,Atlantic,NJ,Passenger,1,0,1,9,10,10.00
March 31 2017,Cowlitz,WA,Passenger,51,48,99,69294,69393,0.14
April 30 2017,Jefferson,WA,Passenger,98,56,154,23743,23897,0.64
August 31 2018,Hennepin,MN,Passenger,1,0,1,108,109,0.92
August 31 2021,Norfolk,VA,Passenger,3,3,6,318,324,1.85
July 31 2021,Goochland,VA,Passenger,4,2,6,224,230,2.61
August 31 2019,San Diego,CA,Passenger,11,4,15,2764,2779,0.54
January 31 2023,El Paso,TX,Passenger,3,0,3,309,312,0.96
March 31 2020,Mason,WA,Truck,0,0,0,20574,20574,0.00
March 31 2021,Klickitat,WA,Truck,0,0,0,8171,8171,0.00
September 30 2022,Chesapeake,VA,Passenger,3,2,5,320,325,1.54
February 28 2021,Spartanburg,SC,Passenger,0,1,1,52,53,1.89
April 30 2021,Dakota,MN,Passenger,0,1,1,30,31,3.23
March 31 2021,Missoula,MT,Passenger,1,0,1,66,67,1.49
July 31 2022,Arlington,VA,Passenger,1,0,1,128,129,0.78
April 30 2022,Marion,IA,Passenger,1,0,1,0,1,100.00
November 30 2019,Spokane,WA,Passenger,630,470,1100,314583,315683,0.35
February 28 2021,Walla Walla,WA,Truck,0,0,0,13906,13906,0.00
March 31 2020,Hudson,NJ,Passenger,1,0,1,41,42,2.38
May 31 2019,Franklin,WA,Passenger,52,70,122,59781,59903,0.20
October 31 2022,James City,VA,Passenger,1,0,1,40,41,2.44
April 30 2017,Clallam,WA,Passenger,80,68,148,48124,48272,0.31
December 31 2022,York,VA,Passenger,1,0,1,80,81,1.23
December 31 2020,Orange,NC,Passenger,0,1,1,11,12,8.33
December 31 2022,Fulton,GA,Passenger,1,0,1,57,58,1.72
August 31 2022,Lake,IN,Passenger,0,1,1,9,10,10.00
August 31 2021,Louisa,VA,Passenger,0,1,1,1,2,50.00
March 31 2023,Sheridan,WY,Passenger,1,0,1,6,7,14.29
July 31 2021,Whatcom,WA,Truck,4,0,4,43859,43863,0.01
October 31 2021,Whatcom,WA,Passenger,1581,646,2227,150365,152592,1.46
May 31 2017,Wahkiakum,WA,Passenger,0,2,2,2837,2839,0.07
December 31 2017,Wahkiakum,WA,Truck,0,0,0,1670,1670,0.00
June 30 2020,RÃ­o Grande,PR,Passenger,1,0,1,1,2,50.00
January 31 2022,Montgomery,TX,Passenger,1,1,2,39,41,4.88
October 31 2020,Cascade,MT,Passenger,0,1,1,55,56,1.79
August 31 2019,Wilson,TX,Passenger,0,1,1,7,8,12.50
May 31 2022,Meade,KY,Passenger,1,0,1,21,22,4.55
July 31 2019,Richland,SC,Passenger,0,1,1,163,164,0.61
July 31 2020,Mason,WA,Truck,0,0,0,20711,20711,0.00
October 31 2023,Island,WA,Truck,34,0,34,20620,20654,0.16
June 30 2018,Okanogan,WA,Truck,0,0,0,16431,16431,0.00
May 31 2017,Ferry,WA,Passenger,1,1,2,4411,4413,0.05
February 28 2022,Baltimore,MD,Passenger,1,0,1,80,81,1.23
April 30 2017,Manatee,FL,Passenger,1,0,1,48,49,2.04
July 31 2023,Houston,GA,Passenger,1,0,1,26,27,3.70
May 31 2020,Washoe,NV,Passenger,1,0,1,113,114,0.88
April 30 2018,Sangamon,IL,Passenger,1,0,1,11,12,8.33
September 30 2017,Sedgwick,KS,Passenger,0,1,1,104,105,0.95
March 31 2018,Kitsap,WA,Passenger,740,428,1168,176876,178044,0.66
October 31 2019,Grays Harbor,WA,Truck,0,0,0,20728,20728,0.00
February 28 2018,Wahkiakum,WA,Truck,0,0,0,1673,1673,0.00
November 30 2017,Saratoga,NY,Passenger,1,1,2,70,72,2.78
November 30 2021,Broward,FL,Passenger,2,0,2,105,107,1.87
February 28 2022,Howard,IN,Passenger,0,1,1,6,7,14.29
November 30 2019,Frederick,MD,Passenger,1,1,2,85,87,2.30
August 31 2023,Marin,CA,Passenger,0,1,1,29,30,3.33
November 30 2022,Kitsap,WA,Passenger,2696,1134,3830,177287,181117,2.11
May 31 2023,Orange,CA,Passenger,8,3,11,311,322,3.42
July 31 2018,New London,CT,Passenger,0,1,1,249,250,0.40
October 31 2019,Brevard,FL,Passenger,0,1,1,96,97,1.03
September 30 2021,Fort Bend,TX,Passenger,1,0,1,38,39,2.56
June 30 2022,Carson City,NV,Passenger,1,0,1,9,10,10.00
June 30 2019,Tarrant,TX,Passenger,2,0,2,208,210,0.95
June 30 2022,Orange,NC,Passenger,0,1,1,7,8,12.50
November 30 2023,Lewis,WA,Truck,10,0,10,24828,24838,0.04
June 30 2017,Franklin,WA,Truck,0,0,0,18119,18119,0.00
January 31 2022,Kitsap,WA,Passenger,2188,969,3157,179755,182912,1.73
June 30 2021,St. Clair,IL,Passenger,2,0,2,135,137,1.46
April 30 2020,Snohomish,WA,Truck,0,0,0,123302,123302,0.00
December 31 2017,Lincoln,WA,Truck,0,0,0,4491,4491,0.00
March 31 2018,Utah,UT,Passenger,0,1,1,141,142,0.70
May 31 2017,Arlington,VA,Passenger,1,1,2,170,172,1.16
January 31 2019,Marion,OR,Passenger,1,0,1,120,121,0.83
September 30 2021,Fairbanks North Star,AK,Passenger,0,1,1,81,82,1.22
March 31 2021,Plaquemines,LA,Passenger,0,1,1,15,16,6.25
November 30 2021,Dorchester,SC,Passenger,1,0,1,67,68,1.47
January 31 2018,Clark,WA,Passenger,873,599,1472,305286,306758,0.48
May 31 2022,Whatcom,WA,Truck,5,0,5,43360,43365,0.01
October 31 2020,New London,CT,Passenger,1,2,3,237,240,1.25
June 30 2019,Snohomish,WA,Truck,0,0,0,122367,122367,0.00
February 28 2022,Kitsap,WA,Truck,0,0,0,54059,54059,0.00
August 31 2020,Ada,ID,Passenger,0,1,1,270,271,0.37
October 31 2023,Platte,MO,Passenger,2,0,2,21,23,8.70
February 28 2021,Pierce,WA,Passenger,3028,1809,4837,555243,560080,0.86
June 30 2020,Benton,WA,Truck,0,0,0,42700,42700,0.00
November 30 2022,Walla Walla,WA,Passenger,201,107,308,35703,36011,0.86
September 30 2017,Skamania,WA,Passenger,10,7,17,8572,8589,0.20
May 31 2019,Skagit,WA,Truck,1,0,1,32415,32416,0.00
September 30 2019,Lake,IL,Passenger,1,0,1,172,173,0.58
June 30 2019,Tulsa,OK,Passenger,1,1,2,49,51,3.92
August 31 2018,Norfolk,MA,Passenger,1,0,1,36,37,2.70
June 30 2020,Nassau,NY,Passenger,4,0,4,33,37,10.81
August 31 2023,Richmond,GA,Passenger,0,1,1,55,56,1.79
December 31 2022,Gwinnett,GA,Passenger,1,0,1,45,46,2.17
May 31 2020,Kittitas,WA,Truck,0,0,0,14555,14555,0.00
April 30 2020,Skagit,WA,Truck,1,0,1,32386,32387,0.00
April 30 2021,St. Clair,IL,Passenger,1,0,1,134,135,0.74
June 30 2017,Asotin,WA,Truck,0,0,0,6501,6501,0.00
January 31 2017,Honolulu,HI,Passenger,4,2,6,667,673,0.89
September 30 2020,Anne Arundel,MD,Passenger,1,1,2,405,407,0.49
March 31 2022,Ferry,WA,Passenger,17,3,20,4429,4449,0.45
October 31 2022,Cook,IL,Passenger,3,0,3,179,182,1.65
September 30 2023,York,VA,Passenger,1,0,1,68,69,1.45
April 30 2017,DeKalb,GA,Passenger,1,0,1,85,86,1.16
July 31 2022,Nassau,NY,Passenger,3,0,3,28,31,9.68
September 30 2022,Yellowstone,MT,Passenger,0,1,1,20,21,4.76
January 31 2019,Mercer,NJ,Passenger,0,1,1,20,21,4.76
January 31 2020,Chesapeake,VA,Passenger,0,1,1,430,431,0.23
October 31 2019,Adams,WA,Truck,0,0,0,5153,5153,0.00
July 31 2020,Benton,WA,Truck,0,0,0,42879,42879,0.00
November 30 2017,St. Clair,IL,Passenger,0,1,1,162,163,0.61
March 31 2022,Skagit,WA,Truck,1,0,1,32539,32540,0.00
October 31 2021,Chesapeake,VA,Passenger,1,2,3,385,388,0.77
January 31 2022,Los Angeles,CA,Passenger,9,7,16,856,872,1.83
January 31 2023,Thurston,WA,Truck,42,0,42,54603,54645,0.08
July 31 2022,Mason,WA,Passenger,320,176,496,47106,47602,1.04
June 30 2023,Charles,MD,Passenger,1,1,2,54,56,3.57
January 31 2017,Okaloosa,FL,Passenger,1,0,1,191,192,0.52
November 30 2023,Travis,TX,Passenger,2,0,2,65,67,2.99
September 30 2022,Owyhee,ID,Passenger,1,0,1,3,4,25.00
April 30 2021,Chelan,WA,Passenger,314,93,407,54666,55073,0.74
March 31 2017,Oklahoma,OK,Passenger,0,1,1,172,173,0.58
April 30 2020,Maricopa,AZ,Passenger,7,8,15,1510,1525,0.98
March 31 2018,Montgomery,TN,Passenger,1,0,1,273,274,0.36
February 29 2020,San Juan,WA,Truck,0,0,0,5922,5922,0.00
May 31 2017,Madison,ID,Passenger,1,0,1,40,41,2.44
June 30 2018,Mercer,NJ,Passenger,0,1,1,21,22,4.55
July 31 2020,New Haven,CT,Passenger,0,2,2,35,37,5.41
June 30 2022,Larimer,CO,Passenger,1,0,1,44,45,2.22
March 31 2023,Louisa,VA,Passenger,0,1,1,1,2,50.00
December 31 2017,Cowlitz,WA,Passenger,54,67,121,70745,70866,0.17
February 29 2020,Skamania,WA,Passenger,28,18,46,8769,8815,0.52
October 31 2017,Northampton,PA,Passenger,0,1,1,69,70,1.43
August 31 2019,District of Columbia,DC,Passenger,1,1,2,208,210,0.95
May 31 2023,Snohomish,WA,Truck,162,0,162,121569,121731,0.13
December 31 2019,Washoe,NV,Passenger,1,0,1,116,117,0.85
June 30 2017,Lumpkin,GA,Passenger,1,0,1,9,10,10.00
October 31 2019,Yakima,WA,Passenger,116,114,230,165899,166129,0.14
September 30 2019,Island,WA,Passenger,346,250,596,63452,64048,0.93
August 31 2021,Stevens,WA,Truck,0,0,0,18909,18909,0.00
May 31 2018,Saratoga,NY,Passenger,1,1,2,63,65,3.08
May 31 2019,Snohomish,WA,Truck,1,0,1,122069,122070,0.00
July 31 2017,Okaloosa,FL,Passenger,1,0,1,185,186,0.54
October 31 2017,Fulton,GA,Passenger,1,0,1,108,109,0.92
January 31 2020,Charleston,SC,Passenger,1,0,1,113,114,0.88
November 30 2021,Hamilton,IN,Passenger,2,0,2,31,33,6.06
August 31 2023,Atlantic,NJ,Passenger,1,0,1,10,11,9.09
November 30 2019,Lake,CA,Passenger,0,1,1,10,11,9.09
August 31 2021,Grant,WA,Passenger,123,96,219,66840,67059,0.33
August 31 2020,St. Mary's,MD,Passenger,1,0,1,218,219,0.46
February 28 2022,St. Clair,IL,Passenger,2,0,2,120,122,1.64
August 31 2022,Thurston,WA,Passenger,2325,1086,3411,192894,196305,1.74
June 30 2021,Jefferson,WA,Truck,0,0,0,9624,9624,0.00
September 30 2017,Montgomery,TN,Passenger,1,0,1,281,282,0.35
March 31 2018,Snohomish,WA,Truck,1,0,1,121231,121232,0.00
June 30 2021,Anne Arundel,MD,Passenger,4,1,5,394,399,1.25
January 31 2018,Skagit,WA,Passenger,170,140,310,89777,90087,0.34
October 31 2022,Queens,NY,Passenger,1,0,1,38,39,2.56
September 30 2023,San Bernardino,CA,Passenger,2,1,3,238,241,1.24
October 31 2022,Howard,MD,Passenger,0,2,2,55,57,3.51
July 31 2023,Nueces,TX,Passenger,1,1,2,49,51,3.92
December 31 2021,York,VA,Passenger,1,0,1,95,96,1.04
March 31 2020,Kootenai,ID,Passenger,1,1,2,228,230,0.87
September 30 2021,Grays Harbor,WA,Passenger,183,150,333,49474,49807,0.67
June 30 2023,Kings,CA,Passenger,2,2,4,269,273,1.47
December 31 2020,Klickitat,WA,Passenger,62,43,105,14978,15083,0.70
September 30 2020,Island,WA,Truck,1,0,1,21242,21243,0.00
February 28 2023,,,Passenger,2,0,2,262,264,0.76
October 31 2018,Sedgwick,KS,Passenger,0,1,1,102,103,0.97
July 31 2023,Washington,OR,Passenger,1,0,1,223,224,0.45
September 30 2020,Nassau,NY,Passenger,4,0,4,32,36,11.11
June 30 2019,Fulton,GA,Passenger,1,2,3,104,107,2.80
September 30 2023,Leavenworth,KS,Passenger,0,1,1,86,87,1.15
May 31 2021,Whatcom,WA,Truck,4,0,4,43866,43870,0.01
March 31 2019,El Paso,CO,Passenger,3,3,6,757,763,0.79
June 30 2018,Stevens,WA,Truck,0,0,0,18606,18606,0.00
September 30 2022,Alameda,CA,Passenger,6,0,6,185,191,3.14
July 31 2020,Lake,IL,Passenger,1,0,1,170,171,0.58
June 30 2021,Rockingham,NH,Passenger,1,0,1,22,23,4.35
September 30 2023,Collin,TX,Passenger,2,0,2,30,32,6.25
May 31 2020,Boone,MO,Passenger,0,1,1,10,11,9.09
January 31 2021,Sumter,FL,Passenger,0,1,1,10,11,9.09
May 31 2017,Gwinnett,GA,Passenger,0,1,1,89,90,1.11
March 31 2019,Okanogan,WA,Passenger,20,21,41,25905,25946,0.16
March 31 2017,Whitman,WA,Passenger,9,18,27,21935,21962,0.12
March 31 2018,Skagit,WA,Truck,1,0,1,31923,31924,0.00
November 30 2023,Harris,TX,Passenger,1,0,1,91,92,1.09
June 30 2019,Whitman,WA,Passenger,31,46,77,22705,22782,0.34
November 30 2019,Maui,HI,Passenger,2,0,2,44,46,4.35
September 30 2017,Franklin,OH,Passenger,0,1,1,112,113,0.88
April 30 2023,Hardin,KY,Passenger,1,0,1,56,57,1.75
December 31 2020,Juneau,AK,Passenger,0,1,1,24,25,4.00
February 28 2022,Marion,IA,Passenger,1,0,1,0,1,100.00
November 30 2019,Grays Harbor,WA,Passenger,99,99,198,48344,48542,0.41
May 31 2018,Thurston,WA,Passenger,548,468,1016,192353,193369,0.53
February 28 2022,Skamania,WA,Truck,0,0,0,3998,3998,0.00
September 30 2021,Prince William,VA,Passenger,1,1,2,212,214,0.93
July 31 2017,Clallam,WA,Passenger,93,77,170,48416,48586,0.35
December 31 2022,Okanogan,WA,Passenger,99,52,151,26168,26319,0.57
September 30 2023,James City,VA,Passenger,1,0,1,37,38,2.63
February 28 2019,Kittitas,WA,Truck,0,0,0,14262,14262,0.00
January 31 2021,Klickitat,WA,Passenger,63,43,106,14987,15093,0.70
February 28 2018,Jefferson,NY,Passenger,1,0,1,229,230,0.43
January 31 2022,Rockingham,NH,Passenger,1,0,1,19,20,5.00
July 31 2021,Okanogan,WA,Passenger,65,43,108,26531,26639,0.41
September 30 2018,Lewis,WA,Passenger,84,66,150,57931,58081,0.26
September 30 2022,Fort Bend,TX,Passenger,1,0,1,24,25,4.00
April 30 2020,Boone,MO,Passenger,0,1,1,12,13,7.69
March 31 2023,Wilson,TX,Passenger,0,1,1,3,4,25.00
July 31 2018,Saratoga,NY,Passenger,1,1,2,62,64,3.12
January 31 2019,Pinal,AZ,Passenger,2,0,2,205,207,0.97
February 28 2023,Maricopa,AZ,Passenger,8,4,12,762,774,1.55
January 31 2022,Jefferson,WA,Truck,0,0,0,9571,9571,0.00
October 31 2023,Yakima,WA,Passenger,587,283,870,163303,164173,0.53
February 28 2018,Wahkiakum,WA,Passenger,0,2,2,2860,2862,0.07
January 31 2022,Pinellas,FL,Passenger,0,1,1,92,93,1.08
July 31 2022,Adams,WA,Passenger,19,10,29,12927,12956,0.22
October 31 2021,Tarrant,TX,Passenger,1,0,1,148,149,0.67
August 31 2021,Pima,AZ,Passenger,1,1,2,281,283,0.71
February 28 2019,Moore,NC,Passenger,0,1,1,184,185,0.54
September 30 2022,Williamsburg,VA,Passenger,0,1,1,7,8,12.50
October 31 2020,Washtenaw,MI,Passenger,1,1,2,32,34,5.88
November 30 2021,Ulster,NY,Passenger,1,0,1,13,14,7.14
December 31 2017,Adams,WA,Truck,0,0,0,5127,5127,0.00
August 31 2020,Pierce,WA,Passenger,2519,1703,4222,552294,556516,0.76
May 31 2019,Broward,FL,Passenger,2,1,3,128,131,2.29
May 31 2021,New London,CT,Passenger,1,2,3,224,227,1.32
February 28 2018,Flathead,MT,Passenger,1,0,1,56,57,1.75
January 31 2021,St. Louis,MO,Passenger,1,0,1,99,100,1.00
June 30 2023,Travis,TX,Passenger,2,0,2,82,84,2.38
May 31 2023,Lake,IL,Passenger,2,0,2,117,119,1.68
October 31 2017,Norfolk,MA,Passenger,1,0,1,38,39,2.56
September 30 2020,Washtenaw,MI,Passenger,1,1,2,35,37,5.41
June 30 2019,Yakima,WA,Passenger,105,104,209,165138,165347,0.13
August 31 2018,Clark,NV,Passenger,2,2,4,740,744,0.54
November 30 2019,Lincoln,WA,Passenger,1,11,12,7798,7810,0.15
September 30 2023,Snohomish,WA,Truck,208,0,208,119578,119786,0.17
May 31 2020,Lake,IL,Passenger,1,0,1,170,171,0.58
March 31 2023,San Joaquin,CA,Passenger,0,1,1,77,78,1.28
May 31 2021,Philadelphia,PA,Passenger,1,0,1,52,53,1.89
March 31 2023,Pulaski,AR,Passenger,3,0,3,22,25,12.00
February 28 2022,Carson City,NV,Passenger,1,0,1,8,9,11.11
June 30 2017,Eagle,CO,Passenger,1,0,1,7,8,12.50
August 31 2023,Wilson,TX,Passenger,0,1,1,3,4,25.00
September 30 2021,Pend Oreille,WA,Passenger,17,7,24,9237,9261,0.26
February 28 2021,Kitsap,WA,Truck,0,0,0,54264,54264,0.00
February 28 2019,Charleston,SC,Passenger,1,0,1,124,125,0.80
September 30 2019,Jefferson,NY,Passenger,0,2,2,217,219,0.91
May 31 2023,Montgomery,MD,Passenger,5,3,8,185,193,4.15
December 31 2021,Suffolk,MA,Passenger,0,2,2,28,30,6.67
February 28 2017,Saratoga,NY,Passenger,1,1,2,77,79,2.53
April 30 2018,Asotin,WA,Passenger,8,6,14,12636,12650,0.11
July 31 2021,Thurston,WA,Truck,0,0,0,56478,56478,0.00
February 28 2017,Montgomery,MD,Passenger,1,0,1,309,310,0.32
February 28 2017,Garfield,WA,Truck,0,0,0,933,933,0.00
October 31 2018,Richmond,GA,Passenger,0,1,1,95,96,1.04
February 28 2022,Onslow,NC,Passenger,0,1,1,173,174,0.57
May 31 2019,Collin,TX,Passenger,2,1,3,138,141,2.13
March 31 2018,Walla Walla,WA,Passenger,32,36,68,35460,35528,0.19
January 31 2021,Chelan,WA,Truck,0,0,0,22842,22842,0.00
March 31 2023,Williamson,TX,Passenger,0,1,1,56,57,1.75
April 30 2022,Onslow,NC,Passenger,0,1,1,167,168,0.60
August 31 2023,Kent,DE,Passenger,1,0,1,43,44,2.27
October 31 2022,Washtenaw,MI,Passenger,0,1,1,25,26,3.85
July 31 2022,Marin,CA,Passenger,0,1,1,31,32,3.12
May 31 2023,Las Animas,CO,Passenger,1,0,1,0,1,100.00
October 31 2023,Virginia Beach,VA,Passenger,4,2,6,402,408,1.47
June 30 2022,,,Passenger,3,1,4,294,298,1.34
March 31 2018,Prince William,VA,Passenger,0,4,4,266,270,1.48
July 31 2020,Gwinnett,GA,Passenger,1,0,1,73,74,1.35
March 31 2019,Jefferson,CO,Passenger,0,2,2,60,62,3.23
June 30 2020,Wilson,TX,Passenger,0,1,1,6,7,14.29
June 30 2017,Virginia Beach,VA,Passenger,2,1,3,651,654,0.46
September 30 2021,Jefferson,WA,Passenger,357,186,543,24796,25339,2.14
June 30 2021,Clark,NV,Passenger,5,2,7,634,641,1.09
April 30 2020,Suffolk,VA,Passenger,1,0,1,126,127,0.79
September 30 2017,Polk,FL,Passenger,1,0,1,63,64,1.56
December 31 2021,Cook,IL,Passenger,2,0,2,205,207,0.97
September 30 2022,Coryell,TX,Passenger,1,0,1,88,89,1.12
July 31 2020,Walla Walla,WA,Truck,0,0,0,13753,13753,0.00
September 30 2022,Whatcom,WA,Passenger,1951,770,2721,148717,151438,1.80
December 31 2022,San Diego,CA,Passenger,20,8,28,2244,2272,1.23
November 30 2019,Island,WA,Truck,1,0,1,21305,21306,0.00
August 31 2021,Columbia,WA,Passenger,7,2,9,2457,2466,0.36
July 31 2018,Latah,ID,Passenger,0,1,1,75,76,1.32
March 31 2021,RÃ­o Grande,PR,Passenger,1,0,1,1,2,50.00
January 31 2021,Portsmouth,VA,Passenger,0,1,1,80,81,1.23
March 31 2018,Ramsey,MN,Passenger,1,0,1,39,40,2.50
June 30 2018,Shelby,TN,Passenger,0,1,1,105,106,0.94
February 28 2022,Dallas,TX,Passenger,1,0,1,134,135,0.74
October 31 2017,Santa Fe,NM,Passenger,0,1,1,42,43,2.33
April 30 2023,Meade,KY,Passenger,1,0,1,16,17,5.88
October 31 2017,King,WA,Truck,7,1,8,185836,185844,0.00
October 31 2018,Skagit,WA,Passenger,240,180,420,91007,91427,0.46
May 31 2019,Mecklenburg,NC,Passenger,1,0,1,84,85,1.18
January 31 2018,Montgomery,PA,Passenger,1,0,1,33,34,2.94
March 31 2019,Montgomery,TX,Passenger,2,0,2,65,67,2.99
April 30 2019,Shasta,CA,Passenger,1,0,1,43,44,2.27
November 30 2019,Berkshire,MA,Passenger,0,1,1,5,6,16.67
September 30 2021,Klickitat,WA,Truck,0,0,0,8335,8335,0.00
March 31 2021,Prince William,VA,Passenger,1,1,2,217,219,0.91
December 31 2017,Jefferson,WA,Passenger,121,74,195,24280,24475,0.80
August 31 2017,Dallas,TX,Passenger,0,1,1,184,185,0.54
June 30 2018,Jefferson,NY,Passenger,0,1,1,227,228,0.44
July 31 2022,Mercer,NJ,Passenger,0,1,1,12,13,7.69
December 31 2020,,,Passenger,4,1,5,351,356,1.40
July 31 2017,Pend Oreille,WA,Passenger,3,4,7,9321,9328,0.08
November 30 2019,Adams,WA,Truck,0,0,0,5183,5183,0.00
October 31 2018,New London,CT,Passenger,0,1,1,253,254,0.39
July 31 2017,Snohomish,WA,Passenger,1818,919,2737,513238,515975,0.53
July 31 2017,Okanogan,WA,Truck,0,0,0,16226,16226,0.00
March 31 2020,Goochland,VA,Passenger,2,1,3,266,269,1.12
March 31 2018,Clay,FL,Passenger,0,1,1,100,101,0.99
May 31 2019,Lake,FL,Passenger,1,0,1,20,21,4.76
March 31 2021,Bradley,TN,Passenger,1,0,1,0,1,100.00
May 31 2018,Honolulu,HI,Passenger,2,2,4,539,543,0.74
July 31 2023,Pacific,WA,Truck,4,0,4,7832,7836,0.05
August 31 2020,Mason,WA,Passenger,162,133,295,47402,47697,0.62
May 31 2018,Adams,WA,Truck,0,0,0,5157,5157,0.00
December 31 2018,Montgomery,MD,Passenger,1,0,1,279,280,0.36
June 30 2019,Placer,CA,Passenger,1,0,1,108,109,0.92
December 31 2018,San Juan,PR,Passenger,0,1,1,5,6,16.67
March 31 2020,Montgomery,AL,Passenger,0,1,1,37,38,2.63
June 30 2022,Sheridan,WY,Passenger,1,0,1,7,8,12.50
March 31 2017,King,WA,Passenger,9314,3787,13101,1382596,1395697,0.94
October 31 2022,Grant,WA,Passenger,211,108,319,66685,67004,0.48
October 31 2022,Adams,WA,Passenger,22,12,34,13030,13064,0.26
October 31 2021,Asotin,WA,Truck,0,0,0,6744,6744,0.00
April 30 2020,Douglas,WA,Truck,0,0,0,12267,12267,0.00
August 31 2021,El Paso,TX,Passenger,3,0,3,379,382,0.79
May 31 2021,Maricopa,AZ,Passenger,5,6,11,1264,1275,0.86
August 31 2021,Franklin,WA,Passenger,139,99,238,61937,62175,0.38
July 31 2019,Skagit,WA,Passenger,307,210,517,92207,92724,0.56
August 31 2020,Garfield,WA,Truck,0,0,0,993,993,0.00
October 31 2023,Vernon,LA,Passenger,1,0,1,62,63,1.59
January 31 2017,Harnett,NC,Passenger,1,0,1,273,274,0.36
May 31 2023,Moore,NC,Passenger,0,1,1,106,107,0.93
December 31 2018,Howard,MD,Passenger,0,1,1,86,87,1.15
February 28 2021,Boone,MO,Passenger,0,1,1,10,11,9.09
June 30 2018,Essex,NJ,Passenger,1,0,1,13,14,7.14
May 31 2023,Dallas,TX,Passenger,1,0,1,82,83,1.20
October 31 2023,Adams,CO,Passenger,1,0,1,18,19,5.26
September 30 2019,Lake,CA,Passenger,0,1,1,10,11,9.09
April 30 2022,Cowlitz,WA,Passenger,314,172,486,70897,71383,0.68
July 31 2017,Cowlitz,WA,Passenger,52,61,113,69771,69884,0.16
July 31 2018,Fairfax,VA,Passenger,3,2,5,836,841,0.59
November 30 2021,Lincoln,WA,Passenger,7,16,23,7690,7713,0.30
July 31 2019,Deschutes,OR,Passenger,3,0,3,159,162,1.85
April 30 2022,Ferry,WA,Truck,0,0,0,3567,3567,0.00
January 31 2021,Boone,MO,Passenger,0,1,1,10,11,9.09
December 31 2018,Kent,MI,Passenger,0,1,1,25,26,3.85
May 31 2021,Penobscot,ME,Passenger,0,1,1,10,11,9.09
April 30 2021,Larimer,CO,Passenger,1,0,1,51,52,1.92
July 31 2020,Thurston,WA,Passenger,1175,743,1918,197065,198983,0.96
May 31 2018,Whatcom,WA,Truck,2,0,2,42192,42194,0.00
August 31 2021,Pinellas,FL,Passenger,0,1,1,95,96,1.04
April 30 2020,Richland,SC,Passenger,0,1,1,157,158,0.63
June 30 2023,Contra Costa,CA,Passenger,0,3,3,186,189,1.59
September 30 2023,St. Louis,MO,Passenger,1,0,1,45,46,2.17
April 30 2021,Wichita,TX,Passenger,1,0,1,42,43,2.33
January 31 2021,Palm Beach,FL,Passenger,0,1,1,75,76,1.32
September 30 2023,Hennepin,MN,Passenger,1,0,1,32,33,3.03
March 31 2017,Hamilton,TN,Passenger,1,0,1,26,27,3.70
November 30 2020,Collier,FL,Passenger,1,0,1,18,19,5.26
September 30 2023,Clallam,WA,Passenger,610,303,913,48561,49474,1.85
December 31 2017,Pend Oreille,WA,Passenger,3,4,7,9442,9449,0.07
August 31 2017,Columbia,WA,Passenger,1,1,2,2353,2355,0.08
September 30 2017,Utah,UT,Passenger,0,1,1,149,150,0.67
September 30 2017,Prince George's,MD,Passenger,0,1,1,182,183,0.55
June 30 2019,Charleston,SC,Passenger,1,0,1,119,120,0.83
June 30 2023,Williamson,TX,Passenger,0,1,1,48,49,2.04
July 31 2019,Valencia,NM,Passenger,1,0,1,8,9,11.11
September 30 2019,Santa Cruz,CA,Passenger,1,0,1,38,39,2.56
August 31 2022,Whatcom,WA,Truck,13,0,13,43131,43144,0.03
February 28 2022,Orange,CA,Passenger,4,3,7,402,409,1.71
March 31 2017,Grant,WA,Passenger,17,21,38,60330,60368,0.06
February 28 2017,Multnomah,OR,Passenger,0,3,3,1150,1153,0.26
February 29 2020,Clark,WA,Truck,0,0,0,81969,81969,0.00
November 30 2022,Dallas,TX,Passenger,1,0,1,98,99,1.01
November 30 2017,Lincoln,WA,Truck,0,0,0,4482,4482,0.00
January 31 2019,Deschutes,OR,Passenger,3,0,3,169,172,1.74
July 31 2020,Kitsap,WA,Truck,0,0,0,54137,54137,0.00
November 30 2019,St. Mary's,MD,Passenger,1,0,1,219,220,0.45
September 30 2022,Contra Costa,CA,Passenger,0,3,3,226,229,1.31
June 30 2017,Franklin,WA,Passenger,26,45,71,55611,55682,0.13
August 31 2021,Benton,WA,Passenger,566,409,975,136166,137141,0.71
December 31 2022,Howard,MD,Passenger,0,2,2,49,51,3.92
November 30 2022,Washington,OR,Passenger,1,0,1,281,282,0.35
August 31 2020,Douglas,NE,Passenger,0,1,1,53,54,1.85
April 30 2022,Williamsburg,VA,Passenger,0,1,1,6,7,14.29
October 31 2023,Lake,IN,Passenger,0,1,1,4,5,20.00
March 31 2023,Marion,IA,Passenger,1,0,1,0,1,100.00
April 30 2023,Ray,MO,Passenger,0,1,1,0,1,100.00
September 30 2018,Douglas,WA,Passenger,48,33,81,27851,27932,0.29
March 31 2017,Grays Harbor,WA,Passenger,27,26,53,44416,44469,0.12
June 30 2022,Calvert,MD,Passenger,0,2,2,75,77,2.60
January 31 2020,Howard,MD,Passenger,0,1,1,76,77,1.30
June 30 2018,Williamson,TX,Passenger,0,1,1,162,163,0.61
November 30 2023,Parker,TX,Passenger,0,1,1,11,12,8.33
March 31 2021,Mercer,NJ,Passenger,0,1,1,12,13,7.69
April 30 2023,Spokane,WA,Passenger,2162,1034,3196,322330,325526,0.98
February 28 2018,Clark,WA,Passenger,888,616,1504,305288,306792,0.49
January 31 2017,Northampton,PA,Passenger,2,0,2,259,261,0.77
May 31 2017,Travis,TX,Passenger,1,1,2,194,196,1.02
January 31 2023,Travis,TX,Passenger,3,0,3,87,90,3.33
November 30 2019,Vigo,IN,Passenger,1,0,1,6,7,14.29
September 30 2022,Washington,MD,Passenger,2,0,2,15,17,11.76
April 30 2019,Polk,FL,Passenger,1,0,1,66,67,1.49
January 31 2018,San Juan,WA,Truck,0,0,0,5641,5641,0.00
February 28 2019,Multnomah,OR,Passenger,4,5,9,769,778,1.16
October 31 2018,St. Mary's,MD,Passenger,1,0,1,221,222,0.45
October 31 2019,Chelan,WA,Truck,0,0,0,22498,22498,0.00
July 31 2017,Wahkiakum,WA,Passenger,0,2,2,2836,2838,0.07
September 30 2018,El Paso,TX,Passenger,1,0,1,504,505,0.20
June 30 2019,Garfield,WA,Truck,0,0,0,963,963,0.00
January 31 2017,Clark,NV,Passenger,1,4,5,935,940,0.53
July 31 2021,Prince William,VA,Passenger,1,1,2,207,209,0.96
June 30 2021,Travis,TX,Passenger,4,3,7,163,170,4.12
March 31 2020,Montgomery,PA,Passenger,1,0,1,35,36,2.78
February 28 2018,Santa Fe,NM,Passenger,0,1,1,44,45,2.22
February 28 2019,Shasta,CA,Passenger,1,0,1,48,49,2.04
August 31 2019,Collier,FL,Passenger,1,0,1,17,18,5.56
December 31 2022,Hawaii,HI,Passenger,1,0,1,31,32,3.12
November 30 2019,Eagle,CO,Passenger,1,0,1,6,7,14.29
September 30 2017,Missoula,MT,Passenger,1,0,1,70,71,1.41
July 31 2020,Denver,CO,Passenger,1,0,1,114,115,0.87
September 30 2023,Marin,CA,Passenger,0,1,1,26,27,3.70
October 31 2020,Kauai,HI,Passenger,1,0,1,16,17,5.88
April 30 2022,Jefferson,WA,Truck,0,0,0,9521,9521,0.00
March 31 2021,Grays Harbor,WA,Passenger,150,131,281,49011,49292,0.57
October 31 2023,Adams,WA,Passenger,29,12,41,12828,12869,0.32
March 31 2017,Klickitat,WA,Passenger,21,23,44,14775,14819,0.30
July 31 2021,Leavenworth,KS,Passenger,0,1,1,119,120,0.83
October 31 2018,Grays Harbor,WA,Truck,0,0,0,20286,20286,0.00
September 30 2022,Clark,NV,Passenger,8,2,10,481,491,2.04
November 30 2018,Tarrant,TX,Passenger,1,0,1,212,213,0.47
December 31 2021,Harnett,NC,Passenger,1,1,2,163,165,1.21
February 28 2021,Philadelphia,PA,Passenger,1,0,1,60,61,1.64
October 31 2022,Loudoun,VA,Passenger,3,1,4,61,65,6.15
October 31 2018,Eagle,CO,Passenger,1,0,1,5,6,16.67
July 31 2021,Kittitas,WA,Passenger,166,68,234,29975,30209,0.77
December 31 2019,Whatcom,WA,Passenger,987,477,1464,151669,153133,0.96
December 31 2020,Chelan,WA,Truck,0,0,0,22802,22802,0.00
November 30 2023,Okanogan,WA,Truck,8,0,8,15690,15698,0.05
April 30 2022,Skagit,WA,Truck,1,0,1,32472,32473,0.00
July 31 2023,Portsmouth,VA,Passenger,0,1,1,67,68,1.47
August 31 2017,Tulare,CA,Passenger,1,0,1,197,198,0.51
May 31 2017,Howard,MD,Passenger,0,2,2,92,94,2.13
September 30 2018,Fulton,GA,Passenger,1,2,3,106,109,2.75
September 30 2021,Lee,FL,Passenger,1,0,1,39,40,2.50
September 30 2019,Chelan,WA,Truck,0,0,0,22423,22423,0.00
October 31 2019,Houston,GA,Passenger,1,0,1,56,57,1.75
July 31 2020,San Mateo,CA,Passenger,0,1,1,117,118,0.85
November 30 2018,Okanogan,WA,Passenger,15,22,37,26129,26166,0.14
December 31 2018,Whitman,WA,Passenger,24,38,62,22808,22870,0.27
May 31 2023,El Paso,TX,Passenger,3,0,3,285,288,1.04
June 30 2022,Montgomery,MD,Passenger,4,2,6,207,213,2.82
January 31 2023,Howard,MD,Passenger,0,2,2,50,52,3.85
June 30 2017,Orleans,LA,Passenger,0,1,1,46,47,2.13
September 30 2020,Sarasota,FL,Passenger,2,0,2,26,28,7.14
February 29 2020,Mason,WA,Passenger,150,135,285,47585,47870,0.60
April 30 2023,Berkeley,SC,Passenger,0,1,1,106,107,0.93
May 31 2017,Lee,AL,Passenger,1,0,1,36,37,2.70
April 30 2021,Burlington,NJ,Passenger,0,1,1,133,134,0.75
March 31 2019,Klamath,OR,Passenger,1,0,1,39,40,2.50
February 28 2019,Beaufort,SC,Passenger,1,0,1,38,39,2.56
August 31 2023,Charlottesville,VA,Passenger,0,1,1,3,4,25.00
June 30 2019,Okanogan,WA,Truck,0,0,0,16481,16481,0.00
October 31 2020,Grant,WA,Truck,0,0,0,27383,27383,0.00
March 31 2017,Lewis,WA,Passenger,45,34,79,55096,55175,0.14
February 29 2020,Stevens,WA,Passenger,33,33,66,31432,31498,0.21
April 30 2017,Chelan,WA,Truck,0,0,0,21208,21208,0.00
June 30 2023,Snohomish,WA,Passenger,12649,3060,15709,527444,543153,2.89
July 31 2021,El Paso,TX,Passenger,3,0,3,385,388,0.77
July 31 2019,Clay,FL,Passenger,0,1,1,85,86,1.16
August 31 2019,Polk,FL,Passenger,1,0,1,69,70,1.43
April 30 2020,Kitsap,WA,Passenger,1311,676,1987,180526,182513,1.09
January 31 2021,Kittitas,WA,Passenger,134,52,186,29829,30015,0.62
June 30 2019,Spokane,WA,Truck,1,0,1,94846,94847,0.00
September 30 2021,Garfield,WA,Passenger,0,3,3,1364,1367,0.22
August 31 2021,Orange,CA,Passenger,5,2,7,431,438,1.60
September 30 2021,Placer,CA,Passenger,2,0,2,73,75,2.67
June 30 2017,King,WA,Truck,8,1,9,187727,187736,0.00
December 31 2019,Travis,TX,Passenger,3,1,4,202,206,1.94
March 31 2023,Bexar,TX,Passenger,3,3,6,385,391,1.53
December 31 2021,Danville,VA,Passenger,1,0,1,0,1,100.00
September 30 2018,King,WA,Passenger,14201,6079,20280,1373782,1394062,1.45
February 28 2017,Gwinnett,GA,Passenger,0,1,1,90,91,1.10
January 31 2021,Lincoln,WA,Truck,0,0,0,4692,4692,0.00
September 30 2019,Hillsborough,FL,Passenger,0,1,1,194,195,0.51
January 31 2022,Maricopa,AZ,Passenger,7,4,11,1119,1130,0.97
May 31 2022,Coryell,TX,Passenger,1,0,1,100,101,0.99
December 31 2022,,,Passenger,2,0,2,276,278,0.72
December 31 2020,Island,WA,Truck,0,0,0,21346,21346,0.00
September 30 2022,Franklin,WA,Truck,2,0,2,20919,20921,0.01
August 31 2019,Columbia,WA,Passenger,2,2,4,2456,2460,0.16
October 31 2019,New Haven,CT,Passenger,0,2,2,47,49,4.08
December 31 2019,Williamson,TX,Passenger,0,2,2,149,151,1.32
June 30 2020,Dakota,MN,Passenger,0,1,1,34,35,2.86
February 28 2022,Houston,GA,Passenger,1,0,1,38,39,2.56
July 31 2021,Kings,NY,Passenger,1,0,1,67,68,1.47
September 30 2022,Albemarle,VA,Passenger,1,0,1,18,19,5.26
December 31 2019,Shasta,CA,Passenger,1,0,1,40,41,2.44
November 30 2021,Wilson,TX,Passenger,0,1,1,3,4,25.00
February 29 2020,Whatcom,WA,Truck,3,0,3,43146,43149,0.01
October 31 2023,Island,WA,Passenger,1220,463,1683,60163,61846,2.72
February 28 2021,Kern,CA,Passenger,0,1,1,218,219,0.46
March 31 2023,Chelan,WA,Passenger,580,150,730,54235,54965,1.33
August 31 2020,Clay,FL,Passenger,0,1,1,81,82,1.22
March 31 2021,Fort Bend,TX,Passenger,1,0,1,40,41,2.44
August 31 2022,Henrico,VA,Passenger,0,1,1,10,11,9.09
August 31 2020,Washtenaw,MI,Passenger,1,1,2,37,39,5.13
April 30 2021,Howard,IN,Passenger,0,1,1,3,4,25.00
March 31 2020,Frederick,MD,Passenger,1,1,2,81,83,2.41
May 31 2023,Randolph,NC,Passenger,1,0,1,3,4,25.00
July 31 2019,Pacific,WA,Truck,0,0,0,7665,7665,0.00
March 31 2020,Okanogan,WA,Passenger,34,31,65,26066,26131,0.25
August 31 2019,Thurston,WA,Truck,0,0,0,55440,55440,0.00
October 31 2021,Broward,FL,Passenger,2,0,2,105,107,1.87
August 31 2019,Norfolk,VA,Passenger,2,2,4,350,354,1.13
April 30 2017,New Haven,CT,Passenger,0,1,1,59,60,1.67
February 29 2020,Penobscot,ME,Passenger,0,1,1,16,17,5.88
April 30 2019,Santa Rosa,FL,Passenger,1,0,1,89,90,1.11
June 30 2023,Allen,IN,Passenger,1,0,1,12,13,7.69
September 30 2023,Travis,TX,Passenger,2,0,2,74,76,2.63
August 31 2019,Dallas,TX,Passenger,1,0,1,213,214,0.47
February 29 2020,Nueces,TX,Passenger,1,0,1,83,84,1.19
July 31 2017,Madison,ID,Passenger,1,0,1,38,39,2.56
January 31 2021,Klickitat,WA,Truck,0,0,0,8115,8115,0.00
May 31 2022,Riverside,CA,Passenger,8,1,9,469,478,1.88
April 30 2019,Kitsap,WA,Truck,1,0,1,53870,53871,0.00
April 30 2022,Hillsborough,FL,Passenger,0,3,3,126,129,2.33
February 28 2021,Skamania,WA,Passenger,37,24,61,8287,8348,0.73
December 31 2022,Essex,MA,Passenger,1,0,1,16,17,5.88
July 31 2023,Asotin,WA,Truck,0,0,0,6620,6620,0.00
June 30 2023,Howard,MD,Passenger,0,2,2,48,50,4.00
September 30 2019,Multnomah,OR,Passenger,5,6,11,750,761,1.45
August 31 2020,Jefferson,WA,Truck,0,0,0,9538,9538,0.00
April 30 2020,Whatcom,WA,Truck,3,0,3,42831,42834,0.01
August 31 2021,Lane,OR,Passenger,0,2,2,127,129,1.55
November 30 2022,Monterey,CA,Passenger,1,2,3,124,127,2.36
February 28 2018,DeKalb,GA,Passenger,1,0,1,87,88,1.14
April 30 2023,Lake,IN,Passenger,0,1,1,8,9,11.11
July 31 2021,Allen,IN,Passenger,1,0,1,18,19,5.26
February 28 2022,Hawaii,HI,Passenger,1,0,1,41,42,2.38
August 31 2018,King,WA,Passenger,13799,5938,19737,1373546,1393283,1.42
October 31 2017,Skagit,WA,Truck,1,0,1,31627,31628,0.00
September 30 2020,Shelby,TN,Passenger,0,1,1,83,84,1.19
July 31 2021,Douglas,WA,Truck,0,0,0,12692,12692,0.00
March 31 2018,Skamania,WA,Passenger,12,8,20,8666,8686,0.23
December 31 2019,Pinellas,FL,Passenger,1,1,2,115,117,1.71
February 28 2021,Skagit,WA,Truck,1,0,1,32849,32850,0.00
March 31 2023,Charleston,SC,Passenger,2,2,4,58,62,6.45
October 31 2021,Boulder,CO,Passenger,2,1,3,45,48,6.25
June 30 2018,Kitsap,WA,Passenger,796,460,1256,178511,179767,0.70
November 30 2018,Deschutes,OR,Passenger,3,0,3,168,171,1.75
July 31 2021,Norfolk,VA,Passenger,3,3,6,321,327,1.83
November 30 2021,Ferry,WA,Truck,0,0,0,3601,3601,0.00
December 31 2018,Norfolk,VA,Passenger,2,2,4,345,349,1.15
April 30 2023,DeKalb,GA,Passenger,1,0,1,47,48,2.08
June 30 2017,Latah,ID,Passenger,0,1,1,105,106,0.94
August 31 2017,Latah,ID,Passenger,0,1,1,94,95,1.05
December 31 2017,Orange,FL,Passenger,1,1,2,139,141,1.42
September 30 2022,Collier,FL,Passenger,1,0,1,14,15,6.67
March 31 2020,Wilson,TX,Passenger,0,1,1,8,9,11.11
January 31 2019,Kitsap,WA,Passenger,980,556,1536,179918,181454,0.85
March 31 2022,Anne Arundel,MD,Passenger,4,1,5,364,369,1.36
July 31 2017,Saratoga,NY,Passenger,1,1,2,73,75,2.67
August 31 2023,Maricopa,AZ,Passenger,6,4,10,606,616,1.62
October 31 2019,Kittitas,WA,Truck,0,0,0,14619,14619,0.00
February 28 2023,Prince George's,MD,Passenger,3,1,4,121,125,3.20
April 30 2023,Santa Barbara,CA,Passenger,1,0,1,67,68,1.47
March 31 2020,Queens,NY,Passenger,1,0,1,54,55,1.82
September 30 2023,Ray,MO,Passenger,0,1,1,0,1,100.00
January 31 2021,Lincoln,WA,Passenger,6,12,18,7630,7648,0.24
June 30 2017,Lewis,WA,Passenger,51,34,85,55546,55631,0.15
January 31 2019,Skamania,WA,Passenger,18,15,33,8738,8771,0.38
June 30 2022,Pend Oreille,WA,Truck,0,0,0,5669,5669,0.00
April 30 2022,Kitsap,WA,Truck,1,0,1,53811,53812,0.00
September 30 2019,Kittitas,WA,Truck,0,0,0,14567,14567,0.00
December 31 2018,Stevens,WA,Truck,0,0,0,18760,18760,0.00
June 30 2018,Okaloosa,FL,Passenger,1,0,1,175,176,0.57
November 30 2023,Currituck,NC,Passenger,1,0,1,15,16,6.25
December 31 2017,San Mateo,CA,Passenger,0,1,1,149,150,0.67
July 31 2021,Pierce,WA,Passenger,3636,2014,5650,559340,564990,1.00
December 31 2022,King,WA,Truck,386,2,388,178332,178720,0.22
May 31 2023,Richland,SC,Passenger,0,1,1,99,100,1.00
June 30 2019,Columbia,WA,Truck,0,0,0,1532,1532,0.00
July 31 2023,Asotin,WA,Passenger,37,24,61,12360,12421,0.49
May 31 2021,Morris,NJ,Passenger,1,0,1,14,15,6.67
April 30 2021,Tulsa,OK,Passenger,1,0,1,43,44,2.27
June 30 2019,Oklahoma,OK,Passenger,0,1,1,128,129,0.78
October 31 2022,Plaquemines,LA,Passenger,1,1,2,18,20,10.00
July 31 2022,Frederick,MD,Passenger,1,0,1,64,65,1.54
July 31 2019,Maricopa,AZ,Passenger,7,5,12,1580,1592,0.75
February 28 2021,Asotin,WA,Passenger,17,14,31,12480,12511,0.25
September 30 2022,Charles,MD,Passenger,1,1,2,56,58,3.45
May 31 2019,Clackamas,OR,Passenger,1,1,2,212,214,0.93
September 30 2021,Pennington,SD,Passenger,1,0,1,33,34,2.94
June 30 2020,Walla Walla,WA,Truck,0,0,0,13743,13743,0.00
July 31 2023,Skamania,WA,Passenger,110,57,167,8027,8194,2.04
November 30 2020,Ferry,WA,Truck,0,0,0,3599,3599,0.00
December 31 2020,Jefferson,WA,Truck,0,0,0,9587,9587,0.00
December 31 2020,Richmond,GA,Passenger,0,1,1,79,80,1.25
May 31 2017,San Mateo,CA,Passenger,0,1,1,159,160,0.62
August 31 2021,Larimer,CO,Passenger,1,0,1,47,48,2.08
June 30 2019,Grant,WA,Passenger,41,61,102,64702,64804,0.16
April 30 2021,Ferry,WA,Truck,0,0,0,3650,3650,0.00
September 30 2017,Columbia,WA,Passenger,1,1,2,2379,2381,0.08
October 31 2023,Skamania,WA,Truck,1,0,1,3721,3722,0.03
January 31 2019,Charleston,SC,Passenger,1,0,1,126,127,0.79
November 30 2018,Cook,IL,Passenger,1,0,1,257,258,0.39
April 30 2019,Kent,MI,Passenger,0,1,1,24,25,4.00
July 31 2023,St. Clair,IL,Passenger,1,0,1,90,91,1.10
June 30 2020,Grays Harbor,WA,Passenger,106,111,217,48136,48353,0.45
February 28 2021,Snohomish,WA,Passenger,5268,1892,7160,538153,545313,1.31
May 31 2022,Lewis,WA,Passenger,230,173,403,59498,59901,0.67
February 28 2021,Deschutes,OR,Passenger,2,0,2,127,129,1.55
December 31 2019,Adams,WA,Truck,0,0,0,5197,5197,0.00
March 31 2022,Prince William,VA,Passenger,0,1,1,204,205,0.49
November 30 2021,Montgomery,PA,Passenger,2,0,2,21,23,8.70
April 30 2017,Marin,CA,Passenger,1,0,1,61,62,1.61
October 31 2023,Douglas,NE,Passenger,1,1,2,24,26,7.69
June 30 2023,Asotin,WA,Truck,0,0,0,6635,6635,0.00
September 30 2017,Walla Walla,WA,Truck,0,0,0,13244,13244,0.00
August 31 2018,Montgomery,MD,Passenger,1,0,1,288,289,0.35
April 30 2022,Adams,WA,Passenger,16,10,26,12977,13003,0.20
February 28 2023,Grays Harbor,WA,Truck,2,0,2,21055,21057,0.01
November 30 2019,Whitman,WA,Truck,0,0,0,8583,8583,0.00
September 30 2018,Okanogan,WA,Passenger,10,20,30,26053,26083,0.12
June 30 2021,Pierce,WA,Truck,0,0,0,146017,146017,0.00
March 31 2017,Allegheny,PA,Passenger,1,0,1,92,93,1.08
January 31 2023,Sacramento,CA,Passenger,4,0,4,185,189,2.12
March 31 2018,Kent,MI,Passenger,0,1,1,34,35,2.86
September 30 2022,Miami-Dade,FL,Passenger,1,0,1,72,73,1.37
September 30 2020,Monroe,IL,Passenger,1,0,1,2,3,33.33
May 31 2023,Pierce,WA,Passenger,7415,2717,10132,531332,541464,1.87
June 30 2022,Stevens,WA,Passenger,68,54,122,30137,30259,0.40
July 31 2022,Lincoln,WA,Truck,0,0,0,4832,4832,0.00
December 31 2019,Yakima,WA,Truck,0,0,0,59614,59614,0.00
September 30 2020,Hennepin,MN,Passenger,2,0,2,84,86,2.33
October 31 2020,Morris,NJ,Passenger,1,0,1,18,19,5.26
January 31 2023,Lee,AL,Passenger,1,0,1,15,16,6.25
September 30 2019,Skagit,WA,Passenger,315,210,525,92509,93034,0.56
January 31 2017,Orange,CA,Passenger,2,1,3,718,721,0.42
October 31 2018,Saratoga,NY,Passenger,1,0,1,58,59,1.69
December 31 2022,Benton,WA,Truck,10,0,10,43328,43338,0.02
January 31 2018,Howard,MD,Passenger,0,2,2,88,90,2.22
August 31 2021,Collin,TX,Passenger,2,1,3,109,112,2.68
February 28 2023,Plaquemines,LA,Passenger,1,1,2,18,20,10.00
March 31 2019,King,WA,Passenger,17675,6779,24454,1381160,1405614,1.74
August 31 2018,Kootenai,ID,Passenger,0,1,1,219,220,0.45
October 31 2020,Goochland,VA,Passenger,3,2,5,253,258,1.94
January 31 2019,,,Passenger,4,2,6,420,426,1.41
December 31 2020,Pend Oreille,WA,Truck,0,0,0,5714,5714,0.00
December 31 2020,Calvert,MD,Passenger,0,2,2,83,85,2.35
June 30 2020,Williamson,TX,Passenger,0,2,2,143,145,1.38
September 30 2021,Orange,FL,Passenger,2,0,2,110,112,1.79
December 31 2020,Washoe,NV,Passenger,1,0,1,108,109,0.92
May 31 2023,Nassau,NY,Passenger,2,0,2,24,26,7.69
April 30 2019,St. Lucie,FL,Passenger,1,0,1,30,31,3.23
June 30 2019,Whatcom,WA,Passenger,853,428,1281,150682,151963,0.84
May 31 2021,Stevens,WA,Passenger,42,45,87,30545,30632,0.28
September 30 2017,Norfolk,VA,Passenger,1,1,2,316,318,0.63
April 30 2023,Whitman,WA,Passenger,138,73,211,21998,22209,0.95
February 28 2022,Whitman,WA,Truck,0,0,0,8582,8582,0.00
January 31 2021,Lake,IL,Passenger,2,0,2,168,170,1.18
August 31 2022,Platte,MO,Passenger,1,0,1,25,26,3.85
February 28 2022,Hennepin,MN,Passenger,3,0,3,65,68,4.41
October 31 2018,Twin Falls,ID,Passenger,0,1,1,23,24,4.17
September 30 2019,Pinellas,FL,Passenger,1,1,2,117,119,1.68
September 30 2018,Denver,CO,Passenger,1,0,1,133,134,0.75
December 31 2022,Pend Oreille,WA,Passenger,21,13,34,8948,8982,0.38
September 30 2020,Jefferson,WA,Truck,0,0,0,9540,9540,0.00
December 31 2020,Lane,OR,Passenger,0,1,1,147,148,0.68
April 30 2023,Williamsburg,VA,Passenger,0,1,1,8,9,11.11
February 28 2021,Oldham,KY,Passenger,0,1,1,4,5,20.00
July 31 2021,King,WA,Passenger,31549,9348,40897,1366512,1407409,2.91
May 31 2018,San Juan,WA,Truck,0,0,0,5699,5699,0.00
August 31 2017,Lewis,WA,Passenger,55,38,93,55794,55887,0.17
January 31 2022,Honolulu,HI,Passenger,4,4,8,369,377,2.12
March 31 2019,Virginia Beach,VA,Passenger,1,1,2,698,700,0.29
July 31 2021,Riverside,CA,Passenger,5,1,6,541,547,1.10
May 31 2021,Clark,NV,Passenger,5,2,7,637,644,1.09
December 31 2022,Meade,KY,Passenger,1,0,1,17,18,5.56
June 30 2020,Thurston,WA,Passenger,1143,735,1878,196816,198694,0.95
October 31 2023,Grant,WA,Passenger,343,148,491,66008,66499,0.74
November 30 2021,Norfolk,VA,Passenger,3,3,6,318,324,1.85
February 28 2017,Snohomish,WA,Passenger,1604,824,2428,514029,516457,0.47
June 30 2019,Columbia,WA,Passenger,2,2,4,2451,2455,0.16
April 30 2018,Lewis,WA,Truck,0,0,0,25310,25310,0.00
November 30 2020,Orange,CA,Passenger,4,3,7,478,485,1.44
August 31 2019,Ada,ID,Passenger,0,2,2,315,317,0.63
August 31 2019,RÃ­o Grande,PR,Passenger,1,0,1,1,2,50.00
May 31 2018,Clay,FL,Passenger,0,1,1,92,93,1.08
September 30 2020,Harford,MD,Passenger,0,1,1,61,62,1.61
July 31 2022,Currituck,NC,Passenger,1,0,1,21,22,4.55
December 31 2019,Flathead,MT,Passenger,1,0,1,70,71,1.41
June 30 2017,Thurston,WA,Passenger,398,336,734,186625,187359,0.39
October 31 2017,Maui,HI,Passenger,1,0,1,69,70,1.43
August 31 2023,San Juan,WA,Truck,15,0,15,5885,5900,0.25
September 30 2022,Deschutes,OR,Passenger,1,0,1,75,76,1.32
August 31 2023,Kings,CA,Passenger,2,2,4,266,270,1.48
May 31 2019,Houston,GA,Passenger,1,0,1,53,54,1.85
March 31 2022,Flathead,MT,Passenger,1,0,1,42,43,2.33
February 28 2023,Wilson,TX,Passenger,0,1,1,3,4,25.00
August 31 2019,Grant,WA,Passenger,45,61,106,65165,65271,0.16
September 30 2017,Asotin,WA,Truck,0,0,0,6506,6506,0.00
August 31 2019,Island,WA,Passenger,335,245,580,63431,64011,0.91
April 30 2018,Portsmouth,VA,Passenger,0,1,1,73,74,1.35
May 31 2022,Norfolk,VA,Passenger,3,3,6,299,305,1.97
August 31 2017,Klickitat,WA,Passenger,22,24,46,14783,14829,0.31
January 31 2022,Escambia,FL,Passenger,0,1,1,141,142,0.70
December 31 2018,Pinal,AZ,Passenger,2,0,2,203,205,0.98
June 30 2018,Riverside,CA,Passenger,2,2,4,694,698,0.57
February 28 2023,Jefferson,WA,Passenger,509,242,751,24267,25018,3.00
July 31 2019,Tulsa,OK,Passenger,1,1,2,48,50,4.00
January 31 2019,Sangamon,IL,Passenger,1,0,1,8,9,11.11
July 31 2019,Ferry,WA,Truck,0,0,0,3581,3581,0.00
June 30 2021,Honolulu,HI,Passenger,5,2,7,418,425,1.65
July 31 2017,Pacific,WA,Passenger,10,9,19,15193,15212,0.12
December 31 2018,Lincoln,WA,Truck,0,0,0,4637,4637,0.00
March 31 2022,Stafford,VA,Passenger,2,1,3,91,94,3.19
February 28 2022,Mercer,NJ,Passenger,0,1,1,13,14,7.14
November 30 2019,Contra Costa,CA,Passenger,3,2,5,346,351,1.42
August 31 2020,Chelan,WA,Truck,0,0,0,22674,22674,0.00
June 30 2021,Garfield,WA,Truck,0,0,0,997,997,0.00
May 31 2023,Portsmouth,VA,Passenger,0,1,1,67,68,1.47
June 30 2021,San Juan,WA,Passenger,431,135,566,14250,14816,3.82
February 28 2022,Mason,WA,Passenger,280,166,446,47717,48163,0.93
February 28 2021,San Mateo,CA,Passenger,1,1,2,112,114,1.75
October 31 2017,Moore,NC,Passenger,0,1,1,201,202,0.50
November 30 2023,Harnett,NC,Passenger,4,0,4,118,122,3.28
July 31 2021,Lewis,WA,Passenger,165,144,309,59647,59956,0.52
June 30 2017,Adams,WA,Truck,0,0,0,5106,5106,0.00
December 31 2022,Chelan,WA,Passenger,534,142,676,54239,54915,1.23
December 31 2022,Arapahoe,CO,Passenger,0,1,1,79,80,1.25
January 31 2017,Kittitas,WA,Passenger,15,16,31,27157,27188,0.11
June 30 2019,Houston,GA,Passenger,1,0,1,53,54,1.85
May 31 2022,Monterey,CA,Passenger,1,2,3,129,132,2.27
March 31 2023,Howard,MD,Passenger,0,2,2,49,51,3.92
March 31 2018,Essex,NJ,Passenger,1,0,1,13,14,7.14
November 30 2019,Henrico,VA,Passenger,0,1,1,19,20,5.00
March 31 2017,Carroll,NH,Passenger,0,1,1,0,1,100.00
November 30 2021,Rockdale,GA,Passenger,1,0,1,6,7,14.29
October 31 2019,Whatcom,WA,Truck,2,0,2,43096,43098,0.00
August 31 2022,Skamania,WA,Truck,0,0,0,3904,3904,0.00
April 30 2023,Grant,WA,Truck,10,0,10,28007,28017,0.04
August 31 2022,Alameda,CA,Passenger,5,0,5,188,193,2.59
September 30 2018,Morris,NJ,Passenger,1,0,1,17,18,5.56
November 30 2017,Shelby,TN,Passenger,0,1,1,107,108,0.93
November 30 2022,Hoke,NC,Passenger,1,0,1,65,66,1.52
March 31 2023,Bartow,GA,Passenger,0,1,1,3,4,25.00
May 31 2019,Travis,TX,Passenger,3,1,4,207,211,1.90
September 30 2023,Columbia,WA,Passenger,12,0,12,2414,2426,0.49
February 29 2020,Ada,ID,Passenger,0,1,1,297,298,0.34
October 31 2021,Douglas,WA,Passenger,103,51,154,28570,28724,0.54
January 31 2023,New London,CT,Passenger,2,4,6,182,188,3.19
November 30 2023,Skagit,WA,Truck,29,0,29,30549,30578,0.09
March 31 2019,Kitsap,WA,Truck,1,0,1,53739,53740,0.00
March 31 2018,Pend Oreille,WA,Truck,0,0,0,5656,5656,0.00
August 31 2020,Grays Harbor,WA,Passenger,111,116,227,48349,48576,0.47
December 31 2017,Skamania,WA,Passenger,10,7,17,8588,8605,0.20
July 31 2023,Harrison,MS,Passenger,1,0,1,30,31,3.23
February 28 2019,Penobscot,ME,Passenger,0,1,1,13,14,7.14
January 31 2021,Polk,FL,Passenger,1,0,1,61,62,1.61
April 30 2021,Nassau,NY,Passenger,4,0,4,30,34,11.76
June 30 2017,DeKalb,IN,Passenger,1,0,1,1,2,50.00
April 30 2023,San Juan,WA,Passenger,604,175,779,13829,14608,5.33
January 31 2020,San Juan,WA,Truck,0,0,0,5925,5925,0.00
July 31 2020,Clallam,WA,Passenger,237,169,406,50050,50456,0.80
September 30 2021,Lake,IL,Passenger,2,0,2,165,167,1.20
July 31 2018,Sangamon,IL,Passenger,1,0,1,11,12,8.33
November 30 2021,San Luis Obispo,CA,Passenger,1,0,1,62,63,1.59
December 31 2017,Hamilton,TN,Passenger,1,0,1,21,22,4.55
January 31 2018,Island,WA,Passenger,159,168,327,61817,62144,0.53
February 28 2019,El Paso,TX,Passenger,2,0,2,501,503,0.40
February 28 2019,Deschutes,OR,Passenger,3,0,3,168,171,1.75
July 31 2023,Norfolk,VA,Passenger,2,2,4,267,271,1.48
March 31 2019,DeKalb,GA,Passenger,1,0,1,83,84,1.19
July 31 2021,Philadelphia,PA,Passenger,1,0,1,48,49,2.04
January 31 2019,Saratoga,NY,Passenger,1,0,1,59,60,1.67
August 31 2023,Lewis,WA,Truck,8,0,8,25731,25739,0.03
February 28 2017,Chelan,WA,Passenger,55,29,84,51756,51840,0.16
October 31 2017,Island,WA,Truck,0,0,0,20588,20588,0.00
September 30 2021,Williams,ND,Passenger,0,1,1,8,9,11.11
July 31 2023,Calvert,MD,Passenger,1,1,2,67,69,2.90
June 30 2023,Calvert,MD,Passenger,1,1,2,67,69,2.90
February 28 2023,Newport News,VA,Passenger,1,0,1,102,103,0.97
February 29 2020,Arlington,VA,Passenger,0,2,2,161,163,1.23
October 31 2019,Skamania,WA,Truck,0,0,0,4100,4100,0.00
December 31 2020,Fairfax,VA,Passenger,5,3,8,713,721,1.11
April 30 2023,Franklin,WA,Truck,4,0,4,20896,20900,0.02
March 31 2021,Richland,SC,Passenger,0,1,1,139,140,0.71
June 30 2021,Lake,IN,Passenger,0,1,1,11,12,8.33
December 31 2020,Albemarle,VA,Passenger,1,0,1,22,23,4.35
September 30 2021,Los Angeles,CA,Passenger,6,9,15,883,898,1.67
October 31 2023,Greene,OH,Passenger,1,0,1,23,24,4.17
March 31 2019,Pend Oreille,WA,Truck,0,0,0,5720,5720,0.00
May 31 2021,Chelan,WA,Truck,0,0,0,23101,23101,0.00
March 31 2017,Mason,WA,Truck,0,0,0,19228,19228,0.00
July 31 2018,Prince William,VA,Passenger,0,4,4,263,267,1.50
July 31 2022,Jefferson,WA,Truck,3,0,3,9454,9457,0.03
April 30 2022,Collin,TX,Passenger,3,0,3,96,99,3.03
June 30 2023,Richmond,GA,Passenger,0,1,1,61,62,1.61
June 30 2020,DuPage,IL,Passenger,3,0,3,60,63,4.76
June 30 2018,Pend Oreille,WA,Passenger,5,5,10,9549,9559,0.10
June 30 2020,Jefferson,WA,Truck,0,0,0,9532,9532,0.00
August 31 2021,Skagit,WA,Truck,1,0,1,32963,32964,0.00
October 31 2019,Jefferson,WA,Passenger,210,126,336,25153,25489,1.32
October 31 2020,Denver,CO,Passenger,1,0,1,113,114,0.88
January 31 2022,New York,NY,Passenger,1,0,1,38,39,2.56
May 31 2022,Miami-Dade,FL,Passenger,1,0,1,77,78,1.28
May 31 2018,Mercer,NJ,Passenger,0,1,1,21,22,4.55
April 30 2018,Snohomish,WA,Truck,1,0,1,121256,121257,0.00
May 31 2017,Pinal,AZ,Passenger,2,0,2,255,257,0.78
July 31 2021,Grant,WA,Passenger,120,90,210,66895,67105,0.31
March 31 2017,Adams,WA,Truck,0,0,0,5070,5070,0.00
November 30 2021,Solano,CA,Passenger,1,0,1,180,181,0.55
October 31 2022,Harnett,NC,Passenger,2,0,2,148,150,1.33
June 30 2019,Dallas,TX,Passenger,1,0,1,208,209,0.48
June 30 2018,Moore,NC,Passenger,0,1,1,194,195,0.51
April 30 2020,Flathead,MT,Passenger,1,0,1,70,71,1.41
August 31 2021,Plaquemines,LA,Passenger,0,1,1,16,17,5.88
February 28 2017,Grays Harbor,WA,Truck,0,0,0,19819,19819,0.00
May 31 2020,Clay,FL,Passenger,0,1,1,80,81,1.23
May 31 2021,Lane,OR,Passenger,0,2,2,133,135,1.48
January 31 2018,Pierce,WA,Truck,0,0,0,137137,137137,0.00
July 31 2020,Broward,FL,Passenger,2,1,3,112,115,2.61
March 31 2021,Carson City,NV,Passenger,1,0,1,12,13,7.69
June 30 2023,James City,VA,Passenger,1,0,1,38,39,2.56
October 31 2023,Hennepin,MN,Passenger,1,0,1,29,30,3.33
December 31 2022,Hudson,NJ,Passenger,1,0,1,31,32,3.12
September 30 2019,Boone,MO,Passenger,0,1,1,10,11,9.09
July 31 2020,San Juan,WA,Truck,0,0,0,5841,5841,0.00
June 30 2020,Douglas,WA,Truck,0,0,0,12304,12304,0.00
May 31 2020,Skagit,WA,Truck,1,0,1,32388,32389,0.00
November 30 2019,Brevard,FL,Passenger,0,1,1,93,94,1.06
April 30 2020,Alameda,CA,Passenger,3,1,4,285,289,1.38
August 31 2022,Chesapeake,VA,Passenger,3,2,5,326,331,1.51
May 31 2017,Douglas,WA,Passenger,32,23,55,26684,26739,0.21
December 31 2020,St. Mary's,MD,Passenger,1,0,1,214,215,0.47
February 28 2017,Pacific,WA,Truck,0,0,0,7485,7485,0.00
September 30 2023,Cumberland,PA,Passenger,1,0,1,28,29,3.45
July 31 2018,Juneau,AK,Passenger,0,1,1,46,47,2.13
July 31 2018,Klickitat,WA,Passenger,24,31,55,15218,15273,0.36
September 30 2017,Douglas,WA,Truck,0,0,0,11593,11593,0.00
January 31 2019,Shasta,CA,Passenger,1,0,1,46,47,2.13
February 28 2021,Thurston,WA,Passenger,1383,811,2194,197096,199290,1.10
November 30 2021,Whatcom,WA,Passenger,1611,660,2271,150155,152426,1.49
February 28 2017,Whitman,WA,Passenger,8,18,26,21936,21962,0.12
June 30 2017,Ferry,WA,Passenger,1,1,2,4396,4398,0.05
March 31 2023,Franklin,WA,Truck,5,0,5,20897,20902,0.02
February 29 2020,Boone,MO,Passenger,0,1,1,11,12,8.33
February 28 2022,Adams,WA,Passenger,17,14,31,13013,13044,0.24
August 31 2020,Manassas,VA,Passenger,0,1,1,6,7,14.29
October 31 2020,Thurston,WA,Passenger,1254,761,2015,197181,199196,1.01
November 30 2020,Kent,MI,Passenger,0,1,1,26,27,3.70
October 31 2021,Saginaw,MI,Passenger,1,0,1,8,9,11.11
August 31 2023,Sarasota,FL,Passenger,1,0,1,15,16,6.25
November 30 2017,Tarrant,TX,Passenger,1,0,1,234,235,0.43
January 31 2019,Ramsey,MN,Passenger,1,0,1,40,41,2.44
February 29 2020,Houston,GA,Passenger,1,0,1,57,58,1.72
July 31 2018,Caddo,LA,Passenger,0,1,1,22,23,4.35
August 31 2022,Kootenai,ID,Truck,1,0,1,34,35,2.86
March 31 2017,Mercer,NJ,Passenger,0,1,1,20,21,4.76
January 31 2022,Skagit,WA,Passenger,700,307,1007,90842,91849,1.10
May 31 2017,Walla Walla,WA,Passenger,23,24,47,34853,34900,0.13
February 29 2020,Pacific,WA,Passenger,30,32,62,16067,16129,0.38
October 31 2019,Maricopa,AZ,Passenger,6,6,12,1569,1581,0.76
August 31 2018,Marion,IN,Passenger,1,0,1,121,122,0.82
August 31 2023,Gwinnett,GA,Passenger,1,0,1,37,38,2.63
July 31 2021,DeKalb,GA,Passenger,1,0,1,64,65,1.54
June 30 2020,Palm Beach,FL,Passenger,0,1,1,78,79,1.27
April 30 2022,Oldham,KY,Passenger,0,1,1,4,5,20.00
June 30 2020,Tulsa,OK,Passenger,1,1,2,45,47,4.26
May 31 2023,Kootenai,ID,Truck,1,0,1,26,27,3.70
June 30 2023,Clark,WA,Truck,97,0,97,81387,81484,0.12
January 31 2017,Kittitas,WA,Truck,0,0,0,13412,13412,0.00
November 30 2022,Pulaski,AR,Passenger,3,0,3,27,30,10.00
February 28 2021,Penobscot,ME,Passenger,0,1,1,11,12,8.33
December 31 2020,Hamilton,IN,Passenger,2,0,2,37,39,5.13
March 31 2021,Washington,MD,Passenger,1,0,1,12,13,7.69
March 31 2022,Kittitas,WA,Passenger,225,75,300,29789,30089,1.00
March 31 2018,Whatcom,WA,Truck,2,0,2,42070,42072,0.00
April 30 2017,Ferry,WA,Truck,0,0,0,3551,3551,0.00
July 31 2023,Yellowstone,MT,Passenger,0,1,1,14,15,6.67
February 28 2019,Lincoln,WA,Passenger,3,5,8,7735,7743,0.10
March 31 2021,Charles,MD,Passenger,1,1,2,74,76,2.63
September 30 2018,Snohomish,WA,Passenger,2516,1328,3844,524516,528360,0.73
August 31 2023,Chelan,WA,Truck,33,0,33,23064,23097,0.14
June 30 2017,Douglas,WA,Truck,0,0,0,11526,11526,0.00
October 31 2020,Skagit,WA,Truck,1,0,1,32679,32680,0.00
January 31 2022,Anchorage,AK,Passenger,2,0,2,136,138,1.45
January 31 2023,Anchorage,AK,Passenger,1,0,1,114,115,0.87
March 31 2022,San Mateo,CA,Passenger,2,0,2,85,87,2.30
January 31 2019,King,WA,Truck,6,1,7,182375,182382,0.00
March 31 2019,Pima,AZ,Passenger,1,1,2,416,418,0.48
May 31 2020,Klamath,OR,Passenger,1,0,1,34,35,2.86
October 31 2021,Henrico,VA,Passenger,0,1,1,13,14,7.14
March 31 2021,Sevier,AR,Passenger,0,1,1,0,1,100.00
May 31 2020,Whatcom,WA,Passenger,1060,496,1556,149267,150823,1.03
September 30 2019,Pacific,WA,Truck,0,0,0,7673,7673,0.00
June 30 2023,Grays Harbor,WA,Passenger,297,187,484,48347,48831,0.99
May 31 2018,Tarrant,TX,Passenger,1,0,1,220,221,0.45
November 30 2018,Williamson,TX,Passenger,0,1,1,152,153,0.65
March 31 2021,Leavenworth,KS,Passenger,0,1,1,119,120,0.83
April 30 2018,Flathead,MT,Passenger,1,0,1,54,55,1.82
August 31 2018,DuPage,IL,Passenger,1,0,1,59,60,1.67
February 28 2019,Pacific,WA,Passenger,22,26,48,15859,15907,0.30
July 31 2019,Kittitas,WA,Truck,0,0,0,14489,14489,0.00
February 28 2019,Bucks,PA,Passenger,1,0,1,19,20,5.00
February 29 2020,New Haven,CT,Passenger,0,2,2,42,44,4.55
August 31 2018,Kittitas,WA,Passenger,51,34,85,29121,29206,0.29
April 30 2017,Riverside,CA,Passenger,1,1,2,826,828,0.24
August 31 2019,Whatcom,WA,Truck,2,0,2,42996,42998,0.00
November 30 2019,Penobscot,ME,Passenger,0,1,1,14,15,6.67
September 30 2020,Moore,NC,Passenger,0,1,1,161,162,0.62
November 30 2018,Marion,IN,Passenger,1,0,1,122,123,0.81
July 31 2018,Sumter,FL,Passenger,0,1,1,10,11,9.09
February 28 2017,Skamania,WA,Passenger,7,7,14,8542,8556,0.16
June 30 2023,Douglas,WA,Passenger,209,63,272,28758,29030,0.94
August 31 2020,Island,WA,Truck,1,0,1,21210,21211,0.00
October 31 2017,Clallam,WA,Passenger,96,85,181,48720,48901,0.37
August 31 2021,Fairfax,VA,Passenger,6,4,10,687,697,1.43
January 31 2021,Montgomery,TX,Passenger,1,0,1,52,53,1.89
March 31 2018,Washtenaw,MI,Passenger,1,0,1,39,40,2.50
January 31 2021,Rockingham,NH,Passenger,1,0,1,23,24,4.17
November 30 2022,Marion,IA,Passenger,1,0,1,0,1,100.00
August 31 2017,Bexar,TX,Passenger,1,1,2,857,859,0.23
October 31 2020,St. Mary's,MD,Passenger,1,0,1,220,221,0.45
April 30 2022,Calvert,MD,Passenger,0,2,2,76,78,2.56
October 31 2022,Douglas,NE,Passenger,2,2,4,36,40,10.00
February 28 2019,Okanogan,WA,Passenger,19,21,40,25963,26003,0.15
January 31 2019,Pacific,WA,Passenger,22,26,48,15877,15925,0.30
June 30 2022,Williamson,TX,Passenger,1,2,3,85,88,3.41
March 31 2020,Valencia,NM,Passenger,1,0,1,7,8,12.50
October 31 2021,Howard,MD,Passenger,0,1,1,58,59,1.69
May 31 2019,Stevens,WA,Passenger,20,29,49,31665,31714,0.15
October 31 2017,Hardin,KY,Passenger,0,1,1,114,115,0.87
May 31 2022,Marin,CA,Passenger,0,1,1,33,34,2.94
January 31 2019,Stevens,WA,Passenger,18,28,46,31806,31852,0.14
January 31 2023,Calvert,MD,Passenger,0,2,2,78,80,2.50
December 31 2021,Pennington,SD,Passenger,1,0,1,33,34,2.94
February 29 2020,Cochise,AZ,Passenger,0,1,1,101,102,0.98
July 31 2017,Lumpkin,GA,Passenger,1,0,1,9,10,10.00
January 31 2022,Powhatan,VA,Passenger,1,0,1,1,2,50.00
February 28 2022,Burlington,NJ,Passenger,0,1,1,113,114,0.88
May 31 2020,Brevard,FL,Passenger,0,1,1,89,90,1.11
February 29 2020,Ramsey,MN,Passenger,1,0,1,42,43,2.33
August 31 2020,Nassau,NY,Passenger,4,0,4,33,37,10.81
February 28 2022,Island,WA,Passenger,744,350,1094,62309,63403,1.73
April 30 2023,Jefferson,NY,Passenger,2,1,3,177,180,1.67
April 30 2020,Portsmouth,VA,Passenger,0,1,1,78,79,1.27
November 30 2018,Santa Clara,CA,Passenger,8,1,9,380,389,2.31
June 30 2018,St. Mary's,MD,Passenger,1,0,1,218,219,0.46
December 31 2018,St. Mary's,MD,Passenger,1,0,1,216,217,0.46
May 31 2019,Pierce,WA,Truck,0,0,0,139631,139631,0.00
December 31 2019,Norfolk,MA,Passenger,1,0,1,36,37,2.70
July 31 2021,Nassau,NY,Passenger,3,0,3,31,34,8.82
July 31 2022,District of Columbia,DC,Passenger,3,0,3,168,171,1.75
October 31 2020,Greene,MO,Passenger,0,1,1,37,38,2.63
December 31 2022,Wichita,TX,Passenger,2,0,2,39,41,4.88
June 30 2021,Sarasota,FL,Passenger,2,0,2,30,32,6.25
November 30 2022,Mercer,NJ,Passenger,0,1,1,12,13,7.69
June 30 2021,Hillsborough,FL,Passenger,0,2,2,146,148,1.35
February 28 2017,Whatcom,WA,Passenger,401,146,547,141869,142416,0.38
May 31 2017,Volusia,FL,Passenger,0,1,1,47,48,2.08
October 31 2021,Island,WA,Passenger,678,333,1011,63007,64018,1.58
March 31 2022,Clallam,WA,Passenger,402,240,642,49962,50604,1.27
August 31 2023,Arapahoe,CO,Passenger,1,1,2,64,66,3.03
March 31 2018,Norfolk,VA,Passenger,1,2,3,331,334,0.90
September 30 2021,Snohomish,WA,Passenger,6450,2162,8612,539347,547959,1.57
March 31 2019,Adams,WA,Truck,0,0,0,5103,5103,0.00
January 31 2021,Sarasota,FL,Passenger,2,0,2,27,29,6.90
August 31 2020,Thurston,WA,Truck,0,0,0,55969,55969,0.00
February 28 2017,Grant,WA,Truck,0,0,0,24995,24995,0.00
June 30 2020,Santa Clara,CA,Passenger,7,2,9,310,319,2.82
June 30 2022,Adams,CO,Passenger,1,0,1,38,39,2.56
October 31 2023,DeKalb,GA,Passenger,1,0,1,36,37,2.70
August 31 2020,Nassau,FL,Passenger,1,0,1,37,38,2.63
August 31 2018,Beaufort,SC,Passenger,1,0,1,40,41,2.44
May 31 2021,Randolph,NC,Passenger,1,0,1,8,9,11.11
June 30 2022,Clallam,WA,Passenger,421,249,670,49765,50435,1.33
August 31 2023,Columbia,WA,Truck,0,0,0,1548,1548,0.00
November 30 2023,Lincoln,WA,Truck,0,0,0,4661,4661,0.00
October 31 2021,Kings,CA,Passenger,2,0,2,332,334,0.60
November 30 2022,Harnett,NC,Passenger,2,0,2,147,149,1.34
March 31 2018,El Paso,TX,Passenger,1,0,1,529,530,0.19
May 31 2020,Pend Oreille,WA,Truck,0,0,0,5739,5739,0.00
May 31 2022,Houston,GA,Passenger,1,0,1,32,33,3.03
November 30 2020,Dallas,TX,Passenger,1,0,1,180,181,0.55
November 30 2020,Carroll,NH,Passenger,0,1,1,5,6,16.67
April 30 2023,Larimer,CO,Passenger,1,0,1,34,35,2.86
July 31 2020,Stevens,WA,Truck,0,0,0,18669,18669,0.00
July 31 2018,Lincoln,WA,Truck,0,0,0,4555,4555,0.00
October 31 2021,Wahkiakum,WA,Truck,0,0,0,1826,1826,0.00
May 31 2019,Fresno,CA,Passenger,1,0,1,195,196,0.51
August 31 2017,Pacific,WA,Passenger,10,9,19,15244,15263,0.12
November 30 2020,Skamania,WA,Truck,0,0,0,4007,4007,0.00
April 30 2023,Anne Arundel,MD,Passenger,4,3,7,302,309,2.27
June 30 2023,Loudoun,VA,Passenger,2,0,2,56,58,3.45
May 31 2018,Washtenaw,MI,Passenger,1,0,1,38,39,2.56
December 31 2018,Washtenaw,MI,Passenger,1,0,1,40,41,2.44
January 31 2022,Ulster,NY,Passenger,1,0,1,13,14,7.14
October 31 2021,Mercer,NJ,Passenger,0,1,1,12,13,7.69
March 31 2017,Norfolk,VA,Passenger,1,1,2,306,308,0.65
October 31 2019,Hillsborough,FL,Passenger,0,1,1,192,193,0.52
April 30 2018,Contra Costa,CA,Passenger,0,1,1,456,457,0.22
March 31 2020,Norfolk,VA,Passenger,2,2,4,352,356,1.12
September 30 2019,Benton,WA,Truck,0,0,0,42230,42230,0.00
August 31 2018,Broward,FL,Passenger,1,1,2,136,138,1.45
November 30 2017,Richland,SC,Passenger,0,1,1,179,180,0.56
June 30 2021,Alexandria,VA,Passenger,2,0,2,122,124,1.61
August 31 2020,Oldham,KY,Passenger,0,1,1,4,5,20.00
April 30 2020,Sacramento,CA,Passenger,1,0,1,280,281,0.36
September 30 2018,Garfield,OK,Passenger,1,0,1,16,17,5.88
July 31 2022,Charles,MD,Passenger,1,1,2,60,62,3.23
December 31 2018,Anne Arundel,MD,Passenger,0,1,1,455,456,0.22
April 30 2017,Fairfax,VA,Passenger,3,2,5,861,866,0.58
January 31 2023,Skamania,WA,Truck,1,0,1,3882,3883,0.03
January 31 2021,Williamson,TX,Passenger,0,2,2,127,129,1.55
January 31 2018,Fulton,GA,Passenger,1,0,1,104,105,0.95
May 31 2021,Santa Cruz,CA,Passenger,1,0,1,28,29,3.45
January 31 2021,DuPage,IL,Passenger,2,1,3,57,60,5.00
June 30 2022,Spokane,WA,Passenger,1600,848,2448,325207,327655,0.75
August 31 2018,Yakima,WA,Passenger,67,92,159,164202,164361,0.10
January 31 2022,Yakima,WA,Truck,0,0,0,61609,61609,0.00
November 30 2020,Whitman,WA,Truck,0,0,0,8491,8491,0.00
June 30 2017,Gwinnett,GA,Passenger,0,1,1,87,88,1.14
August 31 2019,Franklin,WA,Passenger,51,72,123,60226,60349,0.20
January 31 2017,Snohomish,WA,Truck,1,0,1,122822,122823,0.00
June 30 2019,Anne Arundel,MD,Passenger,1,1,2,443,445,0.45
December 31 2020,Missoula,MT,Passenger,1,0,1,66,67,1.49
May 31 2019,Washtenaw,MI,Passenger,1,0,1,38,39,2.56
August 31 2017,Mercer,NJ,Passenger,0,1,1,19,20,5.00
September 30 2023,Hamilton,OH,Passenger,1,0,1,26,27,3.70
May 31 2022,Stevens,WA,Passenger,64,54,118,30064,30182,0.39
December 31 2018,Spokane,WA,Truck,1,0,1,93748,93749,0.00
January 31 2021,Monterey,CA,Passenger,0,1,1,152,153,0.65
January 31 2018,Hawaii,HI,Passenger,1,0,1,81,82,1.22
July 31 2023,Stafford,VA,Passenger,3,1,4,73,77,5.19
March 31 2019,Manassas,VA,Passenger,0,1,1,9,10,10.00
February 28 2023,Lake,FL,Passenger,1,0,1,14,15,6.67
April 30 2018,DeKalb,IN,Passenger,1,0,1,1,2,50.00
May 31 2023,Kitsap,WA,Passenger,3140,1250,4390,176061,180451,2.43
October 31 2018,Lincoln,WA,Truck,0,0,0,4606,4606,0.00
September 30 2022,Benton,WA,Truck,5,0,5,43376,43381,0.01
October 31 2022,Wahkiakum,WA,Passenger,24,12,36,3061,3097,1.16
April 30 2023,Santa Cruz,CA,Passenger,1,0,1,19,20,5.00
May 31 2020,Rogers,OK,Passenger,1,0,1,6,7,14.29
November 30 2020,Owyhee,ID,Passenger,1,0,1,3,4,25.00
May 31 2017,Honolulu,HI,Passenger,3,2,5,605,610,0.82
November 30 2018,Wahkiakum,WA,Passenger,1,1,2,2982,2984,0.07
November 30 2023,Franklin,WA,Passenger,366,155,521,59908,60429,0.86
July 31 2023,Sonoma,CA,Passenger,1,1,2,56,58,3.45
August 31 2019,Placer,CA,Passenger,1,0,1,103,104,0.96
November 30 2017,Los Angeles,CA,Passenger,5,2,7,1229,1236,0.57
January 31 2021,Douglas,CO,Passenger,0,1,1,82,83,1.20
February 28 2021,Henrico,VA,Passenger,0,1,1,17,18,5.56
November 30 2023,Wahkiakum,WA,Truck,4,0,4,1718,1722,0.23
April 30 2022,Walla Walla,WA,Truck,0,0,0,14016,14016,0.00
October 31 2022,Clallam,WA,Passenger,456,256,712,49436,50148,1.42
March 31 2022,Island,WA,Passenger,757,359,1116,62277,63393,1.76
December 31 2019,Pima,AZ,Passenger,3,1,4,387,391,1.02
May 31 2017,Okaloosa,FL,Passenger,1,0,1,187,188,0.53
August 31 2020,Saginaw,MI,Passenger,1,0,1,11,12,8.33
March 31 2020,San Francisco,CA,Passenger,2,1,3,102,105,2.86
March 31 2022,Montgomery,AL,Passenger,0,1,1,37,38,2.63
March 31 2023,Hawaii,HI,Passenger,1,0,1,29,30,3.33
November 30 2018,Snohomish,WA,Truck,1,0,1,121947,121948,0.00
October 31 2020,Snohomish,WA,Passenger,4830,1814,6644,537771,544415,1.22
April 30 2019,Kalamazoo,MI,Passenger,1,0,1,13,14,7.14
August 31 2021,Carroll,MD,Passenger,0,1,1,18,19,5.26
July 31 2021,Wahkiakum,WA,Truck,0,0,0,1793,1793,0.00
October 31 2019,Skagit,WA,Passenger,336,210,546,92598,93144,0.59
August 31 2019,Virginia Beach,VA,Passenger,1,0,1,705,706,0.14
February 28 2022,Douglas,WA,Passenger,122,55,177,28551,28728,0.62
September 30 2021,Burlington,NJ,Passenger,0,1,1,118,119,0.84
October 31 2017,Dale,AL,Passenger,0,1,1,61,62,1.61
December 31 2019,Nueces,TX,Passenger,1,1,2,85,87,2.30
May 31 2023,Washington,MD,Passenger,2,0,2,13,15,13.33
February 28 2021,New York,NY,Passenger,1,0,1,51,52,1.92
February 28 2022,Penobscot,ME,Passenger,0,1,1,7,8,12.50
August 31 2017,St. Lucie,FL,Passenger,1,0,1,28,29,3.45
February 28 2022,Champaign,IL,Passenger,1,0,1,13,14,7.14
July 31 2022,Essex,MA,Passenger,1,0,1,18,19,5.26
January 31 2021,New York,NY,Passenger,1,0,1,52,53,1.89
August 31 2018,Tulsa,OK,Passenger,1,1,2,49,51,3.92
August 31 2019,Washtenaw,MI,Passenger,1,0,1,41,42,2.38
November 30 2021,Greene,MO,Passenger,0,1,1,30,31,3.23
January 31 2019,Kalamazoo,MI,Passenger,1,0,1,15,16,6.25
November 30 2021,Boulder,CO,Passenger,2,1,3,45,48,6.25
February 28 2022,Carroll,MD,Passenger,0,1,1,17,18,5.56
July 31 2023,Cowlitz,WA,Passenger,487,224,711,69726,70437,1.01
September 30 2018,Benton,WA,Passenger,188,209,397,132424,132821,0.30
February 28 2023,Essex,MA,Passenger,1,0,1,16,17,5.88
March 31 2019,Cowlitz,WA,Truck,0,0,0,28779,28779,0.00
February 29 2020,Garfield,WA,Truck,0,0,0,964,964,0.00
January 31 2021,Arapahoe,CO,Passenger,1,0,1,128,129,0.78
October 31 2018,Fresno,CA,Passenger,1,0,1,192,193,0.52
March 31 2021,Virginia Beach,VA,Passenger,3,0,3,636,639,0.47
August 31 2023,Monterey,CA,Passenger,1,1,2,102,104,1.92
October 31 2017,Hawaii,HI,Passenger,1,0,1,76,77,1.30
June 30 2017,Nassau,NY,Passenger,0,1,1,39,40,2.50
July 31 2018,Frederick,MD,Passenger,0,1,1,88,89,1.12
September 30 2022,Clinton,PA,Passenger,1,0,1,1,2,50.00
November 30 2020,Walla Walla,WA,Truck,0,0,0,13817,13817,0.00
November 30 2023,Onslow,NC,Passenger,0,1,1,123,124,0.81
April 30 2022,Prince William,VA,Passenger,0,1,1,204,205,0.49
December 31 2021,King,WA,Truck,6,1,7,182990,182997,0.00
November 30 2017,Columbia,WA,Passenger,2,1,3,2392,2395,0.13
December 31 2020,Rockingham,NH,Passenger,1,0,1,22,23,4.35
August 31 2020,Monterey,CA,Passenger,0,1,1,162,163,0.61
August 31 2022,Salt Lake,UT,Passenger,1,1,2,127,129,1.55
March 31 2023,Saratoga,NY,Passenger,1,1,2,37,39,5.13
February 28 2019,Sangamon,IL,Passenger,2,0,2,7,9,22.22
June 30 2017,Jefferson,NY,Passenger,1,1,2,252,254,0.79
April 30 2023,Benton,WA,Truck,19,0,19,43275,43294,0.04
October 31 2023,Mobile,AL,Passenger,1,0,1,23,24,4.17
April 30 2018,El Paso,TX,Passenger,1,0,1,523,524,0.19
February 28 2019,Broward,FL,Passenger,2,1,3,128,131,2.29
March 31 2023,Douglas,CO,Passenger,0,1,1,65,66,1.52
July 31 2019,San Joaquin,CA,Passenger,1,0,1,130,131,0.76
September 30 2018,San Juan,PR,Passenger,0,1,1,4,5,20.00
December 31 2017,Juneau,AK,Passenger,0,1,1,44,45,2.22
October 31 2020,Okanogan,WA,Passenger,47,36,83,25988,26071,0.32
May 31 2023,Alameda,CA,Passenger,4,0,4,170,174,2.30
December 31 2022,Grant,WA,Truck,4,0,4,28041,28045,0.01
June 30 2017,Clallam,WA,Passenger,90,76,166,48371,48537,0.34
September 30 2018,Stevens,WA,Passenger,13,27,40,31694,31734,0.13
January 31 2020,Stevens,WA,Passenger,33,32,65,31486,31551,0.21
January 31 2023,Maricopa,AZ,Passenger,8,4,12,788,800,1.50
December 31 2022,Lewis,WA,Passenger,267,182,449,59900,60349,0.74
December 31 2017,Brevard,FL,Passenger,0,1,1,104,105,0.95
February 28 2017,Polk,FL,Passenger,1,0,1,66,67,1.49
April 30 2019,Calvert,MD,Passenger,0,2,2,84,86,2.33
April 30 2022,Parker,TX,Passenger,0,1,1,20,21,4.76
December 31 2022,Camden,NJ,Passenger,0,1,1,13,14,7.14
May 31 2021,Kittitas,WA,Passenger,155,62,217,29974,30191,0.72
April 30 2018,Clark,WA,Passenger,943,657,1600,306428,308028,0.52
August 31 2023,El Paso,CO,Passenger,3,2,5,452,457,1.09
March 31 2018,Prince George's,MD,Passenger,0,1,1,183,184,0.54
February 28 2022,Klickitat,WA,Truck,0,0,0,8327,8327,0.00
February 28 2018,Franklin,WA,Truck,0,0,0,18573,18573,0.00
November 30 2019,Okanogan,WA,Truck,0,0,0,16556,16556,0.00
July 31 2022,Anchorage,AK,Passenger,2,0,2,128,130,1.54
September 30 2021,Alameda,CA,Passenger,5,0,5,232,237,2.11
August 31 2021,Thurston,WA,Passenger,1714,906,2620,197601,200221,1.31
June 30 2021,Fairfax,VA,Passenger,5,4,9,696,705,1.28
February 29 2020,Cumberland,NC,Passenger,0,2,2,491,493,0.41
April 30 2017,Madison,ID,Passenger,1,0,1,40,41,2.44
May 31 2021,Hawaii,HI,Passenger,1,0,1,50,51,1.96
January 31 2023,Denton,TX,Passenger,1,0,1,49,50,2.00
December 31 2018,Camden,NJ,Passenger,0,1,1,28,29,3.45
October 31 2020,Boulder,CO,Passenger,1,1,2,46,48,4.17
July 31 2019,Cumberland,NC,Passenger,0,2,2,511,513,0.39
February 28 2023,Riverside,CA,Passenger,7,0,7,397,404,1.73
September 30 2018,Kitsap,WA,Truck,1,0,1,53535,53536,0.00
March 31 2019,Duval,FL,Passenger,1,2,3,388,391,0.77
May 31 2023,Oldham,KY,Passenger,0,1,1,3,4,25.00
February 28 2021,Douglas,CO,Passenger,0,1,1,80,81,1.23
October 31 2017,Lewis,WA,Passenger,53,39,92,56274,56366,0.16
February 28 2021,Bexar,TX,Passenger,4,5,9,579,588,1.53
April 30 2022,Geary,KS,Passenger,1,0,1,87,88,1.14
July 31 2018,Marion,IN,Passenger,1,0,1,120,121,0.83
May 31 2022,Pacific,WA,Truck,0,0,0,7947,7947,0.00
August 31 2023,Harris,TX,Passenger,1,0,1,109,110,0.91
October 31 2022,Los Angeles,CA,Passenger,6,6,12,739,751,1.60
March 31 2022,Benton,WA,Passenger,697,444,1141,135708,136849,0.83
November 30 2023,Richland,SC,Passenger,0,1,1,87,88,1.14
November 30 2019,Lee,FL,Passenger,1,0,1,54,55,1.82
December 31 2019,Randolph,NC,Passenger,1,0,1,7,8,12.50
November 30 2020,Benton,WA,Passenger,425,348,773,134760,135533,0.57
April 30 2022,Multnomah,OR,Passenger,0,4,4,569,573,0.70
October 31 2021,Mason,WA,Truck,0,0,0,21271,21271,0.00
December 31 2019,Spokane,WA,Truck,1,0,1,96364,96365,0.00
May 31 2022,Thurston,WA,Passenger,2125,1028,3153,194279,197432,1.60
May 31 2020,Montgomery,PA,Passenger,1,0,1,30,31,3.23
December 31 2021,Montgomery,TX,Passenger,1,1,2,43,45,4.44
June 30 2018,Richmond,GA,Passenger,0,1,1,91,92,1.09
August 31 2020,Juneau,AK,Passenger,0,1,1,26,27,3.70
March 31 2022,Ray,MO,Passenger,0,1,1,1,2,50.00
August 31 2023,New London,CT,Passenger,1,4,5,162,167,2.99
November 30 2022,Kern,CA,Passenger,1,1,2,197,199,1.01
April 30 2017,Volusia,FL,Passenger,0,1,1,49,50,2.00
June 30 2020,Fresno,CA,Passenger,1,0,1,192,193,0.52
March 31 2019,Washington,OR,Passenger,0,1,1,466,467,0.21
October 31 2019,Norfolk,VA,Passenger,2,2,4,348,352,1.14
July 31 2018,Pinal,AZ,Passenger,2,0,2,206,208,0.96
August 31 2023,Stafford,VA,Passenger,3,0,3,75,78,3.85
May 31 2021,Polk,FL,Passenger,1,0,1,60,61,1.64
June 30 2023,Sheridan,WY,Passenger,1,0,1,5,6,16.67
November 30 2017,Pierce,WA,Truck,0,0,0,137019,137019,0.00
May 31 2017,Monterey,CA,Passenger,0,1,1,209,210,0.48
January 31 2019,Richmond,GA,Passenger,0,1,1,92,93,1.08
October 31 2023,Jefferson,NY,Passenger,2,1,3,162,165,1.82
July 31 2021,Rockingham,NH,Passenger,1,0,1,22,23,4.35
December 31 2018,Marion,OR,Passenger,1,0,1,120,121,0.83
February 28 2021,Fulton,GA,Passenger,0,2,2,83,85,2.35
July 31 2022,Yavapai,AZ,Passenger,0,1,1,28,29,3.45
October 31 2017,Pend Oreille,WA,Truck,0,0,0,5561,5561,0.00
September 30 2019,Jefferson,WA,Passenger,207,126,333,25120,25453,1.31
December 31 2018,Columbia,WA,Truck,0,0,0,1517,1517,0.00
September 30 2022,Los Angeles,CA,Passenger,6,6,12,745,757,1.59
November 30 2022,Kittitas,WA,Passenger,296,93,389,29552,29941,1.30
March 31 2017,Douglas,WA,Passenger,29,19,48,26591,26639,0.18
October 31 2019,Harrison,MS,Passenger,1,0,1,60,61,1.64
September 30 2022,Harford,MD,Passenger,1,1,2,46,48,4.17
December 31 2021,New Haven,CT,Passenger,0,2,2,32,34,5.88
March 31 2021,Oldham,KY,Passenger,0,1,1,4,5,20.00
November 30 2017,Benton,WA,Passenger,165,160,325,129876,130201,0.25
October 31 2017,Mason,WA,Passenger,61,74,135,44453,44588,0.30
February 28 2017,San Juan,WA,Truck,0,0,0,5572,5572,0.00
June 30 2023,Clark,NV,Passenger,7,2,9,380,389,2.31
May 31 2020,Hawaii,HI,Passenger,1,0,1,57,58,1.72
August 31 2022,Lake,FL,Passenger,1,0,1,16,17,5.88
April 30 2018,Washtenaw,MI,Passenger,1,0,1,39,40,2.50
January 31 2022,Hamilton,IN,Passenger,2,0,2,24,26,7.69
July 31 2018,St. Lucie,FL,Passenger,1,0,1,29,30,3.33
January 31 2020,Sumter,FL,Passenger,0,1,1,9,10,10.00
March 31 2022,Broward,FL,Passenger,2,0,2,94,96,2.08
October 31 2021,Garfield,WA,Passenger,0,3,3,1353,1356,0.22
October 31 2021,Columbia,WA,Truck,0,0,0,1536,1536,0.00
February 28 2021,Orange,CA,Passenger,4,3,7,463,470,1.49
August 31 2018,St. Clair,IL,Passenger,0,1,1,157,158,0.63
November 30 2021,San Diego,CA,Passenger,19,8,27,2546,2573,1.05
June 30 2020,Ventura,CA,Passenger,1,1,2,292,294,0.68
October 31 2020,Lincoln,WA,Passenger,5,10,15,7609,7624,0.20
November 30 2021,Franklin,WA,Truck,0,0,0,20776,20776,0.00
April 30 2018,Montgomery,PA,Passenger,1,0,1,34,35,2.86
February 28 2022,York,VA,Passenger,1,0,1,96,97,1.03
August 31 2022,Allen,IN,Passenger,1,0,1,17,18,5.56
December 31 2021,San Juan,WA,Truck,0,0,0,6000,6000,0.00
March 31 2018,Franklin,WA,Truck,0,0,0,18614,18614,0.00
March 31 2023,Philadelphia,PA,Passenger,1,0,1,40,41,2.44
February 28 2018,Grant,WA,Truck,0,0,0,25678,25678,0.00
April 30 2020,Saginaw,MI,Passenger,1,0,1,12,13,7.69
January 31 2023,Lincoln,OR,Passenger,0,1,1,13,14,7.14
December 31 2022,Albemarle,VA,Passenger,1,0,1,17,18,5.56
February 28 2023,Sarasota,FL,Passenger,1,0,1,19,20,5.00
January 31 2021,Ulster,NY,Passenger,1,0,1,11,12,8.33
May 31 2023,Grant,WA,Passenger,277,122,399,67086,67485,0.59
September 30 2018,Riverside,CA,Passenger,2,2,4,685,689,0.58
October 31 2017,Jefferson,WA,Truck,0,0,0,9438,9438,0.00
January 31 2023,Ferry,WA,Passenger,24,4,28,4346,4374,0.64
January 31 2022,Solano,CA,Passenger,1,0,1,177,178,0.56
August 31 2023,Calvert,MD,Passenger,1,1,2,66,68,2.94
April 30 2023,Goochland,VA,Passenger,1,2,3,48,51,5.88
April 30 2022,Charleston,SC,Passenger,2,1,3,68,71,4.23
August 31 2020,Montgomery,AL,Passenger,0,1,1,40,41,2.44
July 31 2017,Manassas,VA,Passenger,0,1,1,9,10,10.00
August 31 2023,San Juan,WA,Passenger,645,175,820,13688,14508,5.65
November 30 2023,Fairfax,VA,Passenger,5,4,9,493,502,1.79
February 28 2023,Skamania,WA,Passenger,93,53,146,8116,8262,1.77
November 30 2021,Sumter,SC,Passenger,0,1,1,31,32,3.12
December 31 2020,Platte,MO,Passenger,1,0,1,20,21,4.76
February 28 2022,San Francisco,CA,Passenger,0,1,1,91,92,1.09
July 31 2023,Yavapai,AZ,Passenger,0,1,1,18,19,5.26
May 31 2020,Pacific,WA,Passenger,31,33,64,15699,15763,0.41
August 31 2022,Cowlitz,WA,Passenger,353,172,525,70419,70944,0.74
December 31 2017,Skagit,WA,Truck,1,0,1,31730,31731,0.00
July 31 2020,Franklin,WA,Truck,0,0,0,20091,20091,0.00
July 31 2021,Contra Costa,CA,Passenger,2,3,5,259,264,1.89
October 31 2023,Kings,CA,Passenger,2,2,4,257,261,1.53
September 30 2021,Champaign,IL,Passenger,1,0,1,12,13,7.69
August 31 2017,Stevens,WA,Passenger,8,22,30,31508,31538,0.10
May 31 2020,Clallam,WA,Passenger,222,165,387,50111,50498,0.77
March 31 2018,Skagit,WA,Passenger,173,154,327,89892,90219,0.36
July 31 2017,Howard,MD,Passenger,0,2,2,94,96,2.08
November 30 2021,Douglas,NE,Passenger,1,1,2,50,52,3.85
September 30 2022,Louisa,VA,Passenger,0,1,1,1,2,50.00
October 31 2023,Ray,MO,Passenger,0,1,1,0,1,100.00
February 28 2022,Columbia,WA,Passenger,6,1,7,2455,2462,0.28
May 31 2020,Allegheny,PA,Passenger,1,0,1,78,79,1.27
May 31 2021,RÃ­o Grande,PR,Passenger,1,0,1,1,2,50.00
August 31 2023,San Diego,CA,Passenger,17,9,26,1922,1948,1.33
May 31 2019,Grays Harbor,WA,Passenger,73,84,157,47837,47994,0.33
April 30 2017,Missoula,MT,Passenger,1,0,1,77,78,1.28
February 28 2021,Collin,TX,Passenger,2,1,3,119,122,2.46
March 31 2019,Fulton,GA,Passenger,1,2,3,109,112,2.68
June 30 2017,St. Lucie,FL,Passenger,1,0,1,33,34,2.94
June 30 2021,Okanogan,WA,Passenger,63,38,101,26504,26605,0.38
September 30 2022,Chelan,WA,Truck,6,0,6,23086,23092,0.03
September 30 2020,Ferry,WA,Truck,0,0,0,3583,3583,0.00
January 31 2020,Ferry,WA,Passenger,5,2,7,4382,4389,0.16
January 31 2022,Collin,TX,Passenger,2,0,2,104,106,1.89
March 31 2019,DuPage,IL,Passenger,1,0,1,64,65,1.54
October 31 2021,Williams,ND,Passenger,0,1,1,8,9,11.11
December 31 2019,Rogers,OK,Passenger,1,0,1,6,7,14.29
April 30 2018,Monroe,IL,Passenger,1,0,1,4,5,20.00
January 31 2021,Monroe,IL,Passenger,1,0,1,2,3,33.33
November 30 2018,San Juan,WA,Passenger,176,68,244,14208,14452,1.69
September 30 2021,Onslow,NC,Passenger,0,1,1,180,181,0.55
March 31 2023,York,VA,Passenger,1,0,1,79,80,1.25
March 31 2022,Clackamas,OR,Passenger,2,0,2,155,157,1.27
October 31 2020,Utah,UT,Passenger,0,1,1,135,136,0.74
February 28 2017,Juneau,AK,Passenger,0,1,1,53,54,1.85
January 31 2017,Eagle,CO,Passenger,1,0,1,11,12,8.33
September 30 2019,Eagle,CO,Passenger,1,0,1,6,7,14.29
October 31 2018,Franklin,MA,Passenger,0,1,1,1,2,50.00
October 31 2019,King,WA,Truck,6,1,7,182375,182382,0.00
August 31 2020,Chelan,WA,Passenger,248,80,328,54169,54497,0.60
June 30 2017,Adams,WA,Passenger,2,3,5,12202,12207,0.04
April 30 2019,Riverside,CA,Passenger,2,2,4,659,663,0.60
January 31 2018,Deschutes,OR,Passenger,1,0,1,181,182,0.55
September 30 2022,Cumberland,NC,Passenger,1,4,5,355,360,1.39
January 31 2022,Chesapeake,VA,Passenger,2,2,4,377,381,1.05
April 30 2017,Norfolk,VA,Passenger,1,1,2,303,305,0.66
July 31 2022,Sevier,AR,Passenger,0,1,1,0,1,100.00
December 31 2017,Asotin,WA,Passenger,8,5,13,12516,12529,0.10
June 30 2023,Multnomah,OR,Passenger,1,2,3,422,425,0.71
September 30 2023,Spokane,WA,Truck,48,0,48,100918,100966,0.05
January 31 2023,Onslow,NC,Passenger,0,1,1,153,154,0.65
April 30 2017,Charles,MD,Passenger,0,1,1,91,92,1.09
December 31 2020,El Paso,TX,Passenger,3,0,3,409,412,0.73
December 31 2019,Kern,CA,Passenger,0,1,1,222,223,0.45
December 31 2018,Montgomery,AL,Passenger,0,1,1,46,47,2.13
April 30 2019,Randolph,NC,Passenger,1,0,1,6,7,14.29
September 30 2020,Pima,AZ,Passenger,3,1,4,349,353,1.13
September 30 2017,Asotin,WA,Passenger,7,5,12,12460,12472,0.10
June 30 2023,Jefferson,WA,Passenger,562,257,819,24282,25101,3.26
June 30 2021,Virginia Beach,VA,Passenger,3,0,3,628,631,0.48
July 31 2021,Cowlitz,WA,Passenger,229,146,375,72230,72605,0.52
July 31 2018,San Juan,PR,Passenger,0,1,1,4,5,20.00
August 31 2020,Morris,NJ,Passenger,1,0,1,18,19,5.26
October 31 2021,Lake,IN,Passenger,0,1,1,9,10,10.00
April 30 2023,New Haven,CT,Passenger,0,2,2,27,29,6.90
June 30 2019,San Juan,WA,Truck,0,0,0,5863,5863,0.00
December 31 2022,Snohomish,WA,Truck,92,0,92,122512,122604,0.08
February 28 2021,Richland,SC,Passenger,0,1,1,141,142,0.70
October 31 2021,Douglas,NE,Passenger,1,1,2,53,55,3.64
April 30 2020,Williamson,TX,Passenger,0,2,2,144,146,1.37
October 31 2021,Moore,NC,Passenger,0,1,1,127,128,0.78
June 30 2021,Vigo,IN,Passenger,1,0,1,5,6,16.67
November 30 2021,Rogers,OK,Passenger,1,0,1,4,5,20.00
July 31 2023,Mason,WA,Passenger,470,212,682,46146,46828,1.46
May 31 2020,Los Angeles,CA,Passenger,6,12,18,1021,1039,1.73
June 30 2022,San Bernardino,CA,Passenger,1,1,2,326,328,0.61
October 31 2022,Stevens,WA,Truck,2,0,2,18880,18882,0.01
March 31 2019,Ferry,WA,Truck,0,0,0,3595,3595,0.00
September 30 2018,Clallam,WA,Truck,0,0,0,21491,21491,0.00
February 28 2017,Honolulu,HI,Passenger,4,2,6,632,638,0.94
June 30 2022,El Paso,TX,Passenger,3,0,3,350,353,0.85
January 31 2022,Yellowstone,MT,Passenger,0,1,1,33,34,2.94
May 31 2021,Albemarle,VA,Passenger,1,0,1,21,22,4.55
October 31 2020,Oldham,KY,Passenger,0,1,1,4,5,20.00
October 31 2019,Pend Oreille,WA,Passenger,7,6,13,9492,9505,0.14
May 31 2023,Cowlitz,WA,Truck,8,0,8,28260,28268,0.03
September 30 2021,Whatcom,WA,Passenger,1540,641,2181,150485,152666,1.43
November 30 2019,Kittitas,WA,Truck,0,0,0,14620,14620,0.00
July 31 2017,Duval,FL,Passenger,1,1,2,378,380,0.53
July 31 2019,Nueces,TX,Passenger,1,1,2,92,94,2.13
November 30 2017,Santa Fe,NM,Passenger,0,1,1,43,44,2.27
March 31 2020,Pierce,WA,Truck,0,0,0,141575,141575,0.00
February 28 2019,Marion,IN,Passenger,1,0,1,115,116,0.86
June 30 2020,Whatcom,WA,Truck,3,0,3,43005,43008,0.01
March 31 2017,Kitsap,WA,Truck,1,0,1,52318,52319,0.00
January 31 2017,Fairfax,VA,Passenger,3,2,5,886,891,0.56
July 31 2018,Polk,FL,Passenger,1,0,1,66,67,1.49
November 30 2022,Skagit,WA,Passenger,906,352,1258,89438,90696,1.39
July 31 2018,Duval,FL,Passenger,1,2,3,385,388,0.77
April 30 2017,Kent,MI,Passenger,0,1,1,37,38,2.63
February 29 2020,Henrico,VA,Passenger,0,1,1,19,20,5.00
December 31 2022,Adams,CO,Passenger,1,0,1,34,35,2.86
October 31 2017,Flathead,MT,Passenger,1,0,1,56,57,1.75
November 30 2022,Hennepin,MN,Passenger,1,0,1,46,47,2.13
November 30 2019,Shelby,OH,Passenger,0,1,1,1,2,50.00
January 31 2020,Mercer,NJ,Passenger,0,1,1,18,19,5.26
February 28 2022,Allen,IN,Passenger,1,0,1,19,20,5.00
May 31 2019,Manassas,VA,Passenger,0,1,1,8,9,11.11
September 30 2019,Fresno,CA,Passenger,1,0,1,204,205,0.49
January 31 2017,Asotin,WA,Truck,0,0,0,6486,6486,0.00
August 31 2020,Clallam,WA,Truck,1,0,1,21698,21699,0.00
August 31 2021,Platte,MO,Passenger,1,0,1,18,19,5.26
August 31 2021,Okanogan,WA,Truck,0,0,0,16748,16748,0.00
February 29 2020,Tulsa,OK,Passenger,1,1,2,50,52,3.85
June 30 2023,Yavapai,AZ,Passenger,0,1,1,18,19,5.26
November 30 2019,Carson City,NV,Passenger,1,0,1,10,11,9.09
January 31 2023,Charles,MD,Passenger,1,1,2,53,55,3.64
August 31 2020,Cumberland,NC,Passenger,0,3,3,469,472,0.64
January 31 2020,Alexandria,VA,Passenger,1,0,1,145,146,0.68
August 31 2021,San Joaquin,CA,Passenger,1,0,1,106,107,0.93
September 30 2022,Jefferson,NY,Passenger,1,1,2,203,205,0.98
August 31 2023,El Paso,TX,Passenger,3,0,3,262,265,1.13
October 31 2018,Camden,NJ,Passenger,0,1,1,27,28,3.57
November 30 2019,Camden,NJ,Passenger,0,1,1,22,23,4.35
December 31 2020,El Dorado,CA,Passenger,1,0,1,36,37,2.70
September 30 2017,St. Clair,IL,Passenger,0,1,1,166,167,0.60
December 31 2019,Sedgwick,KS,Passenger,1,1,2,100,102,1.96
July 31 2019,Sarasota,FL,Passenger,1,0,1,26,27,3.70
August 31 2023,Santa Clara,CA,Passenger,9,3,12,156,168,7.14
November 30 2019,San Diego,CA,Passenger,10,4,14,2810,2824,0.50
April 30 2018,Cook,IL,Passenger,1,0,1,275,276,0.36
November 30 2022,St. Mary's,MD,Passenger,1,0,1,179,180,0.56
December 31 2019,Alexandria,VA,Passenger,1,0,1,145,146,0.68
September 30 2019,Penobscot,ME,Passenger,0,1,1,14,15,6.67
October 31 2023,San Bernardino,CA,Passenger,2,1,3,227,230,1.30
January 31 2021,Tulsa,OK,Passenger,1,1,2,41,43,4.65
August 31 2020,Nueces,TX,Passenger,1,0,1,85,86,1.16
November 30 2019,Wayne,MI,Passenger,0,1,1,63,64,1.56
March 31 2022,Fulton,GA,Passenger,1,0,1,67,68,1.47
July 31 2021,Mercer,NJ,Passenger,0,1,1,13,14,7.14
March 31 2022,Allen,IN,Passenger,1,0,1,19,20,5.00
July 31 2023,Collier,FL,Passenger,1,0,1,12,13,7.69
June 30 2023,Skamania,WA,Truck,1,0,1,3835,3836,0.03
April 30 2018,Jefferson,WA,Truck,0,0,0,9523,9523,0.00
June 30 2020,Harris,TX,Passenger,1,0,1,239,240,0.42
October 31 2019,Charles,MD,Passenger,0,1,1,86,87,1.15
October 31 2017,Palm Beach,FL,Passenger,0,1,1,94,95,1.05
October 31 2022,Carroll,NH,Passenger,0,1,1,5,6,16.67
November 30 2018,Mercer,NJ,Passenger,0,1,1,20,21,4.76
December 31 2020,Oldham,KY,Passenger,0,1,1,4,5,20.00
May 31 2020,Dallas,IA,Passenger,0,1,1,10,11,9.09
July 31 2019,Powhatan,VA,Passenger,1,0,1,0,1,100.00
January 31 2020,Pend Oreille,WA,Truck,0,0,0,5775,5775,0.00
November 30 2017,Lewis,WA,Passenger,53,39,92,56418,56510,0.16
May 31 2020,Klickitat,WA,Passenger,53,40,93,15269,15362,0.61
July 31 2017,Prince William,VA,Passenger,0,3,3,271,274,1.09
October 31 2018,Tarrant,TX,Passenger,1,0,1,211,212,0.47
July 31 2021,Santa Cruz,CA,Passenger,1,0,1,27,28,3.57
May 31 2017,Hamilton,TN,Passenger,1,0,1,22,23,4.35
March 31 2022,King,WA,Passenger,37926,10701,48627,1351573,1400200,3.47
July 31 2019,Virginia Beach,VA,Passenger,1,0,1,712,713,0.14
March 31 2021,Mason,WA,Truck,0,0,0,21162,21162,0.00
February 28 2018,Shelby,TN,Passenger,0,1,1,108,109,0.92
November 30 2020,Vigo,IN,Passenger,1,0,1,6,7,14.29
January 31 2021,Pend Oreille,WA,Truck,0,0,0,5716,5716,0.00
January 31 2020,Hawaii,HI,Passenger,1,0,1,62,63,1.59
August 31 2019,Wayne,MI,Passenger,0,1,1,66,67,1.49
April 30 2017,Hamilton,TN,Passenger,1,0,1,26,27,3.70
February 29 2020,Kent,MI,Passenger,0,1,1,25,26,3.85
August 31 2021,Yakima,WA,Truck,0,0,0,61763,61763,0.00
November 30 2017,Walla Walla,WA,Truck,0,0,0,13312,13312,0.00
February 28 2022,Fairfax,VA,Passenger,4,3,7,649,656,1.07
October 31 2017,Grant,WA,Truck,0,0,0,25456,25456,0.00
July 31 2021,St. Louis,MO,Passenger,1,0,1,84,85,1.18
April 30 2019,Cascade,MT,Passenger,0,1,1,60,61,1.64
May 31 2020,Carson City,NV,Passenger,1,0,1,10,11,9.09
August 31 2023,Charleston,SC,Passenger,1,2,3,50,53,5.66
January 31 2023,Fairfax,VA,Truck,1,0,1,98,99,1.01
November 30 2021,RÃ­o Grande,PR,Passenger,1,0,1,0,1,100.00
April 30 2018,Pend Oreille,WA,Truck,0,0,0,5652,5652,0.00
January 31 2019,Grays Harbor,WA,Truck,0,0,0,20319,20319,0.00
September 30 2018,Pierce,WA,Truck,0,0,0,138445,138445,0.00
February 28 2018,Hamilton,IN,Passenger,1,0,1,51,52,1.92
March 31 2021,New York,NY,Passenger,1,0,1,49,50,2.00
August 31 2017,Lumpkin,GA,Passenger,1,0,1,9,10,10.00
July 31 2022,Greene,MO,Passenger,0,1,1,25,26,3.85
October 31 2018,Kalamazoo,MI,Passenger,1,0,1,16,17,5.88
January 31 2022,Juneau,AK,Passenger,0,1,1,28,29,3.45
September 30 2019,Berkshire,MA,Passenger,0,1,1,4,5,20.00
March 31 2019,Bergen,NJ,Passenger,1,0,1,25,26,3.85
January 31 2023,Orange,NC,Passenger,0,1,1,4,5,20.00
June 30 2021,Contra Costa,CA,Passenger,2,3,5,259,264,1.89
August 31 2017,Whatcom,WA,Truck,2,0,2,41764,41766,0.00
February 29 2020,Clallam,WA,Truck,1,0,1,21833,21834,0.00
April 30 2023,Nueces,TX,Passenger,0,1,1,50,51,1.96
August 31 2019,Caddo,LA,Passenger,0,1,1,20,21,4.76
November 30 2021,Henrico,VA,Passenger,0,1,1,13,14,7.14
October 31 2017,Frederick,MD,Passenger,0,1,1,86,87,1.15
April 30 2021,Lee,FL,Passenger,1,0,1,42,43,2.33
February 28 2021,Flathead,MT,Passenger,1,0,1,53,54,1.85
October 31 2017,Nantucket,MA,Passenger,1,0,1,3,4,25.00
February 28 2021,Wilson,TX,Passenger,0,1,1,6,7,14.29
April 30 2020,Thurston,WA,Passenger,1141,729,1870,197406,199276,0.94
May 31 2018,Chelan,WA,Passenger,103,49,152,53497,53649,0.28
December 31 2020,Miami-Dade,FL,Passenger,1,0,1,98,99,1.01
August 31 2017,Adams,WA,Passenger,3,3,6,12181,12187,0.05
April 30 2019,,,Passenger,4,2,6,411,417,1.44
August 31 2021,Pacific,WA,Truck,0,0,0,7972,7972,0.00
August 31 2022,Riverside,CA,Passenger,7,1,8,440,448,1.79
November 30 2018,Richmond,GA,Passenger,0,1,1,94,95,1.05
June 30 2021,Queens,NY,Passenger,2,0,2,54,56,3.57
November 30 2019,Larimer,CO,Passenger,1,0,1,56,57,1.75
May 31 2018,King,WA,Passenger,12741,5480,18221,1369400,1387621,1.31
November 30 2019,King,WA,Truck,6,1,7,182323,182330,0.00
May 31 2021,Sedgwick,KS,Passenger,0,1,1,92,93,1.08
December 31 2022,St. Mary's,MD,Passenger,1,0,1,179,180,0.56
August 31 2021,Mason,WA,Truck,0,0,0,21316,21316,0.00
May 31 2021,Broward,FL,Passenger,1,0,1,110,111,0.90
January 31 2018,Kitsap,WA,Truck,1,0,1,52754,52755,0.00
March 31 2020,Houston,GA,Passenger,1,0,1,56,57,1.75
December 31 2017,Okaloosa,FL,Passenger,1,0,1,186,187,0.53
March 31 2020,Arlington,VA,Passenger,0,2,2,161,163,1.23
April 30 2020,Polk,FL,Passenger,1,0,1,68,69,1.45
September 30 2023,Yellowstone,MT,Passenger,0,1,1,12,13,7.69
May 31 2023,Clallam,WA,Truck,20,0,20,21747,21767,0.09
January 31 2019,Broward,FL,Passenger,2,1,3,130,133,2.26
November 30 2020,Broward,FL,Passenger,2,1,3,114,117,2.56
June 30 2019,Shelby,OH,Passenger,0,1,1,1,2,50.00
April 30 2018,Island,WA,Passenger,184,178,362,62259,62621,0.58
July 31 2022,Kittitas,WA,Passenger,278,86,364,29679,30043,1.21
June 30 2023,Snohomish,WA,Truck,174,0,174,121341,121515,0.14
March 31 2020,Deschutes,OR,Passenger,4,0,4,148,152,2.63
September 30 2017,Dallas,TX,Passenger,0,1,1,183,184,0.54
June 30 2018,Ventura,CA,Passenger,0,2,2,327,329,0.61
May 31 2021,Suffolk,MA,Passenger,0,2,2,35,37,5.41
October 31 2022,Maui,HI,Passenger,1,0,1,24,25,4.00
January 31 2021,Kittitas,WA,Truck,0,0,0,14674,14674,0.00
March 31 2021,Ferry,WA,Passenger,10,3,13,4349,4362,0.30
September 30 2018,Nassau,NY,Passenger,2,0,2,39,41,4.88
May 31 2020,Benton,WA,Truck,0,0,0,42472,42472,0.00
June 30 2018,Kitsap,WA,Truck,1,0,1,53205,53206,0.00
January 31 2017,Clackamas,OR,Passenger,1,2,3,425,428,0.70
November 30 2017,Hawaii,HI,Passenger,1,0,1,79,80,1.25
June 30 2020,Nassau,FL,Passenger,1,0,1,37,38,2.63
November 30 2019,Albemarle,VA,Passenger,1,0,1,26,27,3.70
August 31 2022,King,WA,Passenger,42923,11634,54557,1345213,1399770,3.90
November 30 2021,Santa Clara,CA,Passenger,7,1,8,255,263,3.04
February 29 2020,Mason,WA,Truck,0,0,0,20601,20601,0.00
February 28 2019,Stevens,WA,Truck,0,0,0,18753,18753,0.00
April 30 2018,Whitman,WA,Passenger,20,24,44,22554,22598,0.19
March 31 2018,Broward,FL,Passenger,0,1,1,133,134,0.75
July 31 2022,Suffolk,VA,Passenger,1,0,1,120,121,0.83
July 31 2020,Douglas,WA,Passenger,75,41,116,28046,28162,0.41
April 30 2023,Yakima,WA,Passenger,467,241,708,165938,166646,0.42
November 30 2020,Alexandria,VA,Passenger,2,0,2,133,135,1.48
May 31 2020,Putnam,TN,Passenger,0,1,1,3,4,25.00
November 30 2020,Eagle,CO,Passenger,1,0,1,9,10,10.00
November 30 2021,Bartow,GA,Passenger,0,1,1,3,4,25.00
June 30 2022,Pacific,WA,Passenger,61,71,132,15881,16013,0.82
February 28 2022,Portsmouth,VA,Passenger,0,1,1,83,84,1.19
March 31 2022,Lewis,WA,Passenger,225,164,389,59475,59864,0.65
October 31 2018,San Juan,WA,Passenger,169,69,238,14206,14444,1.65
March 31 2023,Okanogan,WA,Truck,3,0,3,16508,16511,0.02
November 30 2021,Saratoga,NY,Passenger,1,0,1,41,42,2.38
October 31 2019,Bucks,PA,Passenger,1,0,1,26,27,3.70
July 31 2019,Allegheny,PA,Passenger,1,0,1,83,84,1.19
October 31 2018,Nueces,TX,Passenger,1,1,2,90,92,2.17
October 31 2018,Guadalupe,TX,Passenger,1,0,1,82,83,1.20
April 30 2019,Albemarle,VA,Passenger,1,0,1,25,26,3.85
November 30 2019,Yakima,WA,Passenger,118,116,234,165991,166225,0.14
April 30 2019,King,WA,Passenger,18274,6871,25145,1383876,1409021,1.78
February 28 2019,Cowlitz,WA,Truck,0,0,0,28724,28724,0.00
October 31 2021,Riverside,CA,Passenger,5,1,6,522,528,1.14
June 30 2017,Whatcom,WA,Truck,2,0,2,41620,41622,0.00
November 30 2019,Garfield,WA,Truck,0,0,0,964,964,0.00
May 31 2019,Los Angeles,CA,Passenger,7,5,12,1119,1131,1.06
November 30 2020,San Joaquin,CA,Passenger,1,0,1,115,116,0.86
March 31 2017,Marin,CA,Passenger,1,0,1,60,61,1.64
June 30 2023,Benton,OR,Passenger,1,0,1,33,34,2.94
December 31 2021,Champaign,IL,Passenger,1,0,1,11,12,8.33
July 31 2020,Island,WA,Truck,1,0,1,21219,21220,0.00
February 28 2017,Clallam,WA,Passenger,75,64,139,47978,48117,0.29
April 30 2018,Wahkiakum,WA,Truck,0,0,0,1668,1668,0.00
August 31 2019,King,WA,Truck,6,1,7,182249,182256,0.00
October 31 2019,Snohomish,WA,Truck,0,0,0,123000,123000,0.00
February 28 2022,Pierce,WA,Truck,2,0,2,143978,143980,0.00
October 31 2022,Burlington,NJ,Passenger,0,2,2,95,97,2.06
April 30 2020,Fairbanks North Star,AK,Passenger,0,1,1,97,98,1.02
June 30 2018,Lane,OR,Passenger,0,1,1,187,188,0.53
December 31 2020,Kent,MI,Passenger,0,1,1,25,26,3.85
January 31 2023,Eagle,CO,Passenger,1,0,1,8,9,11.11
September 30 2023,King,WA,Passenger,63856,15665,79521,1309924,1389445,5.72
October 31 2020,Broward,FL,Passenger,1,1,2,115,117,1.71
January 31 2019,Maricopa,AZ,Passenger,5,3,8,1598,1606,0.50
September 30 2017,Chelan,WA,Truck,0,0,0,21415,21415,0.00
November 30 2022,Pend Oreille,WA,Truck,0,0,0,5605,5605,0.00
June 30 2023,Bexar,TX,Passenger,2,3,5,355,360,1.39
August 31 2019,Santa Rosa,FL,Passenger,1,0,1,89,90,1.11
June 30 2018,Frederick,MD,Passenger,0,1,1,87,88,1.14
November 30 2017,Madison,ID,Passenger,1,0,1,39,40,2.50
April 30 2022,Powhatan,VA,Passenger,1,0,1,1,2,50.00
December 31 2017,Santa Clara,CA,Passenger,7,1,8,388,396,2.02
May 31 2021,Contra Costa,CA,Passenger,3,3,6,266,272,2.21
August 31 2023,Lewis,WA,Passenger,344,253,597,59013,59610,1.00
April 30 2020,Stevens,WA,Truck,0,0,0,18608,18608,0.00
September 30 2019,Lewis,WA,Passenger,107,101,208,59354,59562,0.35
March 31 2023,Asotin,WA,Passenger,32,21,53,12427,12480,0.42
December 31 2020,Fairbanks North Star,AK,Passenger,0,1,1,90,91,1.10
January 31 2019,Brevard,FL,Passenger,0,1,1,95,96,1.04
May 31 2021,St. Mary's,MD,Passenger,1,0,1,212,213,0.47
September 30 2018,Franklin,WA,Truck,0,0,0,18872,18872,0.00
November 30 2018,Thurston,WA,Truck,0,0,0,54921,54921,0.00
February 28 2021,Clallam,WA,Passenger,282,195,477,49982,50459,0.95
April 30 2018,Sacramento,CA,Passenger,1,0,1,309,310,0.32
November 30 2021,Okanogan,WA,Passenger,67,43,110,26592,26702,0.41
October 31 2022,Richmond,NY,Passenger,1,0,1,4,5,20.00
March 31 2021,Salt Lake,UT,Passenger,0,1,1,180,181,0.55
December 31 2020,Saginaw,MI,Passenger,2,0,2,11,13,15.38
December 31 2022,Montgomery,MD,Passenger,4,3,7,191,198,3.54
August 31 2020,Middlesex,MA,Passenger,1,1,2,93,95,2.11
February 28 2022,Camden,NJ,Passenger,0,1,1,13,14,7.14
February 28 2021,Kauai,HI,Passenger,1,0,1,17,18,5.56
August 31 2021,Adams,WA,Passenger,16,14,30,13037,13067,0.23
February 28 2017,Lewis,WA,Truck,0,0,0,24786,24786,0.00
July 31 2023,Los Angeles,CA,Passenger,6,4,10,575,585,1.71
August 31 2022,Franklin,WA,Truck,2,0,2,20894,20896,0.01
December 31 2017,Shelby,TN,Passenger,0,1,1,107,108,0.93
April 30 2017,Honolulu,HI,Passenger,4,2,6,609,615,0.98
May 31 2019,Pinal,AZ,Passenger,2,0,2,196,198,1.01
May 31 2017,Okanogan,WA,Passenger,3,16,19,25683,25702,0.07
March 31 2021,Monterey,CA,Passenger,0,1,1,149,150,0.67
February 28 2021,Allegheny,PA,Passenger,1,1,2,71,73,2.74
January 31 2022,San Luis Obispo,CA,Passenger,1,0,1,60,61,1.64
June 30 2021,Saginaw,MI,Passenger,1,0,1,9,10,10.00
May 31 2019,Owyhee,ID,Passenger,1,0,1,5,6,16.67
May 31 2020,Yakima,WA,Passenger,132,117,249,165006,165255,0.15
October 31 2020,Cumberland,NC,Passenger,0,3,3,463,466,0.64
September 30 2019,Richland,SC,Passenger,0,1,1,157,158,0.63
February 28 2021,Skamania,WA,Truck,0,0,0,4029,4029,0.00
October 31 2021,Santa Clara,CA,Passenger,7,2,9,260,269,3.35
August 31 2019,Clallam,WA,Passenger,184,148,332,50729,51061,0.65
March 31 2017,Asotin,WA,Passenger,5,2,7,12335,12342,0.06
March 31 2023,St. Clair,IL,Passenger,2,0,2,102,104,1.92
March 31 2017,Grays Harbor,WA,Truck,0,0,0,19864,19864,0.00
April 30 2022,Montgomery,TX,Passenger,1,0,1,40,41,2.44
November 30 2023,Santa Cruz,CA,Passenger,1,0,1,18,19,5.26
March 31 2021,Lee,FL,Passenger,1,0,1,42,43,2.33
February 28 2023,Fairfax,VA,Passenger,6,3,9,577,586,1.54
February 29 2020,Stevens,WA,Truck,0,0,0,18753,18753,0.00
March 31 2019,Denver,CO,Passenger,1,0,1,130,131,0.76
January 31 2022,Wahkiakum,WA,Passenger,17,11,28,3074,3102,0.90
January 31 2019,Palm Beach,FL,Passenger,0,1,1,89,90,1.11
October 31 2022,San Bernardino,CA,Passenger,1,1,2,304,306,0.65
June 30 2018,Palm Beach,FL,Passenger,0,1,1,82,83,1.20
March 31 2020,DeKalb,GA,Passenger,1,0,1,86,87,1.15
December 31 2018,Clark,WA,Passenger,1246,841,2087,311370,313457,0.67
May 31 2018,Lewis,WA,Passenger,78,54,132,57563,57695,0.23
July 31 2021,Kittitas,WA,Truck,0,0,0,14792,14792,0.00
October 31 2021,Virginia Beach,VA,Passenger,3,0,3,592,595,0.50
December 31 2022,Sedgwick,KS,Passenger,1,1,2,70,72,2.78
August 31 2020,Kings,NY,Passenger,1,0,1,64,65,1.54
February 28 2021,Williams,ND,Passenger,0,1,1,10,11,9.09
May 31 2023,Ray,MO,Passenger,0,1,1,0,1,100.00
January 31 2020,Whatcom,WA,Truck,3,0,3,43230,43233,0.01
June 30 2022,Cowlitz,WA,Truck,2,1,3,28542,28545,0.01
September 30 2021,District of Columbia,DC,Passenger,5,0,5,194,199,2.51
June 30 2019,Pinal,AZ,Passenger,2,0,2,197,199,1.01
June 30 2018,Kittitas,WA,Passenger,47,32,79,28925,29004,0.27
November 30 2020,District of Columbia,DC,Passenger,3,1,4,198,202,1.98
March 31 2021,San Diego,CA,Passenger,15,5,20,2665,2685,0.74
January 31 2017,Hawaii,HI,Passenger,1,0,1,91,92,1.09
May 31 2018,Richland,SC,Passenger,0,1,1,172,173,0.58
May 31 2022,Wood,OH,Passenger,0,1,1,5,6,16.67
November 30 2023,Oldham,KY,Passenger,0,1,1,2,3,33.33
December 31 2021,Hawaii,HI,Passenger,1,0,1,44,45,2.22
March 31 2021,Adams,WA,Passenger,10,7,17,12993,13010,0.13
November 30 2021,Walla Walla,WA,Passenger,137,84,221,36391,36612,0.60
October 31 2021,Lincoln,WA,Passenger,7,16,23,7704,7727,0.30
June 30 2019,Clallam,WA,Passenger,173,141,314,50500,50814,0.62
June 30 2021,Skagit,WA,Truck,1,0,1,33019,33020,0.00
July 31 2021,Pend Oreille,WA,Truck,0,0,0,5743,5743,0.00
June 30 2019,Multnomah,OR,Passenger,5,5,10,748,758,1.32
March 31 2022,New London,CT,Passenger,1,5,6,204,210,2.86
February 28 2022,Goochland,VA,Passenger,4,2,6,174,180,3.33
February 28 2022,Rockingham,NH,Passenger,1,0,1,19,20,5.00
March 31 2018,Manassas,VA,Passenger,0,1,1,8,9,11.11
November 30 2018,Jefferson,WA,Passenger,169,104,273,24794,25067,1.09
January 31 2017,Multnomah,OR,Passenger,0,3,3,1282,1285,0.23
October 31 2021,Kern,CA,Passenger,0,1,1,198,199,0.50
August 31 2022,Lincoln,WA,Passenger,9,16,25,7692,7717,0.32
February 28 2021,Klamath,OR,Passenger,1,0,1,32,33,3.03
December 31 2020,Suffolk,MA,Passenger,0,2,2,35,37,5.41
October 31 2019,San Francisco,CA,Passenger,2,1,3,103,106,2.83
January 31 2020,Wilson,TX,Passenger,0,1,1,8,9,11.11
June 30 2018,Manassas,VA,Passenger,0,1,1,9,10,10.00
September 30 2023,Kern,CA,Passenger,1,1,2,156,158,1.27
February 28 2023,Kittitas,WA,Truck,6,0,6,14569,14575,0.04
March 31 2021,Wahkiakum,WA,Truck,0,0,0,1788,1788,0.00
June 30 2018,Prince George's,MD,Passenger,1,1,2,185,187,1.07
August 31 2017,Kitsap,WA,Truck,1,0,1,52565,52566,0.00
September 30 2018,Klickitat,WA,Truck,0,0,0,8136,8136,0.00
April 30 2022,San Bernardino,CA,Passenger,1,1,2,341,343,0.58
July 31 2018,Brevard,FL,Passenger,0,1,1,95,96,1.04
February 28 2018,Kitsap,WA,Passenger,716,418,1134,176367,177501,0.64
April 30 2018,Maui,HI,Passenger,1,0,1,58,59,1.69
March 31 2017,Skagit,WA,Passenger,118,91,209,87513,87722,0.24
March 31 2018,Whitman,WA,Passenger,18,23,41,22488,22529,0.18
September 30 2021,Richland,SC,Passenger,0,1,1,137,138,0.72
March 31 2020,Skamania,WA,Passenger,29,17,46,8712,8758,0.53
November 30 2023,Mason,WA,Passenger,526,213,739,44648,45387,1.63
June 30 2020,Grays Harbor,WA,Truck,0,0,0,20906,20906,0.00
January 31 2019,Maui,HI,Passenger,2,0,2,50,52,3.85
August 31 2018,Thurston,WA,Truck,0,0,0,54563,54563,0.00
December 31 2022,District of Columbia,DC,Passenger,3,0,3,157,160,1.88
March 31 2023,Napa,CA,Passenger,0,1,1,12,13,7.69
November 30 2023,DuPage,IL,Passenger,0,1,1,29,30,3.33
April 30 2020,Fairfax,VA,Passenger,5,3,8,745,753,1.06
July 31 2018,Asotin,WA,Truck,0,0,0,6626,6626,0.00
October 31 2017,Benton,WA,Truck,0,0,0,40389,40389,0.00
February 28 2023,Allen,IN,Passenger,1,0,1,17,18,5.56
December 31 2021,Lake,FL,Passenger,1,0,1,22,23,4.35
November 30 2021,Clackamas,OR,Passenger,2,0,2,167,169,1.18
October 31 2023,Lee,AL,Passenger,1,0,1,12,13,7.69
June 30 2022,Bartow,GA,Passenger,0,1,1,3,4,25.00
July 31 2019,Nantucket,MA,Passenger,1,0,1,2,3,33.33
May 31 2022,Hillsborough,FL,Passenger,1,2,3,123,126,2.38
November 30 2021,Garfield,WA,Passenger,0,3,3,1348,1351,0.22
November 30 2018,Ferry,WA,Passenger,3,2,5,4384,4389,0.11
May 31 2020,Norfolk,VA,Passenger,2,2,4,348,352,1.14
December 31 2020,Jones,GA,Passenger,1,0,1,1,2,50.00
September 30 2023,Sedgwick,KS,Passenger,1,0,1,49,50,2.00
December 31 2020,Chesapeake,VA,Passenger,0,2,2,407,409,0.49
January 31 2022,Denton,TX,Passenger,1,0,1,75,76,1.32
December 31 2018,Washington,OR,Passenger,0,1,1,474,475,0.21
September 30 2018,Honolulu,HI,Passenger,1,2,3,531,534,0.56
February 28 2021,Loudoun,VA,Passenger,1,0,1,70,71,1.41
April 30 2020,Jones,GA,Passenger,1,0,1,1,2,50.00
April 30 2021,Nueces,TX,Passenger,1,0,1,80,81,1.23
August 31 2019,Manatee,FL,Passenger,1,0,1,36,37,2.70
November 30 2022,Pennington,SD,Passenger,2,0,2,26,28,7.14
March 31 2023,Adams,CO,Passenger,1,0,1,27,28,3.57
February 28 2022,Rockdale,GA,Passenger,1,0,1,6,7,14.29
January 31 2023,Kern,CA,Passenger,1,1,2,195,197,1.02
December 31 2019,Vigo,IN,Passenger,1,0,1,6,7,14.29
March 31 2023,Pacific,WA,Truck,3,0,3,7826,7829,0.04
July 31 2021,Whitman,WA,Passenger,61,49,110,21925,22035,0.50
May 31 2018,Klickitat,WA,Truck,0,0,0,8082,8082,0.00
May 31 2023,Multnomah,OR,Passenger,1,2,3,434,437,0.69
August 31 2018,King,WA,Truck,7,1,8,182971,182979,0.00
June 30 2023,Arapahoe,CO,Passenger,1,1,2,72,74,2.70
July 31 2023,Skamania,WA,Truck,1,0,1,3824,3825,0.03
September 30 2020,Clallam,WA,Truck,1,0,1,21767,21768,0.00
June 30 2019,Harris,TX,Passenger,1,1,2,257,259,0.77
December 31 2021,Skagit,WA,Passenger,694,302,996,91104,92100,1.08
December 31 2017,Franklin,OH,Passenger,0,1,1,108,109,0.92
January 31 2023,Contra Costa,CA,Passenger,0,3,3,206,209,1.44
July 31 2021,Meade,KY,Passenger,1,0,1,25,26,3.85
October 31 2017,Lake,CA,Passenger,0,1,1,11,12,8.33
July 31 2023,Carroll,MD,Passenger,0,1,1,19,20,5.00
September 30 2017,Northampton,PA,Passenger,0,1,1,83,84,1.19
June 30 2019,Travis,TX,Passenger,3,1,4,203,207,1.93
February 28 2023,Adams,WA,Passenger,21,11,32,13019,13051,0.25
September 30 2020,Morris,NJ,Passenger,1,0,1,18,19,5.26
January 31 2022,Harford,MD,Passenger,1,1,2,53,55,3.64
January 31 2020,Harrison,MS,Passenger,1,0,1,61,62,1.61
June 30 2023,Anchorage,AK,Passenger,1,0,1,97,98,1.02
March 31 2017,Juneau,AK,Passenger,0,1,1,51,52,1.92
February 28 2023,Napa,CA,Passenger,0,1,1,11,12,8.33
April 30 2020,Kent,MI,Passenger,0,1,1,25,26,3.85
April 30 2017,Walla Walla,WA,Truck,0,0,0,13178,13178,0.00
September 30 2023,Virginia Beach,VA,Passenger,4,2,6,407,413,1.45
April 30 2019,Spokane,WA,Truck,1,0,1,94369,94370,0.00
May 31 2023,Philadelphia,PA,Passenger,1,0,1,37,38,2.63
May 31 2022,Walla Walla,WA,Passenger,171,96,267,35968,36235,0.74
February 28 2022,Leavenworth,KS,Passenger,0,1,1,107,108,0.93
April 30 2021,Monterey,CA,Passenger,0,1,1,149,150,0.67
August 31 2021,DuPage,IL,Passenger,1,1,2,55,57,3.51
October 31 2022,Sarpy,NE,Passenger,1,0,1,56,57,1.75
April 30 2017,Albemarle,VA,Passenger,0,1,1,31,32,3.12
November 30 2017,Chelan,WA,Truck,0,0,0,21520,21520,0.00
August 31 2018,Latah,ID,Passenger,0,1,1,78,79,1.27
September 30 2017,Jefferson,WA,Passenger,114,65,179,24007,24186,0.74
October 31 2021,New London,CT,Passenger,1,4,5,213,218,2.29
November 30 2021,Jefferson,WA,Truck,0,0,0,9600,9600,0.00
November 30 2021,St. Clair,IL,Passenger,2,0,2,119,121,1.65
January 31 2023,Adams,CO,Passenger,1,0,1,33,34,2.94
May 31 2018,Allegheny,PA,Passenger,1,0,1,77,78,1.28
March 31 2022,Onslow,NC,Passenger,0,1,1,172,173,0.58
May 31 2017,Orange,FL,Passenger,1,1,2,143,145,1.38
January 31 2019,Montgomery,PA,Passenger,2,0,2,35,37,5.41
September 30 2018,Larimer,CO,Passenger,1,0,1,61,62,1.61
September 30 2022,Whitman,WA,Passenger,96,64,160,21942,22102,0.72
April 30 2022,Adams,WA,Truck,0,0,0,5481,5481,0.00
June 30 2020,Suffolk,VA,Passenger,1,0,1,126,127,0.79
January 31 2017,Muscogee,GA,Passenger,0,1,1,265,266,0.38
August 31 2022,Grant,WA,Truck,1,0,1,27985,27986,0.00
June 30 2023,Harris,TX,Passenger,1,0,1,124,125,0.80
July 31 2023,Thurston,WA,Truck,64,0,64,53799,53863,0.12
August 31 2022,Richland,SC,Passenger,0,1,1,124,125,0.80
May 31 2018,Clallam,WA,Passenger,119,110,229,49784,50013,0.46
August 31 2018,Charleston,SC,Passenger,1,0,1,131,132,0.76
May 31 2023,Essex,MA,Passenger,1,0,1,12,13,7.69
October 31 2019,Guadalupe,TX,Passenger,1,0,1,71,72,1.39
December 31 2022,Polk,OR,Passenger,1,1,2,20,22,9.09
October 31 2018,Randolph,NC,Passenger,1,0,1,5,6,16.67
July 31 2017,Skamania,WA,Passenger,9,7,16,8551,8567,0.19
March 31 2019,Hawaii,HI,Passenger,1,0,1,63,64,1.56
August 31 2017,Benton,WA,Truck,0,0,0,40166,40166,0.00
May 31 2020,Benton,WA,Passenger,353,321,674,134147,134821,0.50
February 29 2020,Chelan,WA,Truck,0,0,0,22575,22575,0.00
July 31 2017,Walla Walla,WA,Truck,0,0,0,13178,13178,0.00
April 30 2017,Moore,NC,Passenger,0,1,1,205,206,0.49
June 30 2018,Montgomery,PA,Passenger,2,0,2,33,35,5.71
May 31 2023,New Haven,CT,Passenger,0,2,2,27,29,6.90
October 31 2019,Berkshire,MA,Passenger,0,1,1,4,5,20.00
July 31 2020,Randolph,NC,Passenger,1,0,1,8,9,11.11
April 30 2019,Yakima,WA,Passenger,93,103,196,164607,164803,0.12
March 31 2022,Clark,WA,Passenger,3743,1655,5398,318187,323585,1.67
December 31 2019,Whitman,WA,Truck,0,0,0,8581,8581,0.00
March 31 2022,Douglas,WA,Passenger,125,56,181,28521,28702,0.63
October 31 2019,Duval,FL,Passenger,1,2,3,378,381,0.79
November 30 2018,Spokane,WA,Truck,1,0,1,93652,93653,0.00
August 31 2021,Placer,CA,Passenger,2,0,2,74,76,2.63
May 31 2019,Anne Arundel,MD,Passenger,1,1,2,449,451,0.44
January 31 2023,Salt Lake,UT,Passenger,0,1,1,114,115,0.87
June 30 2022,Sedgwick,KS,Passenger,1,1,2,79,81,2.47
November 30 2021,Houston,GA,Passenger,1,0,1,42,43,2.33
October 31 2019,Dakota,MN,Passenger,0,1,1,36,37,2.70
October 31 2017,Wayne,MI,Passenger,0,1,1,70,71,1.41
November 30 2021,Arlington,VA,Passenger,1,1,2,134,136,1.47
April 30 2022,Thurston,WA,Passenger,2071,1015,3086,194784,197870,1.56
January 31 2019,Denver,CO,Passenger,1,0,1,128,129,0.78
April 30 2021,Richland,SC,Passenger,0,1,1,141,142,0.70
October 31 2023,Ferry,WA,Truck,0,0,0,3467,3467,0.00
October 31 2023,Shelby,AL,Passenger,1,0,1,5,6,16.67
September 30 2023,Pacific,WA,Truck,5,0,5,7778,7783,0.06
January 31 2017,Dane,WI,Passenger,1,0,1,193,194,0.52
June 30 2020,Calvert,MD,Passenger,0,2,2,88,90,2.22
April 30 2019,Tarrant,TX,Passenger,2,0,2,206,208,0.96
February 28 2021,Plaquemines,LA,Passenger,0,1,1,14,15,6.67
June 30 2022,Suffolk,MA,Passenger,0,1,1,22,23,4.35
June 30 2021,Henrico,VA,Passenger,0,1,1,14,15,6.67
August 31 2023,Leavenworth,KS,Passenger,0,1,1,88,89,1.12
May 31 2018,Franklin,WA,Truck,0,0,0,18641,18641,0.00
April 30 2023,Clark,WA,Truck,82,0,82,81455,81537,0.10
April 30 2017,Skamania,WA,Passenger,9,8,17,8520,8537,0.20
December 31 2020,Washington,OR,Passenger,1,0,1,418,419,0.24
October 31 2022,San Juan,WA,Truck,7,0,7,5946,5953,0.12
July 31 2021,Skagit,WA,Passenger,608,281,889,91851,92740,0.96
April 30 2023,Honolulu,HI,Passenger,2,3,5,268,273,1.83
January 31 2022,Lee,FL,Passenger,1,0,1,34,35,2.86
March 31 2019,Thurston,WA,Passenger,802,598,1400,196127,197527,0.71
March 31 2017,Tarrant,TX,Passenger,0,2,2,293,295,0.68
February 28 2018,Maui,HI,Passenger,1,0,1,65,66,1.52
May 31 2017,Anne Arundel,MD,Passenger,0,1,1,504,505,0.20
October 31 2023,Franklin,WA,Passenger,366,153,519,60986,61505,0.84
December 31 2017,Prince William,VA,Passenger,0,3,3,271,274,1.09
June 30 2017,Klickitat,WA,Passenger,23,24,47,14800,14847,0.32
May 31 2019,Wahkiakum,WA,Passenger,2,2,4,3015,3019,0.13
November 30 2020,Stevens,WA,Passenger,36,39,75,30265,30340,0.25
June 30 2023,Chesapeake,VA,Passenger,3,2,5,276,281,1.78
July 31 2017,Dale,AL,Passenger,0,1,1,64,65,1.54
November 30 2018,Clay,FL,Passenger,0,1,1,86,87,1.15
September 30 2021,Queens,NY,Passenger,2,0,2,49,51,3.92
October 31 2022,Skamania,WA,Passenger,85,51,136,8095,8231,1.65
May 31 2021,Duval,FL,Passenger,0,2,2,349,351,0.57
May 31 2023,Virginia Beach,VA,Passenger,4,1,5,435,440,1.14
April 30 2020,Kittitas,WA,Passenger,101,49,150,29858,30008,0.50
June 30 2019,Vigo,IN,Passenger,1,0,1,6,7,14.29
October 31 2023,Kern,CA,Passenger,1,1,2,146,148,1.35
May 31 2017,Tulare,CA,Passenger,1,0,1,193,194,0.52
April 30 2017,Guilford,NC,Passenger,1,0,1,31,32,3.12
June 30 2022,Wake,NC,Passenger,1,0,1,91,92,1.09
May 31 2019,Boulder,CO,Passenger,1,0,1,46,47,2.13
November 30 2019,Boulder,CO,Passenger,1,1,2,53,55,3.64
April 30 2018,Kitsap,WA,Passenger,742,441,1183,177360,178543,0.66
November 30 2017,Anne Arundel,MD,Passenger,0,1,1,490,491,0.20
December 31 2017,Skamania,WA,Truck,0,0,0,3897,3897,0.00
August 31 2020,Grays Harbor,WA,Truck,0,0,0,21029,21029,0.00
May 31 2022,Lake,IL,Passenger,3,0,3,148,151,1.99
February 28 2021,Douglas,NE,Passenger,1,1,2,54,56,3.57
January 31 2023,Meade,KY,Passenger,1,0,1,16,17,5.88
February 28 2017,Cowlitz,WA,Passenger,50,46,96,69050,69146,0.14
March 31 2019,Collin,TX,Passenger,1,1,2,142,144,1.39
May 31 2020,Walla Walla,WA,Passenger,70,62,132,35819,35951,0.37
June 30 2021,Columbia,WA,Truck,0,0,0,1545,1545,0.00
March 31 2018,Cook,IL,Passenger,1,0,1,283,284,0.35
June 30 2019,Asotin,WA,Truck,0,0,0,6667,6667,0.00
March 31 2021,Harris,TX,Passenger,1,1,2,216,218,0.92
August 31 2020,San Joaquin,CA,Passenger,1,0,1,126,127,0.79
June 30 2022,Lane,OR,Passenger,0,2,2,97,99,2.02
December 31 2020,Prince George's,MD,Passenger,2,1,3,152,155,1.94
August 31 2017,Allegheny,PA,Passenger,1,0,1,90,91,1.10
May 31 2017,Morris,NJ,Passenger,1,0,1,24,25,4.00
June 30 2023,Fairbanks North Star,AK,Passenger,0,1,1,48,49,2.04
April 30 2023,Sarpy,NE,Passenger,1,0,1,53,54,1.85
September 30 2020,Lee,FL,Passenger,1,0,1,48,49,2.04
February 29 2020,Benton,WA,Passenger,337,320,657,135296,135953,0.48
September 30 2022,Clackamas,OR,Passenger,1,0,1,134,135,0.74
May 31 2021,Island,WA,Truck,0,0,0,21588,21588,0.00
February 28 2017,Fulton,GA,Passenger,1,1,2,127,129,1.55
August 31 2020,Broward,FL,Passenger,2,1,3,113,116,2.59
March 31 2017,Benton,WA,Passenger,140,139,279,127929,128208,0.22
June 30 2017,Spokane,WA,Truck,1,0,1,90621,90622,0.00
July 31 2021,Cowlitz,WA,Truck,0,0,0,29112,29112,0.00
December 31 2021,Williamson,TX,Passenger,1,2,3,95,98,3.06
March 31 2023,Middlesex,MA,Passenger,2,1,3,65,68,4.41
July 31 2022,Sarasota,FL,Passenger,2,0,2,26,28,7.14
March 31 2021,Queens,NY,Passenger,2,0,2,53,55,3.64
November 30 2022,Lincoln,WA,Passenger,12,19,31,7766,7797,0.40
June 30 2018,Walla Walla,WA,Truck,0,0,0,13416,13416,0.00
July 31 2018,Orange,CA,Passenger,4,1,5,572,577,0.87
January 31 2018,Island,WA,Truck,0,0,0,20778,20778,0.00
October 31 2022,Franklin,WA,Passenger,239,112,351,61759,62110,0.57
September 30 2023,Whatcom,WA,Truck,66,0,66,42075,42141,0.16
January 31 2022,Prince George's,MD,Passenger,2,1,3,146,149,2.01
August 31 2021,Klamath,OR,Passenger,1,0,1,31,32,3.12
April 30 2022,Travis,TX,Passenger,3,0,3,119,122,2.46
February 28 2023,Middlesex,MA,Passenger,2,1,3,66,69,4.35
October 31 2017,Franklin,MA,Passenger,0,1,1,4,5,20.00
December 31 2018,Lewis,WA,Truck,0,0,0,25633,25633,0.00
December 31 2018,Pima,AZ,Passenger,1,1,2,415,417,0.48
July 31 2023,Contra Costa,CA,Passenger,0,3,3,178,181,1.66
July 31 2017,Hawaii,HI,Passenger,1,0,1,81,82,1.22
August 31 2018,Arlington,VA,Passenger,1,1,2,177,179,1.12
August 31 2018,DeKalb,GA,Passenger,1,0,1,82,83,1.20
May 31 2022,Washington,MD,Passenger,2,0,2,14,16,12.50
June 30 2021,Williams,ND,Passenger,0,1,1,7,8,12.50
October 31 2019,Jefferson,WA,Truck,0,0,0,9671,9671,0.00
May 31 2017,Clallam,WA,Passenger,84,74,158,48201,48359,0.33
September 30 2021,Whitman,WA,Passenger,64,56,120,21910,22030,0.54
February 28 2018,Clallam,WA,Truck,0,0,0,21289,21289,0.00
May 31 2020,St. Clair,IL,Passenger,1,0,1,137,138,0.72
June 30 2017,Salt Lake,UT,Passenger,0,1,1,266,267,0.37
November 30 2018,Sedgwick,KS,Passenger,0,1,1,102,103,0.97
June 30 2021,Nueces,TX,Passenger,1,0,1,75,76,1.32
December 31 2021,Nassau,NY,Passenger,3,0,3,31,34,8.82
October 31 2021,Santa Cruz,CA,Passenger,1,0,1,28,29,3.45
October 31 2022,Kootenai,ID,Truck,1,0,1,31,32,3.12
March 31 2017,Nantucket,MA,Passenger,1,0,1,3,4,25.00
September 30 2020,Bartow,GA,Passenger,0,1,1,4,5,20.00
March 31 2021,Wilson,TX,Passenger,0,1,1,5,6,16.67
October 31 2023,Jefferson,WA,Truck,13,0,13,9146,9159,0.14
September 30 2021,Kitsap,WA,Truck,0,0,0,54304,54304,0.00
August 31 2021,Jefferson,WA,Passenger,349,183,532,24844,25376,2.10
October 31 2019,Mason,WA,Passenger,140,129,269,47554,47823,0.56
October 31 2019,Adams,WA,Passenger,6,6,12,12910,12922,0.09
July 31 2017,Norfolk,MA,Passenger,1,0,1,38,39,2.56
October 31 2023,St. Clair,IL,Passenger,1,0,1,85,86,1.16
March 31 2019,Chelan,WA,Truck,0,0,0,22129,22129,0.00
April 30 2020,Cowlitz,WA,Truck,0,0,0,28762,28762,0.00
October 31 2018,Clackamas,OR,Passenger,0,1,1,212,213,0.47
September 30 2019,Harrison,MS,Passenger,1,0,1,63,64,1.56
July 31 2023,Broward,FL,Passenger,1,0,1,63,64,1.56
January 31 2020,Juneau,AK,Passenger,0,2,2,28,30,6.67
May 31 2019,Larimer,CO,Passenger,1,0,1,58,59,1.69
May 31 2023,Denton,TX,Passenger,1,0,1,48,49,2.04
June 30 2017,Thurston,WA,Truck,0,0,0,53291,53291,0.00
April 30 2018,Okanogan,WA,Truck,0,0,0,16350,16350,0.00
August 31 2020,Kern,CA,Passenger,0,1,1,219,220,0.45
February 28 2019,Pend Oreille,WA,Passenger,5,5,10,9481,9491,0.11
March 31 2022,Virginia Beach,VA,Passenger,3,0,3,556,559,0.54
May 31 2017,Cobb,GA,Passenger,0,1,1,80,81,1.23
July 31 2021,Hamilton,IN,Passenger,2,0,2,34,36,5.56
May 31 2023,Larimer,CO,Passenger,1,0,1,32,33,3.03
September 30 2017,Contra Costa,CA,Passenger,0,1,1,501,502,0.20
November 30 2020,Chelan,WA,Truck,0,0,0,22776,22776,0.00
April 30 2020,Ramsey,MN,Passenger,1,0,1,41,42,2.38
May 31 2023,Skamania,WA,Truck,1,0,1,3841,3842,0.03
April 30 2017,Salt Lake,UT,Passenger,0,1,1,288,289,0.35
June 30 2017,Maricopa,AZ,Passenger,2,1,3,1771,1774,0.17
April 30 2019,Alexandria,VA,Passenger,1,0,1,151,152,0.66
March 31 2020,Fresno,CA,Passenger,1,0,1,198,199,0.50
April 30 2021,Manassas,VA,Passenger,0,1,1,7,8,12.50
April 30 2021,Orange,NC,Passenger,0,1,1,10,11,9.09
June 30 2022,Hudson,NJ,Passenger,2,0,2,37,39,5.13
April 30 2021,Queens,NY,Passenger,2,0,2,54,56,3.57
May 31 2019,Alameda,CA,Passenger,3,2,5,313,318,1.57
October 31 2020,Asotin,WA,Truck,0,0,0,6685,6685,0.00
August 31 2021,Los Angeles,CA,Passenger,9,9,18,883,901,2.00
October 31 2018,Cowlitz,WA,Passenger,69,86,155,72156,72311,0.21
June 30 2021,Skagit,WA,Passenger,589,274,863,91947,92810,0.93
November 30 2022,Clark,NV,Passenger,9,2,11,459,470,2.34
November 30 2017,Brevard,FL,Passenger,0,1,1,107,108,0.93
May 31 2019,Nueces,TX,Passenger,1,1,2,97,99,2.02
January 31 2023,Washtenaw,MI,Passenger,0,1,1,23,24,4.17
March 31 2023,Mercer,NJ,Passenger,0,1,1,11,12,8.33
December 31 2020,Hampshire,MA,Passenger,1,0,1,7,8,12.50
June 30 2021,Montgomery,OH,Passenger,0,1,1,57,58,1.72
September 30 2021,Anne Arundel,MD,Passenger,4,1,5,375,380,1.32
August 31 2019,Snohomish,WA,Truck,0,0,0,122854,122854,0.00
July 31 2022,King,WA,Truck,123,2,125,180316,180441,0.07
March 31 2021,Ventura,CA,Passenger,1,2,3,281,284,1.06
December 31 2017,Montgomery,TN,Passenger,1,0,1,274,275,0.36
April 30 2018,Riverside,CA,Passenger,2,2,4,701,705,0.57
January 31 2017,Franklin,WA,Passenger,27,42,69,55396,55465,0.12
June 30 2020,Brevard,FL,Passenger,0,1,1,88,89,1.12
July 31 2018,Jefferson,CO,Passenger,0,1,1,66,67,1.49
September 30 2022,Burlington,NJ,Passenger,0,2,2,98,100,2.00
May 31 2021,Clackamas,OR,Passenger,2,0,2,173,175,1.14
January 31 2023,Arlington,VA,Passenger,1,0,1,115,116,0.86
November 30 2022,Rock Island,IL,Passenger,0,1,1,12,13,7.69
January 31 2020,Albemarle,VA,Passenger,1,0,1,26,27,3.70
September 30 2022,Spokane,WA,Truck,12,0,12,101873,101885,0.01
May 31 2019,Snohomish,WA,Passenger,3371,1571,4942,530276,535218,0.92
January 31 2017,El Paso,CO,Passenger,1,1,2,885,887,0.23
December 31 2019,Portsmouth,VA,Passenger,0,1,1,81,82,1.22
May 31 2021,Prince George's,MD,Passenger,2,1,3,147,150,2.00
March 31 2018,Brevard,FL,Passenger,0,1,1,103,104,0.96
November 30 2020,Plaquemines,LA,Passenger,0,1,1,13,14,7.14
January 31 2020,Oklahoma,OK,Passenger,0,1,1,130,131,0.76
June 30 2023,Fulton,GA,Passenger,1,0,1,49,50,2.00
February 28 2023,Wichita,TX,Passenger,2,0,2,36,38,5.26
April 30 2017,Yakima,WA,Truck,0,0,0,57217,57217,0.00
May 31 2023,Snohomish,WA,Passenger,12185,2987,15172,528042,543214,2.79
July 31 2018,Adams,WA,Truck,0,0,0,5160,5160,0.00
April 30 2023,Jefferson,WA,Truck,10,0,10,9326,9336,0.11
October 31 2018,Pierce,WA,Passenger,1405,1305,2710,537101,539811,0.50
April 30 2020,Okanogan,WA,Passenger,34,31,65,25888,25953,0.25
March 31 2019,Norfolk,VA,Passenger,2,2,4,354,358,1.12
November 30 2023,Jefferson,NY,Passenger,2,1,3,155,158,1.90
June 30 2021,Dallas,IA,Passenger,0,1,1,9,10,10.00
April 30 2019,Cowlitz,WA,Truck,0,0,0,28850,28850,0.00
December 31 2020,Richland,SC,Passenger,0,1,1,141,142,0.70
March 31 2019,Ramsey,MN,Passenger,1,0,1,44,45,2.22
April 30 2021,Hudson,NJ,Passenger,1,0,1,45,46,2.17
January 31 2022,Kern,CA,Passenger,0,1,1,198,199,0.50
December 31 2022,Maricopa,AZ,Passenger,7,4,11,808,819,1.34
September 30 2023,Contra Costa,CA,Passenger,0,2,2,166,168,1.19
August 31 2021,Geary,KS,Passenger,1,0,1,97,98,1.02
November 30 2021,Erie,NY,Passenger,1,0,1,33,34,2.94
September 30 2020,Henrico,VA,Passenger,0,1,1,17,18,5.56
May 31 2017,Spokane,WA,Passenger,245,211,456,296362,296818,0.15
May 31 2022,Grays Harbor,WA,Truck,0,0,0,21299,21299,0.00
November 30 2023,Island,WA,Truck,38,0,38,20306,20344,0.19
January 31 2021,Vigo,IN,Passenger,1,0,1,6,7,14.29
October 31 2020,Travis,TX,Passenger,3,1,4,174,178,2.25
November 30 2018,Anne Arundel,MD,Passenger,0,1,1,453,454,0.22
October 31 2023,Clallam,WA,Passenger,629,308,937,48264,49201,1.90
August 31 2021,New London,CT,Passenger,1,3,4,215,219,1.83
February 28 2021,Saginaw,MI,Passenger,2,0,2,11,13,15.38
October 31 2022,Stafford,VA,Passenger,2,1,3,86,89,3.37
March 31 2017,Santa Fe,NM,Passenger,0,1,1,46,47,2.13
May 31 2023,Hennepin,MN,Passenger,1,0,1,37,38,2.63
July 31 2023,Snohomish,WA,Truck,188,0,188,120861,121049,0.16
April 30 2019,Volusia,FL,Passenger,0,1,1,39,40,2.50
November 30 2022,Jefferson,WA,Passenger,475,229,704,24377,25081,2.81
April 30 2020,Clark,WA,Truck,0,0,0,81824,81824,0.00
August 31 2023,King,WA,Truck,831,2,833,173612,174445,0.48
October 31 2021,Jefferson,NY,Passenger,1,1,2,211,213,0.94
August 31 2017,Fulton,GA,Passenger,1,0,1,108,109,0.92
November 30 2020,Montgomery,TX,Passenger,1,0,1,52,53,1.89
April 30 2021,Okaloosa,FL,Passenger,0,1,1,134,135,0.74
April 30 2021,Montgomery,TX,Passenger,1,1,2,51,53,3.77
October 31 2023,Benton,OR,Passenger,1,0,1,26,27,3.70
April 30 2019,Thurston,WA,Passenger,821,613,1434,196716,198150,0.72
August 31 2017,Chelan,WA,Truck,0,0,0,21365,21365,0.00
December 31 2021,Clallam,WA,Passenger,383,239,622,50375,50997,1.22
May 31 2022,Bexar,TX,Passenger,4,3,7,463,470,1.49
March 31 2022,Adams,WA,Truck,0,0,0,5488,5488,0.00
November 30 2018,Arlington,VA,Passenger,1,1,2,170,172,1.16
April 30 2019,DeKalb,GA,Passenger,1,0,1,83,84,1.19
February 28 2021,El Dorado,CA,Passenger,1,0,1,35,36,2.78
August 31 2023,Pulaski,AR,Passenger,2,0,2,16,18,11.11
April 30 2021,Gwinnett,GA,Passenger,1,0,1,68,69,1.45
November 30 2021,Eagle,CO,Passenger,1,0,1,10,11,9.09
January 31 2018,Cowlitz,WA,Passenger,54,69,123,70971,71094,0.17
November 30 2021,Los Angeles,CA,Passenger,9,7,16,869,885,1.81
November 30 2018,Kitsap,WA,Truck,1,0,1,53649,53650,0.00
November 30 2019,Placer,CA,Passenger,1,0,1,102,103,0.97
July 31 2021,Spokane,WA,Truck,0,0,0,102286,102286,0.00
February 28 2017,Prince William,VA,Passenger,0,3,3,279,282,1.06
April 30 2017,Harnett,NC,Passenger,1,0,1,263,264,0.38
June 30 2022,Harrison,MS,Passenger,1,0,1,46,47,2.13
February 28 2019,Nueces,TX,Passenger,1,1,2,90,92,2.17
October 31 2023,Williamsburg,VA,Passenger,0,1,1,5,6,16.67
December 31 2022,Lane,OR,Passenger,0,2,2,85,87,2.30
October 31 2017,Kent,MI,Passenger,0,1,1,34,35,2.86
July 31 2020,Nassau,FL,Passenger,1,0,1,36,37,2.70
October 31 2021,Meade,KY,Passenger,1,0,1,23,24,4.17
November 30 2017,Carroll,NH,Passenger,0,1,1,1,2,50.00
December 31 2021,Pierce,WA,Truck,0,0,0,144738,144738,0.00
October 31 2018,Fulton,GA,Passenger,1,2,3,106,109,2.75
November 30 2023,Riverside,CA,Passenger,4,0,4,302,306,1.31
April 30 2022,Chelan,WA,Truck,0,0,0,23063,23063,0.00
April 30 2020,Grays Harbor,WA,Passenger,106,110,216,48066,48282,0.45
May 31 2021,Pierce,WA,Truck,0,0,0,145841,145841,0.00
September 30 2017,Shelby,TN,Passenger,0,1,1,110,111,0.90
August 31 2022,Fort Bend,TX,Passenger,1,0,1,24,25,4.00
February 28 2023,Lane,OR,Passenger,0,2,2,83,85,2.35
September 30 2021,Williamsburg,VA,Passenger,0,1,1,6,7,14.29
November 30 2021,Carroll,NH,Passenger,0,1,1,5,6,16.67
March 31 2022,Dorchester,SC,Passenger,1,0,1,63,64,1.56
December 31 2019,Collier,FL,Passenger,1,0,1,17,18,5.56
June 30 2021,Ferry,WA,Passenger,9,3,12,4373,4385,0.27
May 31 2020,Asotin,WA,Passenger,16,12,28,12336,12364,0.23
May 31 2019,Okanogan,WA,Passenger,21,23,44,26070,26114,0.17
April 30 2020,Spartanburg,SC,Passenger,0,1,1,51,52,1.92
August 31 2020,Twin Falls,ID,Passenger,0,1,1,24,25,4.00
January 31 2019,Nueces,TX,Passenger,1,1,2,90,92,2.17
July 31 2021,Deschutes,OR,Passenger,1,0,1,116,117,0.85
October 31 2023,Santa Clara,CA,Passenger,9,2,11,139,150,7.33
January 31 2019,San Juan,PR,Passenger,0,1,1,5,6,16.67
January 31 2022,Carroll,NH,Passenger,0,1,1,5,6,16.67
April 30 2020,Owyhee,ID,Passenger,1,0,1,3,4,25.00
June 30 2018,Franklin,MA,Passenger,0,1,1,1,2,50.00
December 31 2021,Wahkiakum,WA,Truck,0,0,0,1823,1823,0.00
February 28 2022,Grays Harbor,WA,Truck,0,0,0,21336,21336,0.00
March 31 2020,Multnomah,OR,Passenger,4,7,11,745,756,1.46
May 31 2019,Cowlitz,WA,Truck,0,0,0,28842,28842,0.00
April 30 2023,Kitsap,WA,Truck,64,0,64,52510,52574,0.12
February 28 2019,Calvert,MD,Passenger,0,1,1,85,86,1.16
August 31 2020,Clackamas,OR,Passenger,2,0,2,185,187,1.07
January 31 2023,Anne Arundel,MD,Passenger,4,3,7,311,318,2.20
June 30 2020,Rogers,OK,Passenger,1,0,1,6,7,14.29
January 31 2019,Douglas,WA,Truck,0,0,0,12170,12170,0.00
February 29 2020,Island,WA,Truck,1,0,1,21321,21322,0.00
September 30 2021,Greene,MO,Passenger,0,1,1,32,33,3.03
October 31 2020,Okaloosa,FL,Passenger,0,1,1,145,146,0.68
December 31 2020,Plaquemines,LA,Passenger,0,1,1,13,14,7.14
August 31 2020,Santa Clara,CA,Passenger,8,2,10,287,297,3.37
March 31 2021,Morris,NJ,Passenger,1,0,1,16,17,5.88
February 28 2023,Lincoln,OR,Passenger,0,1,1,13,14,7.14
August 31 2022,DuPage,IL,Passenger,0,1,1,46,47,2.13
April 30 2017,Manassas,VA,Passenger,0,1,1,10,11,9.09
April 30 2021,San Juan,WA,Truck,0,0,0,5907,5907,0.00
February 28 2018,Broward,FL,Passenger,0,1,1,140,141,0.71
December 31 2022,Lake,IL,Passenger,1,0,1,128,129,0.78
January 31 2021,Solano,CA,Passenger,1,0,1,200,201,0.50
December 31 2019,Jefferson,NY,Passenger,0,2,2,216,218,0.92
September 30 2021,Geary,KS,Passenger,1,0,1,99,100,1.00
July 31 2022,Goochland,VA,Passenger,3,2,5,117,122,4.10
January 31 2023,Santa Cruz,CA,Passenger,1,0,1,19,20,5.00
July 31 2020,Washington,OR,Passenger,1,0,1,438,439,0.23
June 30 2021,El Paso,TX,Passenger,3,0,3,393,396,0.76
March 31 2019,Bexar,TX,Passenger,3,4,7,688,695,1.01
November 30 2021,Geary,KS,Passenger,1,0,1,97,98,1.02
October 31 2021,Missoula,MT,Passenger,1,0,1,54,55,1.82
November 30 2021,Pierce,WA,Passenger,4129,2106,6235,556997,563232,1.11
December 31 2021,Kitsap,WA,Truck,0,0,0,54167,54167,0.00
July 31 2022,Jefferson,WA,Passenger,442,219,661,24533,25194,2.62
January 31 2020,San Juan,WA,Passenger,265,83,348,14397,14745,2.36
November 30 2018,Cochise,AZ,Passenger,0,1,1,117,118,0.85
February 28 2022,Tarrant,TX,Passenger,1,0,1,138,139,0.72
October 31 2023,,,Passenger,4,0,4,220,224,1.79
February 28 2021,Montgomery,PA,Passenger,1,0,1,25,26,3.85
February 28 2023,Richmond,GA,Passenger,0,1,1,63,64,1.56
October 31 2017,Marin,CA,Passenger,1,0,1,59,60,1.67
June 30 2020,Kent,MI,Passenger,0,1,1,25,26,3.85
September 30 2021,Louisa,VA,Passenger,0,1,1,1,2,50.00
February 29 2020,Travis,TX,Passenger,3,1,4,190,194,2.06
October 31 2019,Chelan,WA,Passenger,191,75,266,54649,54915,0.48
April 30 2021,Hillsborough,FL,Passenger,0,1,1,154,155,0.65
November 30 2021,Kings,CA,Passenger,2,0,2,333,335,0.60
January 31 2017,Bexar,TX,Passenger,3,3,6,1259,1265,0.47
July 31 2020,Lincoln,WA,Truck,0,0,0,4658,4658,0.00
November 30 2018,Palm Beach,FL,Passenger,0,1,1,91,92,1.09
April 30 2018,Gwinnett,GA,Passenger,0,1,1,84,85,1.18
October 31 2022,Beaufort,SC,Passenger,1,0,1,26,27,3.70
March 31 2023,Ulster,NY,Passenger,1,0,1,7,8,12.50
December 31 2022,Hamilton,OH,Truck,1,0,1,3,4,25.00
July 31 2019,Klickitat,WA,Truck,0,0,0,8254,8254,0.00
April 30 2022,Klickitat,WA,Truck,0,0,0,8276,8276,0.00
June 30 2023,Kittitas,WA,Truck,8,0,8,14568,14576,0.05
May 31 2020,Calvert,MD,Passenger,0,2,2,86,88,2.27
December 31 2019,Loudoun,VA,Passenger,1,0,1,92,93,1.08
September 30 2022,Lake,FL,Passenger,1,0,1,16,17,5.88
April 30 2021,Saginaw,MI,Passenger,2,0,2,12,14,14.29
March 31 2018,Juneau,AK,Passenger,0,1,1,42,43,2.33
November 30 2017,DeKalb,IN,Passenger,1,0,1,1,2,50.00
December 31 2018,Yakima,WA,Passenger,82,99,181,164753,164934,0.11
June 30 2020,Jefferson,WA,Passenger,236,139,375,24792,25167,1.49
July 31 2018,King,WA,Truck,7,1,8,182958,182966,0.00
July 31 2020,Orange,CA,Passenger,7,2,9,508,517,1.74
September 30 2022,Portsmouth,VA,Passenger,0,1,1,82,83,1.20
August 31 2022,Skamania,WA,Passenger,82,50,132,8139,8271,1.60
April 30 2023,El Paso,CO,Passenger,3,2,5,505,510,0.98
September 30 2018,Ferry,WA,Truck,0,0,0,3559,3559,0.00
May 31 2020,Montgomery,TX,Passenger,1,0,1,57,58,1.72
May 31 2022,Lane,OR,Passenger,0,2,2,99,101,1.98
December 31 2022,Montgomery,PA,Passenger,1,0,1,19,20,5.00
September 30 2021,Orange,NC,Passenger,0,1,1,11,12,8.33
January 31 2023,Hardin,KY,Passenger,1,0,1,56,57,1.75
July 31 2019,Carson City,NV,Passenger,1,0,1,11,12,8.33
July 31 2020,Lee,FL,Passenger,1,0,1,51,52,1.92
January 31 2020,King,WA,Truck,6,1,7,182636,182643,0.00
November 30 2021,Walla Walla,WA,Truck,0,0,0,14078,14078,0.00
August 31 2017,Yakima,WA,Truck,0,0,0,57641,57641,0.00
May 31 2019,Clallam,WA,Truck,0,0,0,21743,21743,0.00
October 31 2019,Volusia,FL,Passenger,0,1,1,44,45,2.22
June 30 2022,San Juan,WA,Truck,1,0,1,5982,5983,0.02
April 30 2020,Lake,IL,Passenger,1,0,1,171,172,0.58
January 31 2021,Platte,MO,Passenger,1,0,1,21,22,4.55
January 31 2022,Williamsburg,VA,Passenger,0,1,1,6,7,14.29
November 30 2021,Yavapai,AZ,Passenger,0,1,1,37,38,2.63
January 31 2019,Flathead,MT,Passenger,1,0,1,62,63,1.59
June 30 2020,Bexar,TX,Passenger,3,5,8,615,623,1.28
November 30 2017,,,Passenger,3,0,3,443,446,0.67
February 28 2023,Madison,IL,Passenger,1,0,1,15,16,6.25
February 28 2023,Montgomery,PA,Passenger,1,0,1,18,19,5.26
October 31 2023,Hawaii,HI,Passenger,1,0,1,25,26,3.85
October 31 2022,Yakima,WA,Passenger,395,214,609,166334,166943,0.36
August 31 2021,Skagit,WA,Passenger,620,287,907,91695,92602,0.98
June 30 2019,Wahkiakum,WA,Passenger,2,2,4,3008,3012,0.13
May 31 2023,San Juan,WA,Passenger,613,176,789,13809,14598,5.40
December 31 2019,Harrison,MS,Passenger,1,0,1,59,60,1.67
May 31 2021,Kings,NY,Passenger,1,0,1,68,69,1.45
October 31 2018,Los Angeles,CA,Passenger,5,5,10,1150,1160,0.86
March 31 2023,Coryell,TX,Passenger,1,0,1,79,80,1.25
September 30 2021,Clallam,WA,Passenger,359,229,588,50547,51135,1.15
October 31 2023,Sacramento,CA,Passenger,4,0,4,130,134,2.99
August 31 2017,Pacific,WA,Truck,0,0,0,7514,7514,0.00
October 31 2020,Monterey,CA,Passenger,0,1,1,157,158,0.63
June 30 2021,Clackamas,OR,Passenger,2,0,2,172,174,1.15
November 30 2022,Hardin,KY,Passenger,1,0,1,59,60,1.67
September 30 2023,Currituck,NC,Passenger,1,0,1,17,18,5.56
January 31 2023,Douglas,WA,Passenger,171,57,228,28586,28814,0.79
December 31 2018,Klickitat,WA,Passenger,28,32,60,15429,15489,0.39
June 30 2023,Benton,WA,Truck,25,0,25,43148,43173,0.06
March 31 2019,Snohomish,WA,Truck,1,0,1,121906,121907,0.00
March 31 2021,Hennepin,MN,Passenger,2,0,2,80,82,2.44
January 31 2023,Pierce,WA,Truck,97,0,97,139157,139254,0.07
August 31 2017,Clallam,WA,Truck,0,0,0,21059,21059,0.00
September 30 2020,Whitman,WA,Truck,0,0,0,8501,8501,0.00
October 31 2017,Lincoln,WA,Truck,0,0,0,4489,4489,0.00
February 29 2020,Albemarle,VA,Passenger,1,0,1,26,27,3.70
July 31 2019,Mercer,NJ,Passenger,0,1,1,17,18,5.56
March 31 2020,Monroe,IL,Passenger,1,0,1,3,4,25.00
June 30 2022,Pierce,WA,Truck,6,0,6,141790,141796,0.00
September 30 2021,Snohomish,WA,Truck,1,0,1,125922,125923,0.00
November 30 2021,Clark,NV,Passenger,7,2,9,582,591,1.52
August 31 2022,Kitsap,WA,Passenger,2520,1091,3611,177753,181364,1.99
June 30 2018,New Haven,CT,Passenger,0,1,1,49,50,2.00
November 30 2017,Yakima,WA,Truck,0,0,0,57915,57915,0.00
May 31 2022,Kings,CA,Passenger,2,1,3,310,313,0.96
August 31 2021,San Juan,WA,Truck,0,0,0,5974,5974,0.00
February 28 2023,Harnett,NC,Passenger,2,0,2,138,140,1.43
September 30 2017,Nassau,NY,Passenger,1,1,2,41,43,4.65
February 28 2019,Kalamazoo,MI,Passenger,1,0,1,15,16,6.25
January 31 2019,Kittitas,WA,Passenger,69,36,105,29466,29571,0.36
July 31 2017,Clark,WA,Passenger,795,517,1312,299951,301263,0.44
November 30 2022,Stevens,WA,Passenger,87,56,143,30032,30175,0.47
July 31 2019,Jefferson,WA,Passenger,202,118,320,25060,25380,1.26
March 31 2022,El Paso,CO,Passenger,3,1,4,641,645,0.62
October 31 2020,Harford,MD,Passenger,0,1,1,62,63,1.59
December 31 2021,Houston,GA,Passenger,1,0,1,42,43,2.33
September 30 2020,Skamania,WA,Truck,0,0,0,4004,4004,0.00
December 31 2017,Clallam,WA,Passenger,99,91,190,49055,49245,0.39
May 31 2022,Whitman,WA,Passenger,84,58,142,22008,22150,0.64
December 31 2017,Pacific,WA,Passenger,15,13,28,15400,15428,0.18
December 31 2020,Fresno,CA,Passenger,1,0,1,183,184,0.54
March 31 2021,Philadelphia,PA,Passenger,1,0,1,59,60,1.67
June 30 2021,Anchorage,AK,Passenger,1,0,1,142,143,0.70
January 31 2020,Clay,FL,Passenger,0,1,1,86,87,1.15
May 31 2023,Pulaski,AR,Passenger,3,0,3,22,25,12.00
November 30 2020,Salt Lake,UT,Passenger,0,1,1,179,180,0.56
June 30 2023,Lincoln,OR,Passenger,0,1,1,12,13,7.69
October 31 2021,Albemarle,VA,Passenger,1,0,1,21,22,4.55
May 31 2021,Allen,IN,Passenger,1,0,1,18,19,5.26
February 28 2022,Pima,AZ,Passenger,1,1,2,262,264,0.76
June 30 2022,Prince George's,MD,Passenger,3,1,4,126,130,3.08
May 31 2021,Jefferson,WA,Truck,0,0,0,9615,9615,0.00
March 31 2019,Tulsa,OK,Passenger,1,1,2,50,52,3.85
May 31 2018,Sumter,FL,Passenger,0,1,1,9,10,10.00
May 31 2017,Pierce,WA,Passenger,933,823,1756,525165,526921,0.33
June 30 2019,Cowlitz,WA,Passenger,98,108,206,73009,73215,0.28
May 31 2022,Skamania,WA,Passenger,70,45,115,8195,8310,1.38
September 30 2019,Grant,WA,Truck,0,0,0,26788,26788,0.00
April 30 2021,Franklin,WA,Truck,0,0,0,20681,20681,0.00
November 30 2022,Wahkiakum,WA,Truck,1,0,1,1802,1803,0.06
November 30 2019,Jefferson,NY,Passenger,0,2,2,212,214,0.93
January 31 2022,Sarpy,NE,Passenger,1,0,1,64,65,1.54
July 31 2023,Mercer,NJ,Passenger,0,1,1,10,11,9.09
March 31 2018,Klickitat,WA,Truck,0,0,0,8041,8041,0.00
May 31 2018,Walla Walla,WA,Passenger,34,42,76,35568,35644,0.21
May 31 2023,Kern,CA,Passenger,1,1,2,175,177,1.13
October 31 2023,Bell,TX,Passenger,1,0,1,221,222,0.45
May 31 2018,Lane,OR,Passenger,0,1,1,191,192,0.52
May 31 2023,Arlington,VA,Passenger,1,0,1,109,110,0.91
October 31 2022,Ulster,NY,Passenger,1,0,1,8,9,11.11
July 31 2023,Las Animas,CO,Passenger,1,0,1,0,1,100.00
April 30 2022,Pierce,WA,Passenger,4834,2259,7093,548519,555612,1.28
February 28 2023,Chesapeake,VA,Passenger,3,2,5,298,303,1.65
February 28 2022,Snohomish,WA,Truck,3,0,3,125119,125122,0.00
May 31 2018,Columbia,WA,Passenger,2,1,3,2412,2415,0.12
February 28 2018,San Juan,WA,Truck,0,0,0,5638,5638,0.00
December 31 2019,Clackamas,OR,Passenger,2,1,3,210,213,1.41
June 30 2018,Fulton,GA,Passenger,1,1,2,99,101,1.98
June 30 2017,Okaloosa,FL,Passenger,1,0,1,185,186,0.54
December 31 2021,Stafford,VA,Passenger,2,1,3,96,99,3.03
September 30 2018,Monroe,IL,Passenger,1,0,1,4,5,20.00
March 31 2017,Anne Arundel,MD,Passenger,0,1,1,504,505,0.20
October 31 2017,,,Passenger,3,0,3,441,444,0.68
September 30 2017,Pacific,WA,Passenger,12,9,21,15258,15279,0.14
September 30 2019,Virginia Beach,VA,Passenger,1,0,1,705,706,0.14
August 31 2019,Pima,AZ,Passenger,1,1,2,405,407,0.49
September 30 2018,Kittitas,WA,Truck,0,0,0,14105,14105,0.00
June 30 2017,Volusia,FL,Passenger,0,1,1,49,50,2.00
January 31 2022,Onslow,NC,Passenger,0,1,1,175,176,0.57
May 31 2022,Wichita,TX,Passenger,1,0,1,40,41,2.44
November 30 2023,Charlottesville,VA,Passenger,0,1,1,3,4,25.00
June 30 2021,Grays Harbor,WA,Passenger,168,144,312,49440,49752,0.63
September 30 2023,Pierce,WA,Passenger,8530,2967,11497,522648,534145,2.15
March 31 2023,Adams,WA,Truck,2,0,2,5356,5358,0.04
March 31 2022,Garfield,WA,Truck,0,0,0,998,998,0.00
June 30 2020,Okanogan,WA,Truck,0,0,0,16443,16443,0.00
August 31 2018,Clackamas,OR,Passenger,0,1,1,217,218,0.46
December 31 2021,Hamilton,IN,Passenger,2,0,2,27,29,6.90
October 31 2019,Sangamon,IL,Passenger,1,0,1,5,6,16.67
September 30 2019,El Paso,TX,Passenger,3,0,3,479,482,0.62
November 30 2019,Travis,TX,Passenger,3,1,4,204,208,1.92
September 30 2021,Chesapeake,VA,Passenger,1,2,3,388,391,0.77
October 31 2019,Okanogan,WA,Passenger,24,28,52,26249,26301,0.20
August 31 2019,Lewis,WA,Truck,0,0,0,25981,25981,0.00
June 30 2019,Asotin,WA,Passenger,12,8,20,12639,12659,0.16
January 31 2019,Walla Walla,WA,Passenger,42,54,96,36136,36232,0.26
February 28 2017,Hidalgo,TX,Passenger,0,1,1,97,98,1.02
March 31 2023,Santa Cruz,CA,Passenger,1,0,1,19,20,5.00
February 29 2020,Cascade,MT,Passenger,0,1,1,58,59,1.69
October 31 2022,King,WA,Passenger,45348,11915,57263,1342197,1399460,4.09
January 31 2023,Kittitas,WA,Truck,5,0,5,14558,14563,0.03
May 31 2021,Clark,WA,Truck,0,0,0,84172,84172,0.00
October 31 2021,Thurston,WA,Truck,0,0,0,56167,56167,0.00
January 31 2019,Pierce,WA,Passenger,1581,1423,3004,539691,542695,0.55
November 30 2023,Essex,MA,Passenger,1,0,1,12,13,7.69
September 30 2022,Solano,CA,Passenger,2,0,2,161,163,1.23
November 30 2021,Washtenaw,MI,Passenger,0,1,1,30,31,3.23
March 31 2022,Sevier,AR,Passenger,0,1,1,0,1,100.00
September 30 2021,Grant,WA,Passenger,125,97,222,66860,67082,0.33
January 31 2018,Montgomery,TN,Passenger,1,0,1,276,277,0.36
March 31 2019,Mason,WA,Truck,0,0,0,20272,20272,0.00
June 30 2021,St. Mary's,MD,Passenger,1,0,1,209,210,0.48
November 30 2022,St. Louis,MO,Passenger,2,0,2,58,60,3.33
November 30 2017,Fulton,GA,Passenger,1,0,1,107,108,0.93
October 31 2021,Charles,MD,Passenger,1,1,2,72,74,2.70
June 30 2020,Dallas,IA,Passenger,0,1,1,10,11,9.09
November 30 2019,Douglas,WA,Truck,0,0,0,12297,12297,0.00
June 30 2020,Spokane,WA,Truck,1,0,1,98315,98316,0.00
July 31 2019,Benton,WA,Truck,0,0,0,42073,42073,0.00
August 31 2018,Prince George's,MD,Passenger,1,1,2,182,184,1.09
July 31 2020,El Paso,CO,Passenger,2,1,3,725,728,0.41
March 31 2023,Moore,NC,Passenger,0,1,1,106,107,0.93
March 31 2023,Dallas,TX,Passenger,1,0,1,85,86,1.16
September 30 2019,Montgomery,PA,Passenger,2,0,2,36,38,5.26
April 30 2022,Broward,FL,Passenger,2,0,2,92,94,2.13
April 30 2021,Sumter,SC,Passenger,0,1,1,35,36,2.78
July 31 2021,El Paso,CO,Passenger,3,1,4,683,687,0.58
September 30 2017,Clallam,WA,Passenger,95,83,178,48607,48785,0.36
October 31 2021,Island,WA,Truck,0,0,0,21547,21547,0.00
June 30 2017,Montgomery,MD,Passenger,1,0,1,310,311,0.32
January 31 2017,Virginia Beach,VA,Passenger,2,1,3,657,660,0.45
October 31 2017,Columbia,WA,Truck,0,0,0,1542,1542,0.00
January 31 2017,Clallam,WA,Truck,0,0,0,21041,21041,0.00
August 31 2017,Franklin,OH,Passenger,0,1,1,115,116,0.86
November 30 2022,Santa Cruz,CA,Passenger,1,0,1,24,25,4.00
November 30 2020,Washtenaw,MI,Passenger,1,1,2,32,34,5.88
October 31 2021,Wichita,TX,Passenger,1,0,1,44,45,2.22
February 28 2021,Mercer,NJ,Passenger,0,1,1,12,13,7.69
July 31 2022,Randolph,NC,Passenger,1,0,1,6,7,14.29
November 30 2017,Clark,WA,Truck,0,0,0,78243,78243,0.00
December 31 2018,Okanogan,WA,Passenger,16,22,38,26068,26106,0.15
November 30 2020,Sacramento,CA,Passenger,2,0,2,258,260,0.77
September 30 2018,New Haven,CT,Passenger,0,1,1,47,48,2.08
October 31 2018,Marion,IN,Passenger,1,0,1,121,122,0.82
August 31 2019,Cascade,MT,Passenger,0,1,1,63,64,1.56
January 31 2018,Carroll,NH,Passenger,0,1,1,1,2,50.00
July 31 2019,Randolph,NC,Passenger,1,0,1,6,7,14.29
June 30 2021,Lewis,WA,Passenger,163,139,302,59670,59972,0.50
May 31 2023,Bexar,TX,Passenger,3,3,6,364,370,1.62
March 31 2017,Portsmouth,VA,Passenger,0,1,1,66,67,1.49
September 30 2023,Jefferson,WA,Truck,12,0,12,9206,9218,0.13
October 31 2017,Garfield,WA,Truck,0,0,0,942,942,0.00
June 30 2021,New London,CT,Passenger,1,2,3,221,224,1.34
October 31 2019,Thurston,WA,Truck,0,0,0,55643,55643,0.00
December 31 2017,Walla Walla,WA,Passenger,29,32,61,35285,35346,0.17
February 28 2022,Jefferson,NY,Passenger,1,1,2,207,209,0.96
August 31 2017,Manatee,FL,Passenger,1,0,1,42,43,2.33
March 31 2021,Saginaw,MI,Passenger,2,0,2,12,14,14.29
November 30 2018,Santa Fe,NM,Passenger,0,1,1,45,46,2.17
June 30 2021,Bucks,PA,Passenger,1,0,1,18,19,5.26
December 31 2021,Kauai,HI,Passenger,1,0,1,19,20,5.00
March 31 2019,Flathead,MT,Passenger,1,0,1,64,65,1.54
March 31 2022,Juneau,AK,Passenger,0,1,1,29,30,3.33
July 31 2021,Oldham,KY,Passenger,0,1,1,4,5,20.00
June 30 2019,DeKalb,IN,Passenger,1,0,1,1,2,50.00
July 31 2020,Grays Harbor,WA,Truck,0,0,0,20977,20977,0.00
May 31 2018,Pierce,WA,Passenger,1185,1125,2310,530425,532735,0.43
January 31 2019,El Paso,TX,Passenger,2,0,2,505,507,0.39
February 28 2018,Pacific,WA,Passenger,15,17,32,15459,15491,0.21
August 31 2017,Jefferson,NY,Passenger,1,0,1,245,246,0.41
January 31 2022,Washtenaw,MI,Passenger,0,1,1,29,30,3.33
June 30 2023,Placer,CA,Passenger,1,0,1,58,59,1.69
July 31 2018,Thurston,WA,Passenger,577,497,1074,193717,194791,0.55
January 31 2017,Okanogan,WA,Passenger,3,15,18,25812,25830,0.07
March 31 2022,Goochland,VA,Passenger,4,2,6,159,165,3.64
August 31 2019,Stafford,VA,Passenger,1,1,2,98,100,2.00
June 30 2022,Montgomery,AL,Passenger,0,1,1,37,38,2.63
September 30 2020,Polk,FL,Passenger,1,0,1,65,66,1.52
November 30 2022,Virginia Beach,VA,Passenger,3,1,4,482,486,0.82
June 30 2021,Bexar,TX,Passenger,3,4,7,548,555,1.26
September 30 2020,Mason,WA,Truck,0,0,0,20798,20798,0.00
November 30 2019,Kootenai,ID,Passenger,1,1,2,227,229,0.87
May 31 2018,Ferry,WA,Passenger,2,3,5,4416,4421,0.11
May 31 2022,Sonoma,CA,Passenger,0,1,1,81,82,1.22
July 31 2022,Contra Costa,CA,Passenger,0,4,4,233,237,1.69
March 31 2019,Bucks,PA,Passenger,1,0,1,19,20,5.00
April 30 2019,Charleston,SC,Passenger,1,0,1,123,124,0.81
March 31 2020,Tulsa,OK,Passenger,1,1,2,47,49,4.08
September 30 2021,Montgomery,TX,Passenger,1,1,2,44,46,4.35
May 31 2018,Kittitas,WA,Truck,0,0,0,14026,14026,0.00
September 30 2021,Walla Walla,WA,Passenger,128,81,209,36436,36645,0.57
March 31 2021,District of Columbia,DC,Passenger,3,1,4,197,201,1.99
January 31 2017,Lincoln,WA,Truck,0,0,0,4461,4461,0.00
June 30 2017,Prince William,VA,Passenger,0,3,3,272,275,1.09
February 28 2017,Clackamas,OR,Passenger,1,2,3,360,363,0.83
June 30 2022,Albemarle,VA,Passenger,2,0,2,18,20,10.00
May 31 2017,Nantucket,MA,Passenger,1,0,1,3,4,25.00
October 31 2019,Placer,CA,Passenger,1,0,1,101,102,0.98
May 31 2020,Goochland,VA,Passenger,2,1,3,264,267,1.12
April 30 2020,,,Passenger,5,1,6,380,386,1.55
August 31 2018,Chelan,WA,Passenger,114,55,169,53723,53892,0.31
February 28 2018,Clallam,WA,Passenger,109,101,210,49357,49567,0.42
April 30 2023,Klickitat,WA,Truck,8,0,8,8270,8278,0.10
November 30 2021,Douglas,WA,Passenger,106,53,159,28603,28762,0.55
July 31 2023,Salt Lake,UT,Passenger,1,1,2,92,94,2.13
May 31 2018,Wahkiakum,WA,Passenger,1,2,3,2901,2904,0.10
February 28 2023,Rockingham,NH,Passenger,1,0,1,13,14,7.14
October 31 2018,Dallas,TX,Passenger,0,1,1,204,205,0.49
August 31 2020,Lincoln,WA,Passenger,5,11,16,7625,7641,0.21
March 31 2021,Franklin,WA,Truck,0,0,0,20606,20606,0.00
September 30 2019,Pierce,WA,Passenger,1966,1601,3567,545309,548876,0.65
April 30 2021,Douglas,CO,Passenger,0,1,1,81,82,1.22
August 31 2020,Hennepin,MN,Passenger,3,0,3,89,92,3.26
July 31 2022,San Mateo,CA,Passenger,2,0,2,83,85,2.35
December 31 2019,Dallas,TX,Passenger,1,0,1,212,213,0.47
November 30 2020,Suffolk,MA,Passenger,0,2,2,35,37,5.41
December 31 2020,Cascade,MT,Passenger,0,1,1,58,59,1.69
May 31 2020,Maui,HI,Passenger,2,0,2,34,36,5.56
July 31 2023,Randolph,NC,Passenger,1,0,1,3,4,25.00
December 31 2017,Portsmouth,VA,Passenger,0,1,1,66,67,1.49
June 30 2018,Columbia,WA,Passenger,2,2,4,2424,2428,0.16
April 30 2020,Contra Costa,CA,Passenger,3,2,5,320,325,1.54
September 30 2023,Clark,WA,Truck,118,0,118,80333,80451,0.15
October 31 2018,Prince George,VA,Passenger,0,1,1,79,80,1.25
March 31 2020,Carroll,NH,Passenger,0,1,1,4,5,20.00
July 31 2022,DuPage,IL,Passenger,0,1,1,48,49,2.04
August 31 2021,Wilson,NC,Passenger,1,0,1,0,1,100.00
January 31 2021,Ramsey,MN,Passenger,1,0,1,36,37,2.70
January 31 2023,Bexar,TX,Passenger,4,3,7,399,406,1.72
January 31 2023,Clallam,WA,Passenger,499,267,766,49353,50119,1.53
August 31 2018,Lewis,WA,Passenger,83,62,145,57865,58010,0.25
September 30 2019,Stafford,VA,Passenger,1,1,2,96,98,2.04
December 31 2019,Montgomery,AL,Passenger,0,1,1,38,39,2.56
May 31 2022,Adams,WA,Passenger,16,10,26,12947,12973,0.20
April 30 2023,Clallam,WA,Passenger,519,279,798,49101,49899,1.60
August 31 2018,Kittitas,WA,Truck,0,0,0,14114,14114,0.00
March 31 2019,Douglas,WA,Passenger,53,34,87,27887,27974,0.31
October 31 2020,Whitman,WA,Passenger,50,46,96,21971,22067,0.44
February 28 2021,Calvert,MD,Passenger,0,2,2,83,85,2.35
June 30 2022,Montgomery,TX,Passenger,1,0,1,38,39,2.56
March 31 2018,Manatee,FL,Passenger,1,0,1,38,39,2.56
March 31 2022,Charleston,SC,Passenger,2,1,3,70,73,4.11
February 28 2018,Sumter,FL,Passenger,0,1,1,10,11,9.09
May 31 2019,King,WA,Passenger,18613,6948,25561,1387088,1412649,1.81
May 31 2021,Pierce,WA,Passenger,3381,1940,5321,559731,565052,0.94
January 31 2019,Pend Oreille,WA,Passenger,5,5,10,9536,9546,0.10
June 30 2021,Chelan,WA,Passenger,336,99,435,54739,55174,0.79
January 31 2021,Washington,OR,Passenger,1,0,1,409,410,0.24
April 30 2022,Clark,WA,Truck,3,0,3,83204,83207,0.00
February 28 2017,Montgomery,TN,Passenger,1,0,1,297,298,0.34
December 31 2018,Charleston,SC,Passenger,1,0,1,127,128,0.78
April 30 2021,Nassau,FL,Passenger,1,0,1,33,34,2.94
February 28 2023,Currituck,NC,Passenger,1,0,1,17,18,5.56
October 31 2022,Santa Cruz,CA,Passenger,1,0,1,25,26,3.85
September 30 2018,Camden,NJ,Passenger,0,1,1,27,28,3.57
June 30 2022,Greene,MO,Passenger,0,1,1,26,27,3.70
August 31 2023,New Haven,CT,Passenger,0,2,2,24,26,7.69
August 31 2020,Dallas,IA,Passenger,0,1,1,10,11,9.09
August 31 2019,Eagle,CO,Passenger,1,0,1,6,7,14.29
November 30 2023,Ulster,NY,Passenger,1,0,1,5,6,16.67
September 30 2020,Adams,WA,Truck,0,0,0,5309,5309,0.00
April 30 2019,District of Columbia,DC,Passenger,1,1,2,204,206,0.97
August 31 2022,Whitman,WA,Truck,2,0,2,8565,8567,0.02
September 30 2021,Portsmouth,VA,Passenger,0,1,1,85,86,1.16
May 31 2017,Virginia Beach,VA,Passenger,2,1,3,654,657,0.46
June 30 2022,Columbia,WA,Truck,0,0,0,1578,1578,0.00
June 30 2019,Saginaw,MI,Passenger,1,0,1,12,13,7.69
May 31 2019,Lee,AL,Passenger,1,0,1,35,36,2.78
December 31 2021,Grays Harbor,WA,Truck,0,0,0,21385,21385,0.00
January 31 2019,Mason,WA,Passenger,108,115,223,46649,46872,0.48
January 31 2018,Pierce,WA,Passenger,1095,996,2091,527373,529464,0.39
July 31 2018,Ferry,WA,Truck,0,0,0,3536,3536,0.00
April 30 2021,Island,WA,Truck,0,0,0,21538,21538,0.00
May 31 2018,Pend Oreille,WA,Truck,0,0,0,5669,5669,0.00
March 31 2019,Pierce,WA,Truck,0,0,0,138991,138991,0.00
November 30 2018,Skagit,WA,Passenger,249,184,433,91186,91619,0.47
March 31 2020,Clark,NV,Passenger,4,2,6,693,699,0.86
February 28 2019,Tarrant,TX,Passenger,1,0,1,211,212,0.47
June 30 2023,Monterey,CA,Passenger,1,1,2,105,107,1.87
October 31 2018,Larimer,CO,Passenger,1,0,1,60,61,1.64
October 31 2020,Randolph,NC,Passenger,1,0,1,8,9,11.11
August 31 2023,Asotin,WA,Truck,0,0,0,6613,6613,0.00
September 30 2022,Denton,TX,Passenger,1,0,1,61,62,1.61
February 28 2023,Leavenworth,KS,Passenger,0,1,1,94,95,1.05
June 30 2021,San Joaquin,CA,Passenger,1,0,1,111,112,0.89
February 28 2019,Spokane,WA,Passenger,480,386,866,307205,308071,0.28
March 31 2022,Whitman,WA,Truck,0,0,0,8592,8592,0.00
July 31 2017,Spokane,WA,Truck,1,0,1,90741,90742,0.00
February 28 2021,Kittitas,WA,Truck,0,0,0,14693,14693,0.00
November 30 2020,Cowlitz,WA,Passenger,170,124,294,72005,72299,0.41
February 28 2023,Sedgwick,KS,Passenger,1,1,2,66,68,2.94
June 30 2017,Deschutes,OR,Passenger,1,0,1,198,199,0.50
October 31 2020,Fort Bend,TX,Passenger,1,0,1,42,43,2.33
June 30 2023,Meade,KY,Passenger,1,0,1,15,16,6.25
December 31 2019,Jefferson,CO,Passenger,0,2,2,60,62,3.23
November 30 2022,Denton,TX,Passenger,1,0,1,56,57,1.75
March 31 2020,Montgomery,OH,Passenger,0,1,1,47,48,2.08
May 31 2020,Adams,WA,Passenger,8,7,15,12715,12730,0.12
December 31 2021,Sacramento,CA,Passenger,2,0,2,228,230,0.87
November 30 2020,Tulsa,OK,Passenger,1,1,2,41,43,4.65
July 31 2022,Kittitas,WA,Truck,1,0,1,14614,14615,0.01
April 30 2021,St. Mary's,MD,Passenger,1,0,1,215,216,0.46
May 31 2022,Portsmouth,VA,Passenger,0,1,1,83,84,1.19
November 30 2019,King,WA,Passenger,21596,7456,29052,1395291,1424343,2.04
August 31 2017,Pierce,WA,Passenger,999,866,1865,524870,526735,0.35
May 31 2017,Whitman,WA,Passenger,10,20,30,21986,22016,0.14
March 31 2021,Jefferson,WA,Passenger,302,174,476,24819,25295,1.88
December 31 2020,Skagit,WA,Truck,1,0,1,32777,32778,0.00
July 31 2019,Tarrant,TX,Passenger,2,0,2,207,209,0.96
January 31 2023,Beaufort,SC,Passenger,1,0,1,25,26,3.85
May 31 2023,Collier,FL,Passenger,1,0,1,13,14,7.14
May 31 2021,Pend Oreille,WA,Passenger,14,6,20,9273,9293,0.22
January 31 2022,Marin,CA,Passenger,0,1,1,35,36,2.78
August 31 2023,Riverside,CA,Passenger,5,0,5,334,339,1.47
March 31 2022,Columbia,WA,Truck,0,0,0,1588,1588,0.00
October 31 2023,Wahkiakum,WA,Truck,4,0,4,1735,1739,0.23
July 31 2021,Penobscot,ME,Passenger,0,1,1,9,10,10.00
July 31 2022,Wilson,TX,Passenger,0,1,1,3,4,25.00
May 31 2020,Okanogan,WA,Passenger,34,33,67,25877,25944,0.26
March 31 2018,Honolulu,HI,Passenger,2,2,4,555,559,0.72
May 31 2021,Harris,TX,Passenger,1,1,2,208,210,0.95
July 31 2023,Essex,MA,Passenger,1,0,1,11,12,8.33
January 31 2020,Tulsa,OK,Passenger,1,1,2,50,52,3.85
June 30 2018,Grant,WA,Truck,0,0,0,25921,25921,0.00
April 30 2018,Okanogan,WA,Passenger,8,19,27,25818,25845,0.10
January 31 2021,Wahkiakum,WA,Passenger,7,6,13,3039,3052,0.43
April 30 2020,Wilson,TX,Passenger,0,1,1,8,9,11.11
May 31 2023,Miami-Dade,FL,Passenger,1,0,1,57,58,1.72
March 31 2023,Maricopa,AZ,Passenger,8,4,12,728,740,1.62
August 31 2023,Contra Costa,CA,Passenger,0,3,3,173,176,1.70
January 31 2019,New Haven,CT,Passenger,0,1,1,48,49,2.04
July 31 2021,Missoula,MT,Passenger,1,0,1,57,58,1.72
November 30 2021,Chelan,WA,Passenger,400,113,513,54692,55205,0.93
November 30 2022,Franklin,WA,Truck,3,0,3,20936,20939,0.01
September 30 2021,Charles,MD,Passenger,1,1,2,71,73,2.74
February 28 2023,St. Clair,IL,Passenger,2,0,2,106,108,1.85
May 31 2017,Clackamas,OR,Passenger,1,1,2,305,307,0.65
September 30 2023,Sheridan,WY,Passenger,1,0,1,3,4,25.00
May 31 2022,Eagle,CO,Passenger,1,0,1,8,9,11.11
March 31 2018,Benton,WA,Passenger,176,187,363,130780,131143,0.28
December 31 2020,Goochland,VA,Passenger,4,3,7,252,259,2.70
July 31 2022,Geary,KS,Passenger,1,0,1,84,85,1.18
June 30 2020,Thurston,WA,Truck,0,0,0,55739,55739,0.00
September 30 2019,Grays Harbor,WA,Truck,0,0,0,20636,20636,0.00
June 30 2021,Lee,FL,Passenger,1,0,1,39,40,2.50
April 30 2019,Rogers,OK,Passenger,1,0,1,5,6,16.67
November 30 2023,Columbia,WA,Truck,0,0,0,1511,1511,0.00
April 30 2021,New Haven,CT,Passenger,0,2,2,35,37,5.41
October 31 2020,Nassau,FL,Passenger,1,0,1,37,38,2.63
November 30 2023,Walla Walla,WA,Passenger,251,123,374,34277,34651,1.08
March 31 2020,Hennepin,MN,Passenger,3,1,4,95,99,4.04
March 31 2017,Thurston,WA,Truck,0,0,0,53293,53293,0.00
April 30 2018,Sumter,FL,Passenger,0,1,1,10,11,9.09
June 30 2018,Marin,CA,Passenger,1,0,1,56,57,1.75
September 30 2021,Ulster,NY,Passenger,1,0,1,12,13,7.69
July 31 2022,Rockingham,NH,Passenger,1,0,1,16,17,5.88
